%  1    time 0.000 sec
%  2    mission (0) state 2
%  3  4 Motor velocity ref left, right: 20.00 20.00
%  5  6 Motor voltage [V] left, right: 9.8 9.8
%  7 10 Motor current left, right [A]: 0.002 -0.002 673 680
% 11 12 Encoder left, right: 12084 10723
% 13 14 Wheel velocity [r/s] left, right: 0.0000 0.0000
% 15    Battery voltage [V]: 12.04
0.001 2 20.00 20.00 10.1 10.1 0.576 -0.565 809 558 12084 10723 0.0000 0.0000 11.41 
0.002 2 20.00 20.00 10.4 10.4 1.754 -1.900 998 358 12084 10723 0.0000 0.0000 11.41 
0.003 2 20.00 20.00 10.6 10.6 2.283 -2.283 1023 211 12084 10723 0.0000 0.0000 11.41 
0.004 2 20.00 20.00 10.9 9.6 2.283 -2.283 1023 191 12085 10724 0.0000 0.0028 11.41 
0.005 2 20.00 20.00 7.0 8.6 2.283 -2.283 1023 262 12086 10724 8.3992 0.0028 11.41 
0.006 2 20.00 20.00 7.2 7.3 2.283 -2.022 1023 307 12087 10725 8.3992 8.1462 9.51 
0.007 2 20.00 20.00 4.9 5.9 2.225 -1.540 1023 396 12088 10726 13.2575 11.2689 9.51 
0.008 2 20.00 20.00 4.4 5.0 2.062 -1.201 1004 416 12089 10727 14.3858 13.3888 9.51 
0.009 2 20.00 20.00 4.2 4.8 1.386 -0.971 890 407 12090 10728 15.0252 13.9409 9.51 
0.010 2 20.00 20.00 3.7 4.4 1.100 -0.824 863 436 12092 10730 16.0984 14.8601 9.51 
0.011 2 20.00 20.00 2.6 3.3 0.991 -0.685 853 458 12093 10731 18.5242 17.3368 11.94 
0.012 2 20.00 20.00 2.7 2.8 0.712 -0.386 809 502 12094 10733 18.2739 18.2739 11.94 
0.013 2 20.00 20.00 1.8 1.9 0.377 -0.192 759 579 12096 10734 20.1831 20.1831 11.94 
0.014 2 20.00 20.00 1.5 1.8 0.147 -0.080 719 636 12098 10736 20.8041 20.4889 11.94 
0.015 2 20.00 20.00 1.3 1.4 0.038 -0.047 681 665 12099 10737 21.1292 21.1292 11.94 
0.016 2 20.00 20.00 1.0 1.4 0.031 -0.033 668 684 12101 10739 21.8108 21.1292 12.04 
0.017 2 20.00 20.00 1.5 1.7 0.036 -0.029 642 686 12102 10740 20.8041 20.4889 12.04 
0.018 2 20.00 20.00 1.5 1.2 0.036 -0.036 649 679 12104 10742 20.8041 21.4646 12.04 
0.019 2 20.00 20.00 1.6 2.0 0.033 -0.029 658 683 12105 10743 20.4889 19.8863 12.04 
0.020 2 20.00 20.00 1.4 2.0 0.029 -0.033 666 678 12107 10745 20.8041 19.8863 12.04 
0.021 2 20.00 20.00 1.9 1.9 0.036 -0.038 665 676 12108 10746 19.8863 20.1831 12.06 
0.022 2 20.00 20.00 1.9 1.5 0.033 -0.038 670 674 12110 10748 19.8863 20.8041 12.06 
0.023 2 20.00 20.00 1.9 1.8 0.036 -0.036 674 680 12111 10749 19.8863 20.1831 12.06 
0.024 2 20.00 20.00 2.0 1.8 0.022 -0.038 678 677 12112 10751 19.5981 20.1831 12.06 
0.025 2 20.00 20.00 1.9 2.1 0.020 -0.038 680 677 12114 10752 19.8863 19.5981 12.06 
0.026 2 20.00 20.00 1.9 2.0 0.025 -0.038 679 668 12115 10754 19.8863 19.8863 12.04 
0.027 2 20.00 20.00 1.9 2.4 0.025 -0.038 676 671 12117 10755 19.8863 19.0460 12.04 
0.028 2 20.00 20.00 1.9 2.3 0.031 -0.042 673 670 12118 10756 19.8863 19.3181 12.04 
0.029 2 20.00 20.00 1.9 2.0 0.020 -0.042 678 662 12120 10758 19.8863 19.8863 12.04 
0.030 2 20.00 20.00 2.0 2.3 0.016 -0.042 682 669 12121 10759 19.5981 19.3181 12.04 
0.031 2 20.00 20.00 2.0 2.3 0.016 -0.042 684 662 12123 10761 19.5981 19.3181 12.04 
0.032 2 20.00 20.00 2.0 2.2 0.016 -0.042 683 661 12124 10762 19.5981 19.5981 12.04 
0.033 2 20.00 20.00 1.9 2.3 0.020 -0.042 681 659 12125 10764 19.8863 19.3181 12.04 
0.034 2 20.00 20.00 2.1 2.5 0.018 -0.040 677 663 12127 10765 19.5981 19.0460 12.04 
0.035 2 20.00 20.00 2.1 2.3 0.016 -0.042 681 654 12128 10766 19.5981 19.3181 12.04 
0.036 2 20.00 20.00 1.8 2.1 0.013 -0.045 684 651 12130 10768 20.1831 19.8863 12.04 
0.037 2 20.00 20.00 1.9 2.2 0.020 -0.042 679 663 12131 10769 19.8863 19.5981 12.04 
0.038 2 20.00 20.00 2.1 2.2 0.022 -0.040 669 662 12133 10771 19.5981 19.5981 12.04 
0.039 2 20.00 20.00 2.2 2.4 0.018 -0.042 675 657 12134 10772 19.3181 19.3181 12.04 
0.040 2 20.00 20.00 2.2 2.6 0.013 -0.042 684 655 12136 10774 19.3181 18.7815 12.04 
0.041 2 20.00 20.00 2.1 2.2 0.011 -0.047 693 657 12137 10775 19.5981 19.5981 12.04 
0.042 2 20.00 20.00 2.4 2.4 0.011 -0.047 689 659 12138 10776 19.0460 19.3181 12.04 
0.043 2 20.00 20.00 2.0 2.4 0.011 -0.045 687 658 12140 10778 19.8863 19.3181 12.04 
0.044 2 20.00 20.00 2.1 2.4 0.011 -0.042 684 658 12141 10779 19.5981 19.3181 12.04 
0.045 2 20.00 20.00 2.6 2.4 0.013 -0.042 684 656 12143 10781 18.5242 19.3181 12.04 
0.046 2 20.00 20.00 2.3 2.3 0.007 -0.047 696 653 12144 10782 19.3181 19.5981 12.04 
0.047 2 20.00 20.00 2.3 2.4 0.004 -0.047 701 651 12146 10784 19.3181 19.3181 12.04 
0.048 2 20.00 20.00 2.1 2.3 0.004 -0.045 695 657 12147 10785 19.5981 19.5981 12.04 
0.049 2 20.00 20.00 1.7 2.3 0.009 -0.042 692 668 12148 10786 20.4889 19.5981 12.04 
0.050 2 20.00 20.00 2.1 2.7 0.018 -0.045 680 663 12150 10788 19.5981 18.7815 12.04 
0.051 2 20.00 20.00 2.2 2.0 0.016 -0.047 682 656 12151 10789 19.5981 20.1831 12.04 
0.052 2 20.00 20.00 2.3 2.2 0.011 -0.045 690 659 12153 10791 19.3181 19.8863 12.04 
0.053 2 20.00 20.00 2.0 2.7 0.004 -0.042 692 659 12154 10792 19.8863 18.7815 12.04 
0.054 2 20.00 20.00 2.2 2.6 0.011 -0.042 690 651 12156 10793 19.5981 19.0460 12.04 
0.055 2 20.00 20.00 2.2 2.1 0.011 -0.051 687 649 12157 10795 19.5981 20.1831 12.04 
0.056 2 20.00 20.00 2.2 2.2 0.011 -0.047 684 659 12159 10796 19.5981 19.8863 12.04 
0.057 2 20.00 20.00 2.2 2.4 0.013 -0.042 684 666 12160 10798 19.5981 19.5981 12.04 
0.058 2 20.00 20.00 2.2 2.4 0.009 -0.045 692 657 12161 10799 19.5981 19.5981 12.04 
0.059 2 20.00 20.00 2.2 2.4 0.009 -0.045 685 656 12163 10801 19.5981 19.5981 12.04 
0.060 2 20.00 20.00 2.2 2.4 0.011 -0.042 691 660 12164 10802 19.5981 19.5981 12.04 
0.061 2 20.00 20.00 2.1 2.8 0.018 -0.042 690 657 12166 10804 19.8863 18.7815 12.04 
0.062 2 20.00 20.00 2.1 2.2 0.013 -0.047 690 652 12167 10805 19.8863 19.8863 12.04 
0.063 2 20.00 20.00 2.2 2.2 0.011 -0.049 692 658 12169 10806 19.5981 19.8863 12.04 
0.064 2 20.00 20.00 2.2 2.5 0.011 -0.047 691 658 12170 10808 19.5981 19.3181 12.04 
0.065 2 20.00 20.00 2.2 2.5 0.013 -0.045 690 657 12172 10809 19.5981 19.3181 12.04 
0.066 2 20.00 20.00 2.1 2.4 0.013 -0.047 689 656 12173 10811 19.8863 19.5981 12.04 
0.067 2 20.00 20.00 2.2 2.6 0.016 -0.045 685 651 12174 10812 19.5981 19.3181 12.04 
0.068 2 20.00 20.00 2.2 2.7 0.011 -0.049 686 644 12176 10813 19.5981 19.0460 12.04 
0.069 2 20.00 20.00 2.1 2.1 0.009 -0.056 692 648 12177 10815 19.8863 20.1831 12.04 
0.070 2 20.00 20.00 1.9 2.3 0.009 -0.047 687 656 12179 10816 20.1831 19.8863 12.04 
0.071 2 20.00 20.00 2.1 2.3 0.018 -0.042 678 656 12180 10818 19.8863 19.8863 12.04 
0.072 2 20.00 20.00 2.1 2.3 0.018 -0.045 676 666 12182 10819 19.8863 19.8863 12.04 
0.073 2 20.00 20.00 2.1 2.3 0.013 -0.042 680 660 12183 10821 19.8863 19.8863 12.04 
0.074 2 20.00 20.00 1.8 2.4 0.013 -0.045 684 658 12185 10822 20.4889 19.5981 12.04 
0.075 2 20.00 20.00 2.2 2.3 0.018 -0.045 680 651 12186 10824 19.5981 19.8863 12.04 
0.076 2 20.00 20.00 2.2 2.6 0.013 -0.045 679 661 12188 10825 19.5981 19.3181 12.04 
0.077 2 20.00 20.00 2.0 2.3 0.016 -0.047 688 661 12189 10826 20.1831 19.8863 12.04 
0.078 2 20.00 20.00 2.5 2.3 0.016 -0.042 685 659 12191 10828 19.0460 19.8863 12.04 
0.079 2 20.00 20.00 2.3 2.3 0.011 -0.045 691 657 12192 10829 19.5981 19.8863 12.04 
0.080 2 20.00 20.00 2.3 2.3 0.002 -0.042 699 657 12193 10831 19.5981 19.8863 12.04 
0.081 2 20.00 20.00 2.1 2.3 0.007 -0.040 689 659 12195 10832 19.8863 19.8863 12.04 
0.082 2 20.00 20.00 1.8 2.2 0.009 -0.042 686 657 12196 10834 20.4889 20.1831 12.04 
0.083 2 20.00 20.00 2.3 2.6 0.016 -0.042 680 662 12198 10835 19.5981 19.3181 12.04 
0.084 2 20.00 20.00 2.3 2.5 0.018 -0.042 684 666 12199 10837 19.5981 19.5981 12.04 
0.085 2 20.00 20.00 2.3 2.0 0.007 -0.047 694 657 12201 10838 19.5981 20.4889 12.04 
0.086 2 20.00 20.00 2.0 2.7 0.004 -0.042 694 664 12202 10840 20.1831 19.0460 12.07 
0.087 2 20.00 20.00 2.1 2.6 0.011 -0.045 686 652 12204 10841 19.8863 19.3181 12.07 
0.088 2 20.00 20.00 2.3 2.5 0.009 -0.049 680 647 12205 10843 19.5981 19.5981 12.07 
0.089 2 20.00 20.00 2.3 2.2 0.011 -0.047 682 648 12207 10844 19.5981 20.1831 12.07 
0.090 2 20.00 20.00 2.3 2.4 0.011 -0.047 690 658 12208 10845 19.5981 19.8863 12.07 
0.091 2 20.00 20.00 2.1 2.4 0.009 -0.045 695 657 12210 10847 19.8863 19.8863 12.04 
0.092 2 20.00 20.00 2.1 2.5 0.011 -0.040 683 656 12211 10848 19.8863 19.5981 12.04 
0.093 2 20.00 20.00 2.2 2.4 0.011 -0.045 683 658 12212 10850 19.8863 19.8863 12.04 
0.094 2 20.00 20.00 2.2 2.8 0.013 -0.045 682 657 12214 10851 19.8863 19.0460 12.04 
0.095 2 20.00 20.00 2.2 2.7 0.009 -0.047 684 650 12215 10853 19.8863 19.3181 12.04 
0.096 2 20.00 20.00 2.3 2.2 0.009 -0.051 688 651 12217 10854 19.5981 20.1831 12.04 
0.097 2 20.00 20.00 2.2 2.5 0.009 -0.047 689 653 12218 10856 19.8863 19.5981 12.04 
0.098 2 20.00 20.00 2.2 2.4 0.016 -0.045 687 657 12220 10857 19.8863 19.8863 12.04 
0.099 2 20.00 20.00 2.0 2.2 0.011 -0.045 682 655 12221 10859 20.1831 20.1831 12.04 
0.100 2 20.00 20.00 2.2 2.4 0.016 -0.042 683 654 12223 10860 19.8863 19.8863 12.04 
0.101 2 20.00 20.00 2.2 2.5 0.011 -0.045 685 657 12224 10862 19.8863 19.5981 12.04 
0.102 2 20.00 20.00 2.0 1.9 0.007 -0.045 687 657 12226 10863 20.1831 20.8041 12.04 
0.103 2 20.00 20.00 2.0 2.1 0.016 -0.042 678 659 12227 10864 20.1831 20.4889 12.04 
0.104 2 20.00 20.00 2.2 2.2 0.022 -0.040 677 670 12229 10866 19.8863 20.1831 12.04 
0.105 2 20.00 20.00 2.0 2.2 0.018 -0.040 680 668 12230 10867 20.1831 20.1831 12.04 
0.106 2 20.00 20.00 2.0 2.9 0.013 -0.042 678 663 12232 10869 20.1831 18.7815 12.04 
0.107 2 20.00 20.00 1.9 2.5 0.016 -0.047 686 648 12233 10870 20.4889 19.5981 12.04 
0.108 2 20.00 20.00 2.1 2.4 0.016 -0.051 681 647 12235 10872 19.8863 19.8863 12.04 
0.109 2 20.00 20.00 1.7 2.5 0.020 -0.049 683 651 12236 10873 20.8041 19.5981 12.04 
0.110 2 20.00 20.00 1.8 2.4 0.027 -0.045 675 659 12237 10875 20.4889 19.8863 12.04 
0.111 2 20.00 20.00 2.3 2.4 0.027 -0.042 673 653 12239 10876 19.5981 19.8863 12.04 
0.112 2 20.00 20.00 2.1 2.4 0.018 -0.045 680 649 12240 10878 19.8863 19.8863 12.04 
0.113 2 20.00 20.00 1.8 2.4 0.013 -0.047 688 656 12242 10879 20.4889 19.8863 12.04 
0.114 2 20.00 20.00 2.0 2.4 0.020 -0.042 682 661 12243 10880 20.1831 19.8863 12.04 
0.115 2 20.00 20.00 1.8 2.3 0.018 -0.045 676 659 12245 10882 20.4889 20.1831 12.04 
0.116 2 20.00 20.00 2.1 2.7 0.020 -0.042 680 664 12246 10883 19.8863 19.3181 12.04 
0.117 2 20.00 20.00 2.3 2.0 0.020 -0.045 680 651 12248 10885 19.5981 20.8041 12.04 
0.118 2 20.00 20.00 2.1 2.1 0.013 -0.045 690 655 12249 10886 19.8863 20.4889 12.04 
0.119 2 20.00 20.00 2.0 2.8 0.016 -0.042 686 666 12251 10888 20.1831 19.0460 12.04 
0.120 2 20.00 20.00 2.4 2.7 0.013 -0.047 688 658 12252 10889 19.3181 19.3181 12.04 
0.121 2 20.00 20.00 2.3 2.4 0.011 -0.051 686 654 12254 10891 19.5981 19.8863 12.04 
0.122 2 20.00 20.00 2.3 2.3 0.011 -0.045 689 651 12255 10892 19.5981 20.1831 12.04 
0.123 2 20.00 20.00 2.3 2.4 0.009 -0.047 688 650 12256 10894 19.5981 19.8863 12.04 
0.124 2 20.00 20.00 2.2 2.3 0.007 -0.045 694 652 12258 10895 19.8863 20.1831 12.04 
0.125 2 20.00 20.00 2.2 2.4 0.009 -0.040 687 664 12259 10897 19.8863 19.8863 12.04 
0.126 2 20.00 20.00 2.3 2.3 0.011 -0.042 692 661 12261 10898 19.5981 20.1831 12.04 
0.127 2 20.00 20.00 2.2 2.7 0.011 -0.042 686 668 12262 10899 19.8863 19.3181 12.04 
0.128 2 20.00 20.00 2.2 2.1 0.016 -0.045 692 660 12264 10901 19.8863 20.4889 12.04 
0.129 2 20.00 20.00 2.2 2.1 0.007 -0.045 699 657 12265 10902 19.8863 20.4889 12.04 
0.130 2 20.00 20.00 2.3 2.4 0.009 -0.045 689 662 12267 10904 19.5981 19.8863 12.04 
0.131 2 20.00 20.00 2.2 2.4 0.007 -0.045 689 664 12268 10905 19.8863 19.8863 12.04 
0.132 2 20.00 20.00 2.0 2.4 0.013 -0.042 688 662 12269 10907 20.1831 19.8863 12.04 
0.133 2 20.00 20.00 2.2 2.4 0.011 -0.047 683 660 12271 10908 19.8863 19.8863 12.04 
0.134 2 20.00 20.00 2.2 2.6 0.013 -0.047 687 656 12272 10910 19.8863 19.5981 12.04 
0.135 2 20.00 20.00 1.9 2.0 0.009 -0.047 689 653 12274 10911 20.4889 20.8041 12.04 
0.136 2 20.00 20.00 2.0 2.3 0.013 -0.045 682 651 12275 10913 20.1831 20.1831 12.04 
0.137 2 20.00 20.00 2.2 2.1 0.018 -0.040 678 668 12277 10914 19.8863 20.4889 12.04 
0.138 2 20.00 20.00 2.2 2.1 0.016 -0.040 678 672 12278 10916 19.8863 20.4889 12.04 
0.139 2 20.00 20.00 2.2 2.7 0.009 -0.042 685 671 12280 10917 19.8863 19.3181 12.04 
0.140 2 20.00 20.00 1.9 2.4 0.009 -0.042 695 662 12281 10919 20.4889 19.8863 12.04 
0.141 2 20.00 20.00 2.3 2.3 0.013 -0.045 684 654 12283 10920 19.5981 20.1831 12.06 
0.142 2 20.00 20.00 1.9 2.5 0.013 -0.042 680 652 12284 10922 20.4889 19.5981 12.06 
0.143 2 20.00 20.00 1.9 2.4 0.016 -0.042 687 652 12286 10923 20.4889 19.8863 12.06 
0.144 2 20.00 20.00 2.3 2.4 0.020 -0.042 681 655 12287 10924 19.5981 19.8863 12.06 
0.145 2 20.00 20.00 2.2 2.3 0.016 -0.042 684 658 12289 10926 19.8863 20.1831 12.06 
0.146 2 20.00 20.00 1.9 2.4 0.009 -0.042 688 663 12290 10927 20.4889 19.8863 12.04 
0.147 2 20.00 20.00 2.0 2.3 0.013 -0.045 684 658 12292 10929 20.1831 20.1831 12.04 
0.148 2 20.00 20.00 1.9 2.3 0.016 -0.042 682 658 12293 10930 20.4889 20.1831 12.04 
0.149 2 20.00 20.00 2.1 2.7 0.020 -0.042 682 658 12295 10932 19.8863 19.3181 12.04 
0.150 2 20.00 20.00 2.3 2.0 0.020 -0.045 683 656 12296 10933 19.5981 20.8041 12.04 
0.151 2 20.00 20.00 2.2 2.4 0.013 -0.045 695 664 12297 10935 19.8863 19.8863 12.04 
0.152 2 20.00 20.00 2.2 2.7 0.007 -0.042 689 661 12299 10936 19.8863 19.3181 12.04 
0.153 2 20.00 20.00 2.4 2.7 0.009 -0.045 683 655 12300 10938 19.3181 19.3181 12.04 
0.154 2 20.00 20.00 2.3 2.1 0.009 -0.051 691 647 12302 10939 19.5981 20.4889 12.04 
0.155 2 20.00 20.00 2.2 2.3 0.007 -0.047 691 657 12303 10941 19.8863 20.1831 12.04 
0.156 2 20.00 20.00 2.2 2.3 0.009 -0.045 694 657 12305 10942 19.8863 20.1831 12.04 
0.157 2 20.00 20.00 2.0 2.4 0.013 -0.045 690 664 12306 10943 20.1831 19.8863 12.04 
0.158 2 20.00 20.00 2.0 2.4 0.016 -0.042 684 659 12308 10945 20.1831 19.8863 12.04 
0.159 2 20.00 20.00 2.0 2.3 0.013 -0.040 681 659 12309 10946 20.1831 20.1831 12.04 
0.160 2 20.00 20.00 2.0 2.7 0.016 -0.040 680 663 12311 10948 20.1831 19.3181 12.04 
0.161 2 20.00 20.00 2.3 2.1 0.016 -0.047 687 659 12312 10949 19.5981 20.4889 12.04 
0.162 2 20.00 20.00 2.2 2.1 0.009 -0.045 692 653 12313 10951 19.8863 20.4889 12.04 
0.163 2 20.00 20.00 2.2 2.4 0.009 -0.040 689 661 12315 10952 19.8863 19.8863 12.04 
0.164 2 20.00 20.00 2.0 2.4 0.011 -0.042 691 661 12316 10954 20.1831 19.8863 12.04 
0.165 2 20.00 20.00 2.2 2.6 0.016 -0.040 684 661 12318 10955 19.8863 19.5981 12.04 
0.166 2 20.00 20.00 2.2 2.6 0.018 -0.045 684 655 12319 10957 19.8863 19.5981 12.04 
0.167 2 20.00 20.00 2.2 2.4 0.011 -0.047 687 650 12321 10958 19.8863 19.8863 12.04 
0.168 2 20.00 20.00 1.9 2.1 0.011 -0.047 685 649 12322 10959 20.4889 20.4889 12.04 
0.169 2 20.00 20.00 2.0 2.4 0.016 -0.045 682 659 12324 10961 20.1831 19.8863 12.04 
0.170 2 20.00 20.00 2.0 2.3 0.022 -0.042 677 660 12325 10962 20.1831 20.1831 12.04 
0.171 2 20.00 20.00 2.0 2.3 0.022 -0.042 679 659 12327 10964 20.1831 20.1831 12.04 
0.172 2 20.00 20.00 1.7 2.7 0.013 -0.042 681 662 12328 10965 20.8041 19.3181 12.04 
0.173 2 20.00 20.00 2.0 2.3 0.020 -0.047 681 657 12330 10967 20.1831 20.1831 12.04 
0.174 2 20.00 20.00 2.3 2.4 0.018 -0.047 678 657 12331 10968 19.5981 19.8863 12.04 
0.175 2 20.00 20.00 2.0 2.6 0.018 -0.045 682 656 12333 10970 20.1831 19.5981 12.04 
0.176 2 20.00 20.00 2.7 2.3 0.013 -0.042 681 660 12334 10971 18.7815 20.1831 12.04 
0.177 2 20.00 20.00 2.6 2.4 0.013 -0.045 691 658 12335 10973 19.0460 19.8863 12.04 
0.178 2 20.00 20.00 2.2 2.3 0.004 -0.045 704 660 12337 10974 19.8863 20.1831 12.04 
0.179 2 20.00 20.00 1.9 2.4 0.009 -0.045 693 654 12338 10976 20.4889 19.8863 12.04 
0.180 2 20.00 20.00 1.7 2.3 0.013 -0.045 686 657 12340 10977 20.8041 20.1831 12.04 
0.181 2 20.00 20.00 1.9 2.1 0.020 -0.040 676 668 12341 10979 20.4889 20.4889 12.07 
0.182 2 20.00 20.00 2.2 2.6 0.027 -0.042 673 671 12343 10980 19.8863 19.5981 12.07 
0.183 2 20.00 20.00 2.3 1.8 0.016 -0.042 678 660 12344 10982 19.5981 21.1292 12.07 
0.184 2 20.00 20.00 2.3 2.7 0.009 -0.040 690 663 12346 10983 19.5981 19.3181 12.07 
0.185 2 20.00 20.00 2.2 2.6 0.009 -0.042 691 660 12347 10984 19.8863 19.5981 12.07 
0.186 2 20.00 20.00 2.5 2.3 0.009 -0.042 693 658 12349 10986 19.3181 20.1831 11.99 
0.187 2 20.00 20.00 2.2 2.0 0.011 -0.045 691 653 12350 10987 19.8863 20.8041 11.99 
0.188 2 20.00 20.00 2.2 2.3 0.009 -0.040 693 659 12351 10989 19.8863 20.1831 11.99 
0.189 2 20.00 20.00 2.0 2.3 0.009 -0.042 692 667 12353 10990 20.1831 20.1831 11.99 
0.190 2 20.00 20.00 2.0 2.4 0.013 -0.042 681 664 12354 10992 20.1831 19.8863 11.99 
0.191 2 20.00 20.00 2.0 2.4 0.013 -0.042 685 661 12356 10993 20.1831 19.8863 12.04 
0.192 2 20.00 20.00 2.0 2.4 0.018 -0.042 679 661 12357 10995 20.1831 19.8863 12.04 
0.193 2 20.00 20.00 2.0 2.7 0.018 -0.042 679 658 12359 10996 20.1831 19.3181 12.04 
0.194 2 20.00 20.00 2.2 2.3 0.013 -0.049 684 646 12360 10998 19.8863 20.1831 12.04 
0.195 2 20.00 20.00 2.0 2.6 0.009 -0.047 689 654 12362 10999 20.1831 19.5981 12.04 
0.196 2 20.00 20.00 2.2 2.6 0.007 -0.047 685 648 12363 11001 19.8863 19.5981 12.04 
0.197 2 20.00 20.00 2.0 2.3 0.011 -0.045 684 654 12365 11002 20.1831 20.1831 12.04 
0.198 2 20.00 20.00 2.0 2.6 0.013 -0.045 681 662 12366 11003 20.1831 19.5981 12.04 
0.199 2 20.00 20.00 2.0 2.6 0.016 -0.045 681 656 12368 11005 20.1831 19.5981 12.04 
0.200 2 20.00 20.00 2.0 2.4 0.013 -0.049 686 653 12369 11006 20.1831 19.8863 12.04 
0.201 2 20.00 20.00 1.9 2.3 0.016 -0.047 678 649 12371 11008 20.4889 20.1831 12.04 
0.202 2 20.00 20.00 2.2 2.3 0.020 -0.045 678 654 12372 11009 19.8863 20.1831 12.04 
0.203 2 20.00 20.00 2.0 2.1 0.020 -0.042 678 659 12374 11011 20.1831 20.4889 12.04 
0.204 2 20.00 20.00 2.2 2.3 0.022 -0.042 679 663 12375 11012 19.8863 20.1831 12.04 
0.205 2 20.00 20.00 1.9 2.7 0.011 -0.040 686 670 12377 11014 20.4889 19.3181 12.04 
0.206 2 20.00 20.00 2.3 2.3 0.011 -0.047 682 659 12378 11015 19.5981 20.1831 12.04 
0.207 2 20.00 20.00 2.3 2.3 0.018 -0.047 682 651 12380 11017 19.5981 20.1831 12.04 
0.208 2 20.00 20.00 2.0 2.4 0.013 -0.042 689 660 12381 11018 20.1831 19.8863 12.04 
0.209 2 20.00 20.00 2.6 2.4 0.013 -0.042 683 662 12382 11020 19.0460 19.8863 12.04 
0.210 2 20.00 20.00 2.2 2.4 0.013 -0.045 687 653 12384 11021 19.8863 19.8863 12.04 
0.211 2 20.00 20.00 2.0 2.3 0.004 -0.042 698 657 12385 11023 20.1831 20.1831 11.99 
0.212 2 20.00 20.00 2.0 2.4 0.011 -0.045 684 662 12387 11024 20.1831 19.8863 11.99 
0.213 2 20.00 20.00 1.9 2.3 0.011 -0.042 682 660 12388 11026 20.4889 20.1831 11.99 
0.214 2 20.00 20.00 2.2 2.7 0.018 -0.042 680 662 12390 11027 19.8863 19.3181 11.99 
0.215 2 20.00 20.00 2.3 2.6 0.018 -0.045 685 658 12391 11029 19.5981 19.5981 11.99 
0.216 2 20.00 20.00 2.3 2.0 0.013 -0.051 691 644 12393 11030 19.5981 20.8041 12.04 
0.217 2 20.00 20.00 2.2 2.7 0.007 -0.045 691 653 12394 11031 19.8863 19.3181 12.04 
0.218 2 20.00 20.00 2.2 2.6 0.007 -0.042 691 657 12396 11033 19.8863 19.5981 12.04 
0.219 2 20.00 20.00 2.3 2.4 0.009 -0.047 687 655 12397 11034 19.5981 19.8863 12.04 
0.220 2 20.00 20.00 2.3 2.1 0.011 -0.047 689 655 12398 11036 19.5981 20.4889 12.04 
0.221 2 20.00 20.00 2.3 2.3 0.009 -0.042 691 656 12400 11037 19.5981 20.1831 12.04 
0.222 2 20.00 20.00 2.2 2.3 0.004 -0.042 694 662 12401 11039 19.8863 20.1831 12.04 
0.223 2 20.00 20.00 2.2 2.3 0.009 -0.040 693 655 12403 11040 19.8863 20.1831 12.04 
0.224 2 20.00 20.00 2.2 2.3 0.011 -0.042 692 668 12404 11042 19.8863 20.1831 12.04 
0.225 2 20.00 20.00 2.1 2.6 0.013 -0.040 685 672 12406 11043 20.1831 19.5981 12.04 
0.226 2 20.00 20.00 2.0 2.6 0.013 -0.045 683 663 12407 11045 20.1831 19.5981 12.04 
0.227 2 20.00 20.00 2.2 2.1 0.011 -0.047 685 658 12409 11046 19.8863 20.4889 12.04 
0.228 2 20.00 20.00 2.0 2.4 0.009 -0.045 684 654 12410 11048 20.1831 19.8863 12.04 
0.229 2 20.00 20.00 2.0 2.4 0.011 -0.042 688 659 12412 11049 20.1831 19.8863 12.04 
0.230 2 20.00 20.00 1.9 2.3 0.016 -0.042 682 660 12413 11051 20.4889 20.1831 12.04 
0.231 2 20.00 20.00 2.0 2.4 0.020 -0.042 677 663 12415 11052 20.1831 19.8863 12.06 
0.232 2 20.00 20.00 2.0 2.6 0.020 -0.045 679 656 12416 11054 20.1831 19.5981 12.06 
0.233 2 20.00 20.00 1.9 2.0 0.013 -0.047 684 655 12418 11055 20.4889 20.8041 12.06 
0.234 2 20.00 20.00 1.9 2.1 0.016 -0.042 678 662 12419 11056 20.4889 20.4889 12.06 
0.235 2 20.00 20.00 2.0 2.1 0.025 -0.040 674 664 12421 11058 20.1831 20.4889 12.06 
0.236 2 20.00 20.00 2.2 2.1 0.027 -0.040 674 667 12422 11060 19.8863 20.4889 12.04 
0.237 2 20.00 20.00 2.2 2.7 0.020 -0.040 681 662 12424 11061 19.8863 19.3181 12.04 
0.238 2 20.00 20.00 1.9 2.4 0.013 -0.045 688 661 12425 11062 20.4889 19.8863 12.04 
0.239 2 20.00 20.00 2.3 2.3 0.011 -0.045 684 655 12427 11064 19.5981 20.1831 12.04 
0.240 2 20.00 20.00 1.7 2.6 0.013 -0.047 683 656 12428 11065 20.8041 19.5981 12.04 
0.241 2 20.00 20.00 1.9 2.4 0.016 -0.045 682 659 12429 11067 20.4889 19.8863 12.04 
0.242 2 20.00 20.00 2.4 2.4 0.022 -0.045 675 654 12431 11068 19.3181 19.8863 12.04 
0.243 2 20.00 20.00 2.3 2.4 0.013 -0.047 684 657 12432 11070 19.5981 19.8863 12.04 
0.244 2 20.00 20.00 2.0 2.4 0.007 -0.045 694 656 12434 11071 20.1831 19.8863 12.04 
0.245 2 20.00 20.00 2.2 2.4 0.009 -0.042 687 657 12435 11073 19.8863 19.8863 12.04 
0.246 2 20.00 20.00 2.0 2.3 0.011 -0.042 686 661 12437 11074 20.1831 20.1831 12.04 
0.247 2 20.00 20.00 2.3 2.7 0.013 -0.042 685 661 12438 11076 19.5981 19.3181 12.04 
0.248 2 20.00 20.00 2.3 2.0 0.011 -0.047 687 653 12440 11077 19.5981 20.8041 12.04 
0.249 2 20.00 20.00 2.2 2.1 0.004 -0.042 703 656 12441 11078 19.8863 20.4889 12.04 
0.250 2 20.00 20.00 2.0 2.6 0.011 -0.042 696 666 12443 11080 20.1831 19.5981 12.04 
0.251 2 20.00 20.00 2.3 2.6 0.016 -0.045 685 663 12444 11081 19.5981 19.5981 12.04 
0.252 2 20.00 20.00 2.2 2.0 0.013 -0.045 687 657 12446 11083 19.8863 20.8041 12.04 
0.253 2 20.00 20.00 2.2 2.3 0.013 -0.042 687 668 12447 11084 19.8863 20.1831 12.04 
0.254 2 20.00 20.00 2.2 2.3 0.013 -0.042 686 662 12448 11086 19.8863 20.1831 12.04 
0.257 2 20.00 20.00 2.2 2.4 0.011 -0.040 687 658 12453 11090 19.8863 19.8863 12.04 
0.258 2 20.00 20.00 2.0 2.7 0.016 -0.038 685 665 12454 11091 20.1831 19.3181 12.06 
0.259 2 20.00 20.00 2.0 2.6 0.011 -0.040 686 651 12455 11093 20.1831 19.5981 12.06 
0.260 2 20.00 20.00 2.2 2.1 0.011 -0.047 686 648 12456 11094 19.8863 20.4889 12.06 
0.261 2 20.00 20.00 2.0 2.4 0.013 -0.042 689 660 12458 11095 20.1831 19.8863 12.06 
0.261 2 20.00 20.00 2.2 2.4 0.011 -0.040 686 659 12459 11096 19.8863 19.8863 12.06 
0.262 2 20.00 20.00 2.0 2.4 0.011 -0.042 683 661 12460 11098 20.1831 19.8863 12.04 
0.263 2 20.00 20.00 2.0 2.4 0.013 -0.042 682 657 12462 11099 20.1831 19.8863 12.04 
0.264 2 20.00 20.00 2.2 2.4 0.020 -0.045 679 654 12463 11101 19.8863 19.8863 12.04 
0.265 2 20.00 20.00 2.2 2.3 0.011 -0.047 684 655 12465 11102 19.8863 20.1831 12.04 
0.266 2 20.00 20.00 1.9 2.0 0.007 -0.045 683 658 12466 11104 20.4889 20.8041 12.04 
0.267 2 20.00 20.00 2.0 2.3 0.016 -0.040 677 666 12468 11105 20.1831 20.1831 12.04 
0.268 2 20.00 20.00 2.2 2.1 0.018 -0.042 675 663 12469 11107 19.8863 20.4889 12.04 
0.269 2 20.00 20.00 2.2 2.3 0.016 -0.040 680 663 12470 11108 19.8863 20.1831 12.04 
0.270 2 20.00 20.00 1.9 2.7 0.016 -0.042 688 661 12472 11109 20.4889 19.3181 12.04 
0.271 2 20.00 20.00 1.9 2.3 0.011 -0.045 685 651 12473 11111 20.4889 20.1831 12.04 
0.272 2 20.00 20.00 2.2 2.4 0.018 -0.047 679 650 12475 11112 19.8863 19.8863 12.04 
0.273 2 20.00 20.00 1.9 2.6 0.018 -0.042 681 656 12476 11114 20.4889 19.5981 12.04 
0.274 2 20.00 20.00 2.7 2.4 0.018 -0.045 675 658 12478 11115 18.7815 19.8863 12.04 
0.275 2 20.00 20.00 2.4 2.4 0.020 -0.045 687 656 12479 11117 19.3181 19.8863 12.04 
0.276 2 20.00 20.00 2.2 2.3 0.004 -0.045 700 655 12481 11118 19.8863 20.1831 12.04 
0.277 2 20.00 20.00 1.9 2.4 0.007 -0.045 693 655 12482 11120 20.4889 19.8863 12.04 
0.278 2 20.00 20.00 2.0 2.3 0.013 -0.040 683 660 12484 11121 20.1831 20.1831 12.04 
0.279 2 20.00 20.00 1.9 2.3 0.016 -0.042 683 662 12485 11123 20.4889 20.1831 12.04 
0.280 2 20.00 20.00 2.3 2.6 0.020 -0.042 681 667 12487 11124 19.5981 19.5981 12.04 
0.281 2 20.00 20.00 2.3 2.0 0.011 -0.042 686 658 12488 11126 19.5981 20.8041 12.04 
0.282 2 20.00 20.00 2.3 2.7 0.011 -0.045 696 668 12490 11127 19.5981 19.3181 12.04 
0.283 2 20.00 20.00 2.2 2.6 0.009 -0.045 690 658 12491 11128 19.8863 19.5981 12.04 
0.284 2 20.00 20.00 2.5 2.3 0.009 -0.047 696 655 12492 11130 19.3181 20.1831 12.04 
0.285 2 20.00 20.00 2.3 1.8 0.007 -0.042 695 653 12494 11132 19.5981 21.1292 12.04 
0.286 2 20.00 20.00 2.2 2.3 0.009 -0.042 697 665 12495 11133 19.8863 20.1831 12.04 
0.287 2 20.00 20.00 2.2 2.3 0.009 -0.042 693 673 12497 11135 19.8863 20.1831 12.04 
0.288 2 20.00 20.00 2.0 2.3 0.013 -0.045 689 664 12498 11136 20.1831 20.1831 12.04 
0.289 2 20.00 20.00 2.0 2.3 0.013 -0.042 686 665 12500 11137 20.1831 20.1831 12.04 
0.290 2 20.00 20.00 2.0 3.1 0.018 -0.042 682 662 12501 11139 20.1831 18.5242 12.04 
0.291 2 20.00 20.00 2.0 2.6 0.020 -0.051 680 649 12503 11140 20.1831 19.5981 12.04 
0.292 2 20.00 20.00 2.2 2.1 0.018 -0.058 684 641 12504 11142 19.8863 20.4889 12.04 
0.293 2 20.00 20.00 2.0 2.4 0.007 -0.047 693 660 12506 11143 20.1831 19.8863 12.04 
0.294 2 20.00 20.00 2.2 2.4 0.009 -0.045 692 659 12507 11145 19.8863 19.8863 12.04 
0.295 2 20.00 20.00 2.0 2.3 0.011 -0.042 690 658 12509 11146 20.1831 20.1831 12.04 
0.296 2 20.00 20.00 2.0 2.4 0.016 -0.042 687 662 12510 11148 20.1831 19.8863 12.04 
0.297 2 20.00 20.00 2.0 2.6 0.016 -0.042 686 657 12512 11149 20.1831 19.5981 12.04 
0.298 2 20.00 20.00 2.0 2.4 0.013 -0.047 684 648 12513 11151 20.1831 19.8863 12.04 
0.299 2 20.00 20.00 1.9 2.1 0.016 -0.045 683 653 12515 11152 20.4889 20.4889 12.04 
0.300 2 20.00 20.00 2.0 2.3 0.018 -0.042 677 662 12516 11154 20.1831 20.1831 12.04 
0.301 2 20.00 20.00 2.0 2.1 0.022 -0.042 676 666 12518 11155 20.1831 20.4889 12.04 
0.302 2 20.00 20.00 2.0 2.3 0.016 -0.040 678 671 12519 11156 20.1831 20.1831 12.04 
0.303 2 20.00 20.00 1.7 2.4 0.018 -0.042 684 665 12521 11158 20.8041 19.8863 12.04 
0.304 2 20.00 20.00 2.3 2.3 0.016 -0.042 681 653 12522 11159 19.5981 20.1831 12.04 
0.305 2 20.00 20.00 2.3 2.6 0.020 -0.042 683 662 12523 11161 19.5981 19.5981 12.04 
0.306 2 20.00 20.00 2.2 2.4 0.009 -0.045 684 662 12525 11162 19.8863 19.8863 12.04 
0.307 2 20.00 20.00 2.7 2.4 0.011 -0.042 690 660 12526 11164 18.7815 19.8863 12.04 
0.308 2 20.00 20.00 2.5 2.4 0.007 -0.045 693 653 12528 11165 19.3181 19.8863 12.04 
0.309 2 20.00 20.00 2.2 2.3 0.013 -0.047 707 654 12529 11167 19.8863 20.1831 12.04 
0.310 2 20.00 20.00 1.9 2.3 0.007 -0.040 694 654 12531 11168 20.4889 20.1831 12.04 
0.311 2 20.00 20.00 1.7 2.3 0.011 -0.042 685 666 12532 11170 20.8041 20.1831 12.04 
0.312 2 20.00 20.00 1.9 2.7 0.020 -0.040 679 669 12534 11171 20.4889 19.3181 12.06 
0.313 2 20.00 20.00 2.2 2.6 0.027 -0.045 673 664 12535 11173 19.8863 19.5981 12.06 
0.314 2 20.00 20.00 2.3 2.0 0.016 -0.047 679 653 12537 11174 19.5981 20.8041 12.06 
0.315 2 20.00 20.00 2.0 2.7 0.009 -0.042 688 659 12538 11176 20.1831 19.3181 12.06 
0.316 2 20.00 20.00 2.2 2.6 0.011 -0.042 686 648 12539 11177 19.8863 19.5981 12.06 
0.317 2 20.00 20.00 2.2 2.3 0.011 -0.047 683 647 12541 11179 19.8863 20.1831 12.04 
0.318 2 20.00 20.00 2.2 2.1 0.016 -0.042 683 662 12542 11180 19.8863 20.4889 12.04 
0.319 2 20.00 20.00 2.2 2.3 0.013 -0.042 688 665 12544 11182 19.8863 20.1831 12.04 
0.320 2 20.00 20.00 2.0 2.3 0.009 -0.042 691 662 12545 11183 20.1831 20.1831 12.04 
0.321 2 20.00 20.00 2.0 2.3 0.013 -0.042 681 658 12547 11185 20.1831 20.1831 12.04 
0.322 2 20.00 20.00 2.0 2.3 0.013 -0.045 683 661 12548 11186 20.1831 20.1831 12.04 
0.323 2 20.00 20.00 2.0 2.6 0.016 -0.040 682 660 12550 11187 20.1831 19.5981 12.04 
0.324 2 20.00 20.00 2.0 2.0 0.016 -0.045 682 658 12551 11189 20.1831 20.8041 12.04 
0.325 2 20.00 20.00 2.2 2.1 0.011 -0.042 684 665 12553 11190 19.8863 20.4889 12.04 
0.326 2 20.00 20.00 2.2 2.4 0.013 -0.040 693 668 12554 11192 19.8863 19.8863 12.04 
0.327 2 20.00 20.00 2.2 2.4 0.009 -0.040 684 666 12556 11193 19.8863 19.8863 12.04 
0.328 2 20.00 20.00 2.0 2.5 0.011 -0.047 690 663 12557 11195 20.1831 19.5981 12.04 
0.329 2 20.00 20.00 2.2 2.4 0.013 -0.042 684 654 12558 11196 19.8863 19.8863 12.04 
0.330 2 20.00 20.00 2.2 2.6 0.016 -0.047 682 653 12560 11198 19.8863 19.5981 12.04 
0.331 2 20.00 20.00 2.0 2.0 0.007 -0.047 692 652 12561 11199 20.1831 20.8041 12.04 
0.332 2 20.00 20.00 2.0 2.3 0.011 -0.042 685 661 12563 11201 20.1831 20.1831 12.04 
0.333 2 20.00 20.00 2.2 2.3 0.016 -0.042 680 662 12564 11202 19.8863 20.1831 12.04 
0.334 2 20.00 20.00 2.2 2.1 0.013 -0.040 678 662 12566 11204 19.8863 20.4889 12.04 
0.335 2 20.00 20.00 2.2 2.7 0.011 -0.042 685 659 12567 11205 19.8863 19.3181 12.04 
0.336 2 20.00 20.00 1.9 2.5 0.007 -0.042 687 655 12569 11207 20.4889 19.5981 12.04 
0.337 2 20.00 20.00 2.3 2.4 0.009 -0.049 685 652 12570 11208 19.5981 19.8863 12.04 
0.338 2 20.00 20.00 2.3 2.7 0.011 -0.047 684 655 12572 11209 19.5981 19.3181 12.04 
0.339 2 20.00 20.00 2.0 2.4 0.011 -0.047 689 653 12573 11211 20.1831 19.8863 12.04 
0.340 2 20.00 20.00 2.6 2.4 0.016 -0.047 687 651 12575 11212 19.0460 19.8863 12.04 
0.341 2 20.00 20.00 2.2 2.3 0.004 -0.049 692 651 12576 11214 19.8863 20.1831 12.04 
0.342 2 20.00 20.00 2.2 2.4 0.004 -0.047 696 664 12578 11215 19.8863 19.8863 12.04 
0.343 2 20.00 20.00 2.0 2.4 0.009 -0.042 694 661 12579 11217 20.1831 19.8863 12.04 
0.344 2 20.00 20.00 1.7 2.3 0.011 -0.042 687 660 12581 11218 20.8041 20.1831 12.04 
0.345 2 20.00 20.00 2.2 2.7 0.025 -0.042 676 660 12582 11220 19.8863 19.3181 12.04 
0.346 2 20.00 20.00 2.2 2.0 0.016 -0.045 680 651 12584 11221 19.8863 20.8041 12.04 
0.347 2 20.00 20.00 2.2 2.0 0.007 -0.042 692 652 12585 11223 19.8863 20.8041 12.04 
0.348 2 20.00 20.00 2.2 2.5 0.007 -0.042 687 665 12586 11224 19.8863 19.5981 12.04 
0.349 2 20.00 20.00 2.5 2.6 0.007 -0.042 693 667 12588 11226 19.3181 19.5981 12.04 
0.350 2 20.00 20.00 2.3 2.0 0.009 -0.042 691 661 12589 11227 19.5981 20.8041 12.04 
0.351 2 20.00 20.00 2.3 2.1 0.007 -0.045 690 665 12591 11229 19.5981 20.4889 12.04 
0.352 2 20.00 20.00 2.3 2.3 0.007 -0.042 689 660 12592 11230 19.5981 20.1831 12.04 
0.353 2 20.00 20.00 2.2 2.4 0.009 -0.042 694 657 12594 11232 19.8863 19.8863 12.04 
0.354 2 20.00 20.00 2.2 2.4 0.009 -0.040 692 663 12595 11233 19.8863 19.8863 12.04 
0.355 2 20.00 20.00 2.1 2.3 0.011 -0.042 687 664 12597 11234 20.1831 20.1831 12.04 
0.356 2 20.00 20.00 2.1 2.7 0.011 -0.042 689 661 12598 11236 20.1831 19.3181 12.04 
0.357 2 20.00 20.00 2.1 2.1 0.018 -0.045 689 652 12600 11237 20.1831 20.4889 12.06 
0.358 2 20.00 20.00 2.1 2.5 0.009 -0.045 688 652 12601 11239 20.1831 19.5981 12.06 
0.359 2 20.00 20.00 2.1 2.4 0.011 -0.045 685 647 12603 11240 20.1831 19.8863 12.06 
0.360 2 20.00 20.00 2.1 2.4 0.018 -0.045 684 658 12604 11242 20.1831 19.8863 12.06 
0.361 2 20.00 20.00 2.0 2.4 0.016 -0.042 683 659 12606 11243 20.1831 19.8863 12.06 
0.362 2 20.00 20.00 2.0 2.4 0.016 -0.045 681 659 12607 11245 20.1831 19.8863 12.04 
0.363 2 20.00 20.00 2.0 2.4 0.016 -0.045 681 657 12609 11246 20.1831 19.8863 12.04 
0.364 2 20.00 20.00 1.7 2.0 0.011 -0.047 683 654 12610 11248 20.8041 20.8041 12.04 
0.365 2 20.00 20.00 1.9 2.3 0.022 -0.042 676 656 12612 11249 20.4889 20.1831 12.04 
0.366 2 20.00 20.00 2.0 2.1 0.027 -0.038 676 672 12613 11251 20.1831 20.4889 12.04 
0.367 2 20.00 20.00 2.0 2.2 0.025 -0.038 675 672 12615 11252 20.1831 20.1831 12.04 
0.368 2 20.00 20.00 1.7 2.7 0.018 -0.042 681 664 12616 11253 20.8041 19.3181 12.04 
0.369 2 20.00 20.00 1.9 2.3 0.016 -0.045 685 654 12617 11255 20.4889 20.1831 12.04 
0.370 2 20.00 20.00 2.1 2.4 0.020 -0.045 674 650 12619 11256 19.8863 19.8863 12.04 
0.371 2 20.00 20.00 1.7 2.4 0.016 -0.045 675 657 12621 11258 20.8041 19.8863 12.04 
0.372 2 20.00 20.00 2.6 2.4 0.022 -0.042 678 660 12622 11259 19.0460 19.8863 12.04 
0.373 2 20.00 20.00 2.3 2.4 0.013 -0.042 682 659 12623 11261 19.5981 19.8863 12.04 
0.374 2 20.00 20.00 2.2 2.4 0.007 -0.045 691 657 12625 11262 19.8863 19.8863 12.04 
0.375 2 20.00 20.00 1.9 2.5 0.007 -0.047 688 653 12626 11264 20.4889 19.5981 12.04 
0.376 2 20.00 20.00 1.7 2.4 0.018 -0.045 687 648 12628 11265 20.8041 19.8863 12.04 
0.377 2 20.00 20.00 1.8 2.4 0.029 -0.045 674 655 12629 11266 20.4889 19.8863 12.04 
0.378 2 20.00 20.00 2.1 2.7 0.029 -0.042 673 659 12631 11268 19.8863 19.3181 12.04 
0.379 2 20.00 20.00 2.3 2.1 0.016 -0.049 680 654 12632 11269 19.5981 20.4889 12.04 
0.380 2 20.00 20.00 2.1 3.6 0.009 -0.045 691 659 12634 11271 19.8863 17.5619 12.04 
0.381 2 20.00 20.00 2.1 2.7 0.007 -0.062 693 640 12635 11272 19.8863 19.3181 12.04 
0.382 2 20.00 20.00 2.4 2.6 0.009 -0.069 685 633 12637 11274 19.3181 19.5981 12.04 
0.383 2 20.00 20.00 2.3 1.9 0.011 -0.058 688 642 12638 11275 19.5981 21.1292 12.04 
0.384 2 20.00 20.00 2.3 2.2 0.013 -0.042 690 660 12639 11277 19.5981 20.4889 12.04 
0.385 2 20.00 20.00 2.3 2.1 0.007 -0.040 692 672 12641 11278 19.5981 20.4889 12.04 
0.386 2 20.00 20.00 2.3 2.1 0.009 -0.040 695 669 12642 11280 19.5981 20.4889 12.04 
0.387 2 20.00 20.00 2.3 2.1 0.007 -0.040 692 665 12644 11281 19.5981 20.4889 12.04 
0.388 2 20.00 20.00 2.2 2.6 0.009 -0.038 691 667 12645 11283 19.8863 19.5981 12.04 
0.389 2 20.00 20.00 2.2 2.4 0.009 -0.045 689 658 12647 11284 19.8863 19.8863 12.04 
0.390 2 20.00 20.00 2.3 2.0 0.009 -0.045 694 657 12648 11286 19.5981 20.8041 12.04 
0.391 2 20.00 20.00 2.2 2.3 0.007 -0.042 698 662 12650 11287 19.8863 20.1831 12.04 
0.392 2 20.00 20.00 2.2 2.3 0.004 -0.042 691 664 12651 11289 19.8863 20.1831 12.04 
0.393 2 20.00 20.00 2.0 2.3 0.007 -0.042 694 664 12652 11290 20.1831 20.1831 12.04 
0.394 2 20.00 20.00 2.2 2.6 0.013 -0.040 684 662 12654 11292 19.8863 19.5981 12.04 
0.395 2 20.00 20.00 2.2 2.7 0.013 -0.042 682 655 12655 11293 19.8863 19.3181 12.04 
0.396 2 20.00 20.00 2.0 2.4 0.011 -0.049 688 650 12657 11295 20.1831 19.8863 12.04 
0.397 2 20.00 20.00 1.9 2.3 0.013 -0.051 684 650 12658 11296 20.4889 20.1831 12.06 
0.398 2 20.00 20.00 2.0 2.4 0.018 -0.047 676 654 12660 11298 20.1831 19.8863 12.06 
0.399 2 20.00 20.00 2.0 2.3 0.018 -0.042 678 660 12661 11299 20.1831 20.1831 12.06 
0.400 2 20.00 20.00 2.0 2.3 0.020 -0.042 673 659 12663 11300 20.1831 20.1831 12.06 
0.401 4 30.00 30.00 6.7 7.3 0.016 -0.042 684 658 12664 11302 20.8041 19.8863 12.06 
0.402 4 30.00 30.00 7.2 7.3 0.295 -0.266 756 601 12666 11303 19.8863 20.1831 11.82 
0.403 4 30.00 30.00 7.2 7.5 0.772 -0.600 835 517 12667 11305 20.1831 20.1831 11.82 
0.404 4 30.00 30.00 6.5 7.1 1.154 -0.812 889 472 12669 11307 21.8108 21.1292 11.82 
0.405 4 30.00 30.00 6.8 6.5 1.312 -0.915 915 443 12671 11308 21.4646 22.5378 11.82 
0.406 4 30.00 30.00 5.6 5.6 1.395 -0.828 915 458 12673 11310 24.1477 24.5867 11.82 
0.407 4 30.00 30.00 4.8 5.2 1.172 -0.538 875 512 12675 11312 26.0052 25.5145 11.87 
0.408 4 30.00 30.00 4.3 4.8 0.768 -0.426 820 528 12677 11314 27.0454 26.5151 11.87 
0.409 4 30.00 30.00 4.8 4.9 0.605 -0.346 797 548 12679 11316 26.0052 26.5151 11.87 
0.410 4 30.00 30.00 4.6 4.1 0.565 -0.288 795 568 12681 11318 26.5151 28.1723 11.87 
0.411 4 30.00 30.00 4.2 4.7 0.453 -0.190 774 591 12683 11320 27.5973 27.0454 11.87 
0.412 4 30.00 30.00 4.2 4.1 0.353 -0.179 757 601 12685 11323 27.5973 28.1723 12.01 
0.413 4 30.00 30.00 3.6 3.6 0.275 -0.158 748 606 12687 11325 28.7717 29.3972 12.01 
0.414 4 30.00 30.00 3.4 3.2 0.210 -0.098 738 631 12689 11327 29.3972 30.0504 12.01 
0.415 4 30.00 30.00 3.0 3.2 0.060 -0.062 715 644 12691 11329 30.0504 30.0504 12.01 
0.416 4 30.00 30.00 3.0 3.2 0.018 -0.047 697 655 12694 11331 30.0504 30.0504 12.01 
0.417 4 30.00 30.00 3.0 2.9 0.016 -0.047 692 656 12696 11334 30.0504 30.7334 12.04 
0.418 4 30.00 30.00 3.0 2.9 0.007 -0.042 691 661 12698 11336 30.0504 30.7334 12.04 
0.419 4 30.00 30.00 3.0 2.9 0.011 -0.040 686 674 12700 11338 30.0504 30.7334 12.04 
0.420 4 30.00 30.00 2.7 2.9 0.011 -0.040 682 674 12702 11340 30.7334 30.7334 12.04 
0.421 4 30.00 30.00 2.7 2.9 0.016 -0.042 679 671 12705 11342 30.7334 30.7334 12.04 
0.422 4 30.00 30.00 2.7 2.5 0.018 -0.040 677 666 12707 11345 30.7334 31.4481 12.06 
0.423 4 30.00 30.00 2.7 2.8 0.027 -0.038 675 678 12709 11347 30.7334 30.7334 12.06 
0.424 4 30.00 30.00 2.7 4.4 0.027 -0.036 670 673 12711 11349 30.7334 27.5973 12.06 
0.425 4 30.00 30.00 2.3 3.2 0.020 -0.058 679 643 12713 11351 31.4481 30.0504 12.06 
0.426 4 30.00 30.00 2.6 3.5 0.027 -0.065 673 644 12716 11353 30.7334 29.3972 12.06 
0.427 4 30.00 30.00 2.3 3.2 0.029 -0.056 671 649 12718 11355 31.4481 30.0504 12.04 
0.428 4 30.00 30.00 3.6 3.2 0.031 -0.049 668 651 12720 11358 28.7717 30.0504 12.04 
0.429 4 30.00 30.00 3.0 3.2 0.016 -0.045 689 659 12722 11360 30.0504 30.0504 12.04 
0.430 4 30.00 30.00 2.6 3.2 0.009 -0.045 696 652 12724 11362 30.7334 30.0504 12.04 
0.431 4 30.00 30.00 2.9 3.5 0.016 -0.045 677 653 12726 11364 30.0504 29.3972 12.04 
0.432 4 30.00 30.00 2.9 3.2 0.016 -0.047 683 656 12729 11366 30.0504 30.0504 12.04 
0.433 4 30.00 30.00 2.9 3.8 0.009 -0.049 686 652 12731 11368 30.0504 28.7717 12.04 
0.434 4 30.00 30.00 3.3 3.6 0.013 -0.056 686 647 12733 11371 29.3972 29.3972 12.04 
0.435 4 30.00 30.00 3.3 3.2 0.013 -0.062 681 643 12735 11373 29.3972 30.0504 12.04 
0.436 4 30.00 30.00 3.3 3.2 0.007 -0.051 698 641 12737 11375 29.3972 30.0504 12.04 
0.437 4 30.00 30.00 3.3 3.2 0.004 -0.045 691 650 12739 11377 29.3972 30.0504 12.01 
0.438 4 30.00 30.00 3.3 3.6 0.007 -0.042 696 660 12741 11379 29.3972 29.3972 12.01 
0.439 4 30.00 30.00 3.3 3.2 0.007 -0.049 699 655 12743 11381 29.3972 30.0504 12.01 
0.440 4 30.00 30.00 3.3 3.2 0.013 -0.049 705 655 12745 11384 29.3972 30.0504 12.01 
0.441 4 30.00 30.00 3.3 3.2 0.004 -0.047 701 653 12748 11386 29.3972 30.0504 12.01 
0.442 4 30.00 30.00 3.3 3.2 0.009 -0.045 700 652 12750 11388 29.3972 30.0504 12.04 
0.443 4 30.00 30.00 3.3 3.2 0.004 -0.045 700 649 12752 11390 29.3972 30.0504 12.04 
0.444 4 30.00 30.00 3.0 2.9 0.009 -0.047 703 656 12754 11392 30.0504 30.7334 12.04 
0.445 4 30.00 30.00 3.0 2.9 0.009 -0.045 690 664 12756 11394 30.0504 30.7334 12.04 
0.446 4 30.00 30.00 3.0 2.9 0.011 -0.040 684 670 12758 11396 30.0504 30.7334 12.04 
0.447 4 30.00 30.00 2.7 3.5 0.009 -0.040 685 662 12761 11399 30.7334 29.3972 12.04 
0.448 4 30.00 30.00 3.0 3.2 0.018 -0.047 685 654 12763 11401 30.0504 30.0504 12.04 
0.449 4 30.00 30.00 2.7 3.5 0.020 -0.042 680 653 12765 11403 30.7334 29.3972 12.04 
0.450 4 30.00 30.00 3.6 3.5 0.020 -0.045 678 647 12767 11405 28.7717 29.3972 12.04 
0.451 4 30.00 30.00 3.3 3.6 0.009 -0.054 697 647 12769 11407 29.3972 29.3972 12.04 
0.452 4 30.00 30.00 3.0 3.6 0.004 -0.056 700 647 12772 11409 30.0504 29.3972 12.04 
0.453 4 30.00 30.00 2.7 3.9 0.011 -0.056 696 647 12774 11411 30.7334 28.7717 12.04 
0.454 4 30.00 30.00 2.7 3.3 0.018 -0.071 682 639 12776 11414 30.7334 30.0504 12.04 
0.457 4 30.00 30.00 2.7 4.2 0.018 -0.062 679 643 12781 11419 30.7334 28.1723 12.04 
0.458 4 30.00 30.00 3.0 3.3 0.029 -0.098 669 623 12783 11421 30.0504 30.0504 12.04 
0.458 4 30.00 30.00 3.0 3.3 0.020 -0.074 677 629 12785 11423 30.0504 30.0504 12.02 
0.459 4 30.00 30.00 3.0 3.3 0.016 -0.058 685 649 12787 11425 30.0504 30.0504 12.02 
0.460 4 30.00 30.00 3.0 3.0 0.013 -0.047 687 658 12789 11427 30.0504 30.7334 12.02 
0.461 4 30.00 30.00 3.0 2.9 0.016 -0.042 687 664 12791 11429 30.0504 30.7334 12.02 
0.462 4 30.00 30.00 3.3 2.9 0.009 -0.042 693 664 12793 11431 29.3972 30.7334 12.02 
0.463 4 30.00 30.00 3.3 2.9 0.007 -0.042 695 666 12795 11433 29.3972 30.7334 12.04 
0.464 4 30.00 30.00 3.3 2.9 0.002 -0.040 701 669 12797 11435 29.3972 30.7334 12.04 
0.465 4 30.00 30.00 3.3 3.2 0.009 -0.040 700 672 12799 11438 29.3972 30.0504 12.04 
0.466 4 30.00 30.00 3.3 2.9 0.018 -0.042 709 663 12802 11440 29.3972 30.7334 12.04 
0.467 4 30.00 30.00 3.0 3.2 0.007 -0.040 697 662 12804 11442 30.0504 30.0504 12.04 
0.468 4 30.00 30.00 3.0 3.2 0.011 -0.042 690 664 12806 11444 30.0504 30.0504 12.04 
0.469 4 30.00 30.00 2.7 3.9 0.009 -0.047 691 655 12808 11446 30.7334 28.7717 12.04 
0.470 4 30.00 30.00 3.0 3.6 0.011 -0.056 685 644 12810 11448 30.0504 29.3972 12.04 
0.471 4 30.00 30.00 2.7 3.9 0.011 -0.065 684 647 12812 11450 30.7334 28.7717 12.04 
0.472 4 30.00 30.00 3.6 3.6 0.018 -0.071 683 644 12815 11453 28.7717 29.3972 12.04 
0.473 4 30.00 30.00 3.3 3.6 0.009 -0.069 689 639 12817 11455 29.3972 29.3972 12.04 
0.474 4 30.00 30.00 3.0 3.6 0.009 -0.062 697 641 12819 11457 30.0504 29.3972 12.04 
0.475 4 30.00 30.00 2.7 3.9 0.007 -0.058 696 644 12821 11459 30.7334 28.7717 12.04 
0.476 4 30.00 30.00 3.0 3.0 0.016 -0.069 682 636 12823 11461 30.0504 30.7334 12.04 
0.477 4 30.00 30.00 3.0 4.2 0.011 -0.056 694 646 12825 11463 30.0504 28.1723 12.04 
0.478 4 30.00 30.00 3.0 4.0 0.009 -0.067 692 645 12828 11466 30.0504 28.7717 12.04 
0.479 4 30.00 30.00 3.3 3.3 0.009 -0.080 683 637 12830 11468 29.3972 30.0504 12.04 
0.480 4 30.00 30.00 3.4 3.0 0.009 -0.069 689 637 12832 11470 29.3972 30.7334 12.04 
0.481 4 30.00 30.00 3.4 3.0 0.009 -0.045 694 655 12834 11472 29.3972 30.7334 12.04 
0.482 4 30.00 30.00 3.4 3.0 0.004 -0.040 698 669 12836 11474 29.3972 30.7334 12.04 
0.483 4 30.00 30.00 3.4 3.3 0.004 -0.040 696 672 12838 11477 29.3972 30.0504 12.04 
0.484 4 30.00 30.00 3.1 3.0 0.004 -0.042 703 665 12841 11479 30.0504 30.7334 12.04 
0.485 4 30.00 30.00 3.1 3.0 0.009 -0.042 693 663 12843 11481 30.0504 30.7334 12.04 
0.486 4 30.00 30.00 3.1 3.0 0.009 -0.038 686 667 12845 11483 30.0504 30.7334 12.04 
0.487 4 30.00 30.00 3.1 3.3 0.013 -0.040 687 666 12847 11485 30.0504 30.0504 12.04 
0.488 4 30.00 30.00 3.1 2.9 0.009 -0.045 690 654 12849 11488 30.0504 30.7334 12.02 
0.489 4 30.00 30.00 2.7 2.9 0.013 -0.042 684 665 12851 11490 30.7334 30.7334 12.02 
0.490 4 30.00 30.00 2.7 2.9 0.013 -0.036 680 669 12854 11492 30.7334 30.7334 12.02 
0.491 4 30.00 30.00 2.7 3.6 0.020 -0.038 679 667 12856 11494 30.7334 29.3972 12.02 
0.492 4 30.00 30.00 2.7 3.6 0.016 -0.045 682 653 12858 11496 30.7334 29.3972 12.02 
0.493 4 30.00 30.00 2.3 3.6 0.020 -0.049 680 644 12860 11498 31.4481 29.3972 12.01 
0.494 4 30.00 30.00 3.6 3.6 0.029 -0.058 672 643 12862 11500 28.7717 29.3972 12.01 
0.495 4 30.00 30.00 3.3 3.6 0.013 -0.060 686 646 12865 11503 29.3972 29.3972 12.01 
0.496 4 30.00 30.00 3.0 3.6 0.007 -0.062 699 644 12867 11505 30.0504 29.3972 12.01 
0.497 4 30.00 30.00 3.3 3.3 0.004 -0.060 698 643 12869 11507 29.3972 30.0504 12.01 
0.498 4 30.00 30.00 3.0 3.3 0.009 -0.054 693 649 12871 11509 30.0504 30.0504 12.06 
0.499 4 30.00 30.00 3.0 4.2 0.004 -0.049 700 646 12873 11511 30.0504 28.1723 12.06 
0.500 4 30.00 30.00 3.0 4.0 0.009 -0.074 692 637 12875 11513 30.0504 28.7717 12.06 
0.501 4 30.00 30.00 3.4 3.3 0.011 -0.085 686 634 12877 11515 29.3972 30.0504 12.06 
0.502 4 30.00 30.00 3.4 3.3 0.009 -0.071 686 641 12880 11518 29.3972 30.0504 12.06 
0.503 4 30.00 30.00 3.4 3.3 0.004 -0.056 701 650 12882 11520 29.3972 30.0504 12.04 
0.504 4 30.00 30.00 3.4 3.3 0.004 -0.047 703 649 12884 11522 29.3972 30.0504 12.04 
0.505 4 30.00 30.00 3.4 3.3 0.004 -0.047 701 652 12886 11524 29.3972 30.0504 12.04 
0.506 4 30.00 30.00 3.4 3.0 0.009 -0.045 705 654 12888 11526 29.3972 30.7334 12.04 
0.507 4 30.00 30.00 3.4 3.0 0.013 -0.045 705 660 12890 11529 29.3972 30.7334 12.04 
0.508 4 30.00 30.00 3.4 3.0 0.007 -0.042 703 668 12893 11531 29.3972 30.7334 12.04 
0.509 4 30.00 30.00 3.1 3.9 0.007 -0.040 704 669 12895 11533 30.0504 28.7717 12.04 
0.510 4 30.00 30.00 3.1 2.6 0.002 -0.054 698 645 12897 11535 30.0504 31.4481 12.04 
0.511 4 30.00 30.00 2.8 2.6 0.009 -0.045 690 650 12899 11537 30.7334 31.4481 12.04 
0.512 4 30.00 30.00 2.7 2.6 0.013 -0.038 678 672 12901 11540 30.7334 31.4481 12.04 
0.513 4 30.00 30.00 2.7 3.3 0.020 -0.036 675 677 12904 11542 30.7334 30.0504 12.06 
0.514 4 30.00 30.00 2.4 3.3 0.016 -0.042 677 670 12906 11544 31.4481 30.0504 12.06 
0.515 4 30.00 30.00 2.4 3.6 0.029 -0.045 675 659 12908 11546 31.4481 29.3972 12.06 
0.516 4 30.00 30.00 3.3 3.6 0.031 -0.045 665 654 12910 11548 29.3972 29.3972 12.06 
0.517 4 30.00 30.00 3.0 3.6 0.022 -0.051 676 644 12912 11550 30.0504 29.3972 12.06 
0.518 4 30.00 30.00 2.7 3.6 0.009 -0.058 689 646 12915 11552 30.7334 29.3972 12.02 
0.519 4 30.00 30.00 2.3 3.6 0.018 -0.056 680 649 12917 11555 31.4481 29.3972 12.02 
0.520 4 30.00 30.00 2.7 3.6 0.029 -0.060 670 647 12919 11557 30.7334 29.3972 12.02 
0.521 4 30.00 30.00 2.7 4.5 0.025 -0.062 673 643 12921 11559 30.7334 27.5973 12.02 
0.522 4 30.00 30.00 2.6 4.0 0.020 -0.096 679 632 12923 11561 30.7334 28.7717 12.02 
0.523 4 30.00 30.00 3.0 3.4 0.027 -0.103 672 627 12925 11563 30.0504 30.0504 12.01 
0.524 4 30.00 30.00 3.0 3.4 0.020 -0.078 679 629 12927 11566 30.0504 30.0504 12.01 
0.525 4 30.00 30.00 3.0 3.4 0.013 -0.056 686 646 12929 11568 30.0504 30.0504 12.01 
0.526 4 30.00 30.00 3.0 3.0 0.016 -0.047 687 659 12932 11570 30.0504 30.7334 12.01 
0.527 4 30.00 30.00 3.0 3.3 0.016 -0.042 682 663 12934 11572 30.0504 30.0504 12.01 
0.528 4 30.00 30.00 3.3 3.0 0.011 -0.045 688 663 12936 11574 29.3972 30.7334 12.04 
0.529 4 30.00 30.00 3.3 3.0 0.011 -0.045 701 660 12938 11577 29.3972 30.7334 12.04 
0.530 4 30.00 30.00 3.3 3.0 0.004 -0.040 699 667 12940 11579 29.3972 30.7334 12.04 
0.531 4 30.00 30.00 3.3 3.3 0.004 -0.042 697 669 12942 11581 29.3972 30.0504 12.04 
0.532 4 30.00 30.00 3.3 3.0 0.004 -0.042 702 665 12944 11583 29.3972 30.7334 12.04 
0.533 4 30.00 30.00 3.0 3.0 0.007 -0.042 703 660 12946 11585 30.0504 30.7334 12.04 
0.534 4 30.00 30.00 3.0 3.0 0.004 -0.042 693 665 12949 11587 30.0504 30.7334 12.04 
0.535 4 30.00 30.00 3.0 3.9 0.011 -0.040 684 667 12951 11590 30.0504 28.7717 12.04 
0.536 4 30.00 30.00 2.7 3.3 0.011 -0.054 693 646 12953 11592 30.7334 30.0504 12.04 
0.537 4 30.00 30.00 3.0 3.3 0.013 -0.056 683 648 12955 11594 30.0504 30.0504 12.04 
0.538 4 30.00 30.00 2.7 3.3 0.013 -0.047 681 656 12957 11596 30.7334 30.0504 12.04 
0.539 4 30.00 30.00 3.6 3.3 0.016 -0.047 677 656 12959 11598 28.7717 30.0504 12.04 
0.540 4 30.00 30.00 3.3 3.3 0.009 -0.047 698 654 12961 11600 29.3972 30.0504 12.04 
0.541 4 30.00 30.00 3.0 3.3 0.004 -0.042 698 654 12964 11602 30.0504 30.0504 12.04 
0.542 4 30.00 30.00 2.7 3.6 0.009 -0.047 693 652 12966 11605 30.7334 29.3972 12.04 
0.543 4 30.00 30.00 3.0 3.9 0.011 -0.051 679 651 12968 11607 30.0504 28.7717 12.04 
0.544 4 30.00 30.00 3.0 4.0 0.009 -0.071 688 645 12970 11609 30.0504 28.7717 12.04 
0.545 4 30.00 30.00 3.3 3.3 0.016 -0.078 687 639 12972 11611 29.3972 30.0504 12.04 
0.546 4 30.00 30.00 3.3 3.3 0.009 -0.067 692 638 12974 11613 29.3972 30.0504 12.04 
0.547 4 30.00 30.00 3.3 3.0 0.004 -0.051 696 645 12976 11616 29.3972 30.7334 12.04 
0.548 4 30.00 30.00 3.3 3.0 0.007 -0.045 697 657 12979 11618 29.3972 30.7334 12.02 
0.549 4 30.00 30.00 3.4 3.3 0.004 -0.038 699 669 12981 11620 29.3972 30.0504 12.02 
0.550 4 30.00 30.00 3.4 3.0 0.004 -0.042 698 666 12983 11622 29.3972 30.7334 12.02 
0.551 4 30.00 30.00 3.4 3.3 0.011 -0.045 706 662 12985 11624 29.3972 30.0504 12.02 
0.552 4 30.00 30.00 3.4 3.0 0.009 -0.042 705 663 12987 11627 29.3972 30.7334 12.02 
0.553 4 30.00 30.00 3.4 3.0 0.004 -0.042 701 661 12989 11629 29.3972 30.7334 12.04 
0.554 4 30.00 30.00 3.4 2.6 0.007 -0.040 702 660 12992 11631 29.3972 31.4481 12.04 
0.555 4 30.00 30.00 3.1 2.9 0.022 -0.040 701 667 12994 11633 30.0504 30.7334 12.04 
0.556 4 30.00 30.00 2.7 2.9 0.011 -0.038 693 676 12996 11635 30.7334 30.7334 12.04 
0.557 4 30.00 30.00 2.7 3.9 0.016 -0.038 682 671 12998 11637 30.7334 28.7717 12.04 
0.558 4 30.00 30.00 2.4 3.3 0.016 -0.054 678 657 13000 11640 31.4481 30.0504 12.04 
0.559 4 30.00 30.00 2.7 3.6 0.022 -0.054 676 648 13002 11642 30.7334 29.3972 12.04 
0.560 4 30.00 30.00 2.3 3.3 0.025 -0.049 673 644 13005 11644 31.4481 30.0504 12.04 
0.561 4 30.00 30.00 3.3 3.3 0.027 -0.054 669 644 13007 11646 29.3972 30.0504 12.04 
0.562 4 30.00 30.00 3.3 3.3 0.020 -0.045 683 651 13009 11648 29.3972 30.0504 12.04 
0.563 4 30.00 30.00 3.0 3.3 0.007 -0.045 693 660 13011 11650 30.0504 30.0504 12.04 
0.564 4 30.00 30.00 2.7 3.6 0.009 -0.042 691 662 13013 11652 30.7334 29.3972 12.04 
0.565 4 30.00 30.00 3.0 3.3 0.013 -0.049 685 649 13015 11655 30.0504 30.0504 12.04 
0.566 4 30.00 30.00 3.0 3.9 0.009 -0.054 690 645 13018 11657 30.0504 28.7717 12.04 
0.567 4 30.00 30.00 3.0 3.3 0.013 -0.060 689 641 13020 11659 30.0504 30.0504 12.04 
0.568 4 30.00 30.00 3.3 3.3 0.011 -0.060 688 645 13022 11661 29.3972 30.0504 12.04 
0.569 4 30.00 30.00 3.3 3.3 0.009 -0.049 690 652 13024 11663 29.3972 30.0504 12.04 
0.570 4 30.00 30.00 3.4 3.3 0.004 -0.047 698 655 13026 11665 29.3972 30.0504 12.04 
0.571 4 30.00 30.00 3.4 3.6 0.004 -0.045 698 651 13028 11668 29.3972 29.3972 12.04 
0.572 4 30.00 30.00 3.4 3.3 0.007 -0.051 702 647 13031 11670 29.3972 30.0504 12.04 
0.573 4 30.00 30.00 3.4 3.3 0.009 -0.051 701 650 13033 11672 29.3972 30.0504 12.04 
0.574 4 30.00 30.00 3.4 3.3 0.007 -0.049 701 656 13035 11674 29.3972 30.0504 12.04 
0.575 4 30.00 30.00 3.4 3.3 0.004 -0.045 702 660 13037 11676 29.3972 30.0504 12.04 
0.576 4 30.00 30.00 3.4 3.3 0.004 -0.047 695 650 13039 11678 29.3972 30.0504 12.04 
0.577 4 30.00 30.00 3.1 3.0 0.013 -0.049 708 645 13041 11681 30.0504 30.7334 12.04 
0.578 4 30.00 30.00 2.8 3.0 0.007 -0.045 695 661 13044 11683 30.7334 30.7334 12.04 
0.579 4 30.00 30.00 3.1 3.9 0.013 -0.040 682 668 13046 11685 30.0504 28.7717 12.04 
0.580 4 30.00 30.00 2.4 3.3 0.013 -0.051 683 652 13048 11687 31.4481 30.0504 12.04 
0.581 4 30.00 30.00 2.7 3.6 0.018 -0.056 678 647 13050 11689 30.7334 29.3972 12.04 
0.582 4 30.00 30.00 2.4 3.3 0.025 -0.051 674 646 13052 11691 31.4481 30.0504 12.04 
0.583 4 30.00 30.00 3.7 3.3 0.031 -0.054 670 643 13055 11694 28.7717 30.0504 12.01 
0.584 4 30.00 30.00 3.4 3.3 0.011 -0.047 687 651 13057 11696 29.3972 30.0504 12.01 
0.585 4 30.00 30.00 2.7 3.3 0.004 -0.045 694 658 13059 11698 30.7334 30.0504 12.01 
0.586 4 30.00 30.00 2.4 3.6 0.013 -0.045 688 658 13061 11700 31.4481 29.3972 12.01 
0.587 4 30.00 30.00 2.7 3.0 0.022 -0.049 679 649 13063 11702 30.7334 30.7334 12.01 
0.588 4 30.00 30.00 2.7 3.9 0.016 -0.047 677 649 13066 11704 30.7334 28.7717 12.04 
0.589 4 30.00 30.00 2.7 3.6 0.018 -0.054 676 647 13068 11707 30.7334 29.3972 12.04 
0.590 4 30.00 30.00 3.0 3.3 0.029 -0.062 673 644 13070 11709 30.0504 30.0504 12.04 
0.591 4 30.00 30.00 3.0 3.3 0.020 -0.051 676 653 13072 11711 30.0504 30.0504 12.04 
0.592 4 30.00 30.00 3.0 3.3 0.011 -0.047 687 655 13074 11713 30.0504 30.0504 12.04 
0.593 4 30.00 30.00 3.0 3.3 0.009 -0.045 685 655 13076 11715 30.0504 30.0504 12.04 
0.594 4 30.00 30.00 3.0 3.0 0.018 -0.045 687 651 13078 11717 30.0504 30.7334 12.04 
0.595 4 30.00 30.00 3.3 3.3 0.007 -0.042 689 655 13080 11720 29.3972 30.0504 12.04 
0.596 4 30.00 30.00 3.3 3.3 0.004 -0.045 698 661 13082 11722 29.3972 30.0504 12.04 
0.597 4 30.00 30.00 3.3 3.3 0.004 -0.045 697 662 13085 11724 29.3972 30.0504 12.04 
0.598 4 30.00 30.00 3.3 3.3 0.007 -0.049 698 659 13087 11726 29.3972 30.0504 12.04 
0.599 4 30.00 30.00 3.3 3.0 0.004 -0.049 702 652 13089 11728 29.3972 30.7334 12.04 
0.600 4 30.00 30.00 3.0 3.0 0.007 -0.042 699 658 13091 11730 30.0504 30.7334 12.04 
0.601 4 30.00 30.00 3.0 3.0 0.009 -0.045 690 661 13093 11732 30.0504 30.7334 12.04 
0.602 4 30.00 30.00 3.0 3.6 0.011 -0.042 689 665 13095 11735 30.0504 29.3972 12.04 
0.603 4 30.00 30.00 2.7 3.6 0.007 -0.047 692 653 13098 11737 30.7334 29.3972 12.04 
0.604 4 30.00 30.00 3.0 3.6 0.020 -0.054 685 647 13100 11739 30.0504 29.3972 12.04 
0.605 4 30.00 30.00 3.6 3.6 0.016 -0.060 677 643 13102 11741 28.7717 29.3972 12.04 
0.606 4 30.00 30.00 3.4 3.3 0.007 -0.062 693 641 13104 11743 29.3972 30.0504 12.04 
0.607 4 30.00 30.00 3.0 3.3 0.011 -0.054 704 647 13106 11745 30.0504 30.0504 12.04 
0.608 4 30.00 30.00 2.7 3.6 0.007 -0.047 692 661 13109 11747 30.7334 29.3972 12.02 
0.609 4 30.00 30.00 3.0 3.0 0.018 -0.056 686 649 13111 11750 30.0504 30.7334 12.02 
0.610 4 30.00 30.00 3.0 4.2 0.009 -0.049 686 656 13113 11752 30.0504 28.1723 12.02 
0.611 4 30.00 30.00 3.0 3.6 0.013 -0.062 690 642 13115 11754 30.0504 29.3972 12.02 
0.612 4 30.00 30.00 3.4 3.3 0.011 -0.074 681 635 13117 11756 29.3972 30.0504 12.02 
0.613 4 30.00 30.00 3.4 3.3 0.009 -0.060 695 640 13119 11758 29.3972 30.0504 12.02 
0.614 4 30.00 30.00 3.0 3.3 0.007 -0.051 701 654 13121 11761 30.0504 30.0504 12.02 
0.615 4 30.00 30.00 3.0 3.3 0.004 -0.045 695 658 13124 11763 30.0504 30.0504 12.02 
0.616 4 30.00 30.00 3.0 3.0 0.013 -0.045 688 657 13126 11765 30.0504 30.7334 12.02 
0.617 4 30.00 30.00 3.0 3.0 0.007 -0.042 686 660 13128 11767 30.0504 30.7334 12.02 
0.618 4 30.00 30.00 3.0 3.0 0.007 -0.045 693 659 13130 11769 30.0504 30.7334 12.04 
0.619 4 30.00 30.00 3.0 3.3 0.007 -0.040 687 669 13132 11771 30.0504 30.0504 12.04 
0.620 4 30.00 30.00 3.0 3.6 0.016 -0.045 684 666 13134 11774 30.0504 29.3972 12.04 
0.621 4 30.00 30.00 3.0 3.3 0.011 -0.054 686 649 13137 11776 30.0504 30.0504 12.04 
0.622 4 30.00 30.00 2.7 3.3 0.009 -0.054 689 647 13139 11778 30.7334 30.0504 12.04 
0.623 4 30.00 30.00 3.0 3.3 0.013 -0.047 683 647 13141 11780 30.0504 30.0504 12.02 
0.624 4 30.00 30.00 3.0 3.9 0.016 -0.047 678 635 13143 11782 30.0504 28.7717 12.02 
0.625 4 30.00 30.00 2.7 3.6 0.009 -0.065 690 645 13145 11784 30.7334 29.3972 12.02 
0.626 4 30.00 30.00 3.0 3.7 0.011 -0.069 683 641 13148 11786 30.0504 29.3972 12.02 
0.627 4 30.00 30.00 2.7 3.7 0.020 -0.067 682 643 13150 11789 30.7334 29.3972 12.02 
0.628 4 30.00 30.00 3.6 3.4 0.018 -0.065 680 641 13152 11791 28.7717 30.0504 12.02 
0.629 4 30.00 30.00 3.0 3.3 0.009 -0.056 696 644 13154 11793 30.0504 30.0504 12.02 
0.630 4 30.00 30.00 2.7 3.7 0.009 -0.049 700 649 13156 11795 30.7334 29.3972 12.02 
0.631 4 30.00 30.00 3.0 3.0 0.013 -0.054 687 644 13158 11797 30.0504 30.7334 12.02 
0.632 4 30.00 30.00 3.0 4.0 0.009 -0.047 683 651 13160 11799 30.0504 28.7717 12.02 
0.633 4 30.00 30.00 3.0 3.7 0.009 -0.056 692 650 13163 11802 30.0504 29.3972 12.04 
0.634 4 30.00 30.00 3.3 3.0 0.009 -0.065 689 642 13165 11804 29.3972 30.7334 12.04 
0.635 4 30.00 30.00 3.3 3.0 0.013 -0.049 688 652 13167 11806 29.3972 30.7334 12.04 
0.636 4 30.00 30.00 3.4 3.0 0.007 -0.045 695 661 13169 11809 29.3972 30.7334 12.04 
0.637 4 30.00 30.00 3.4 3.0 0.004 -0.040 695 664 13171 11811 29.3972 30.7334 12.04 
0.638 4 30.00 30.00 3.4 3.0 0.004 -0.038 697 673 13173 11813 29.3972 30.7334 12.04 
0.639 4 30.00 30.00 3.1 3.0 0.004 -0.042 698 666 13175 11815 30.0504 30.7334 12.04 
0.640 4 30.00 30.00 3.1 3.0 0.007 -0.040 708 665 13178 11817 30.0504 30.7334 12.04 
0.641 4 30.00 30.00 3.1 3.3 0.004 -0.040 695 669 13180 11819 30.0504 30.0504 12.04 
0.642 4 30.00 30.00 3.1 3.6 0.011 -0.042 683 654 13182 11821 30.0504 29.3972 12.04 
0.643 4 30.00 30.00 3.1 3.3 0.009 -0.051 686 648 13184 11824 30.0504 30.0504 12.04 
0.644 4 30.00 30.00 2.7 3.3 0.009 -0.051 687 654 13186 11826 30.7334 30.0504 12.04 
0.645 4 30.00 30.00 2.7 3.3 0.018 -0.049 679 658 13189 11828 30.7334 30.0504 12.04 
0.646 4 30.00 30.00 2.7 3.6 0.025 -0.047 670 655 13191 11830 30.7334 29.3972 12.04 
0.647 4 30.00 30.00 2.3 3.3 0.022 -0.054 680 646 13193 11832 31.4481 30.0504 12.04 
0.648 4 30.00 30.00 2.7 3.6 0.027 -0.051 676 642 13195 11834 30.7334 29.3972 12.04 
0.649 4 30.00 30.00 2.3 3.6 0.033 -0.054 671 646 13197 11836 31.4481 29.3972 12.04 
0.650 4 30.00 30.00 3.6 3.7 0.031 -0.060 668 646 13199 11839 28.7717 29.3972 12.04 
0.651 4 30.00 30.00 3.3 3.7 0.013 -0.060 691 644 13201 11841 29.3972 29.3972 12.04 
0.652 4 30.00 30.00 3.0 3.7 0.004 -0.060 692 647 13204 11843 30.0504 29.3972 12.04 
0.653 4 30.00 30.00 3.0 3.0 0.004 -0.062 689 643 13206 11845 30.0504 30.7334 12.02 
0.654 4 30.00 30.00 3.0 4.0 0.007 -0.049 689 648 13208 11847 30.0504 28.7717 12.02 
0.657 4 30.00 30.00 3.0 3.7 0.009 -0.060 693 644 13214 11854 30.0504 29.3972 12.02 
0.658 4 30.00 30.00 3.3 3.0 0.011 -0.056 685 640 13216 11856 29.3972 30.7334 12.02 
0.659 4 30.00 30.00 3.3 3.0 0.007 -0.054 696 651 13218 11857 29.3972 30.7334 12.02 
0.660 4 30.00 30.00 3.3 3.4 0.004 -0.047 695 666 13219 11859 29.3972 30.0504 12.02 
0.660 4 30.00 30.00 3.3 3.4 0.004 -0.040 699 657 13221 11861 29.3972 30.0504 12.02 
0.661 4 30.00 30.00 3.4 3.0 0.009 -0.045 702 655 13223 11863 29.3972 30.7334 12.02 
0.662 4 30.00 30.00 3.4 3.0 0.016 -0.045 706 659 13225 11865 29.3972 30.7334 12.02 
0.663 4 30.00 30.00 3.4 3.0 0.007 -0.038 702 668 13227 11867 29.3972 30.7334 12.02 
0.664 4 30.00 30.00 3.4 3.3 0.004 -0.040 702 669 13229 11869 29.3972 30.0504 12.04 
0.665 4 30.00 30.00 3.4 2.6 0.004 -0.045 702 656 13232 11872 29.3972 31.4481 12.04 
0.666 4 30.00 30.00 3.1 3.0 0.020 -0.038 705 664 13234 11874 30.0504 30.7334 12.04 
0.667 4 30.00 30.00 3.4 3.0 0.011 -0.040 694 672 13236 11876 29.3972 30.7334 12.04 
0.668 4 30.00 30.00 2.7 3.6 0.007 -0.040 691 669 13238 11878 30.7334 29.3972 12.04 
0.669 4 30.00 30.00 2.4 3.3 0.009 -0.045 692 658 13240 11880 31.4481 30.0504 12.02 
0.670 4 30.00 30.00 2.7 3.3 0.016 -0.047 681 656 13243 11883 30.7334 30.0504 12.02 
0.671 4 30.00 30.00 2.3 3.3 0.027 -0.042 672 650 13245 11885 31.4481 30.0504 12.02 
0.672 4 30.00 30.00 3.6 3.3 0.031 -0.047 669 649 13247 11887 28.7717 30.0504 12.02 
0.673 4 30.00 30.00 3.4 3.3 0.016 -0.047 685 646 13249 11889 29.3972 30.0504 12.02 
0.674 4 30.00 30.00 3.0 3.9 0.004 -0.042 691 656 13251 11891 30.0504 28.7717 11.99 
0.675 4 30.00 30.00 2.7 3.3 0.009 -0.058 692 645 13253 11893 30.7334 30.0504 11.99 
0.676 4 30.00 30.00 2.7 4.2 0.016 -0.060 683 646 13256 11895 30.7334 28.1723 11.99 
0.677 4 30.00 30.00 2.7 4.0 0.009 -0.080 682 635 13258 11897 30.7334 28.7717 11.99 
0.678 4 30.00 30.00 3.6 3.3 0.016 -0.092 678 627 13260 11900 28.7717 30.0504 11.99 
0.679 4 30.00 30.00 3.0 3.0 0.018 -0.076 689 634 13262 11902 30.0504 30.7334 12.04 
0.680 4 30.00 30.00 3.0 3.0 0.007 -0.051 693 654 13264 11904 30.0504 30.7334 12.04 
0.681 4 30.00 30.00 3.0 3.0 0.013 -0.042 688 664 13266 11906 30.0504 30.7334 12.04 
0.682 4 30.00 30.00 3.0 3.3 0.009 -0.040 686 670 13269 11908 30.0504 30.0504 12.04 
0.683 4 30.00 30.00 3.0 3.0 0.011 -0.042 687 666 13271 11911 30.0504 30.7334 12.04 
0.684 4 30.00 30.00 3.0 3.0 0.009 -0.042 691 661 13273 11913 30.0504 30.7334 12.04 
0.685 4 30.00 30.00 3.0 3.3 0.009 -0.038 689 665 13275 11915 30.0504 30.0504 12.04 
0.686 4 30.00 30.00 3.0 3.3 0.011 -0.042 688 658 13277 11917 30.0504 30.0504 12.04 
0.687 4 30.00 30.00 3.0 3.0 0.011 -0.045 683 657 13279 11919 30.0504 30.7334 12.04 
0.688 4 30.00 30.00 3.0 2.9 0.009 -0.042 691 662 13282 11921 30.0504 30.7334 12.04 
0.689 4 30.00 30.00 3.0 2.9 0.016 -0.040 688 665 13284 11924 30.0504 30.7334 12.04 
0.690 4 30.00 30.00 3.0 3.9 0.018 -0.042 687 665 13286 11926 30.0504 28.7717 12.04 
0.691 4 30.00 30.00 2.7 3.6 0.013 -0.049 689 649 13288 11928 30.7334 29.3972 12.04 
0.692 4 30.00 30.00 3.0 3.6 0.018 -0.062 685 639 13290 11930 30.0504 29.3972 12.04 
0.693 4 30.00 30.00 2.7 3.6 0.016 -0.062 682 644 13292 11932 30.7334 29.3972 12.04 
0.694 4 30.00 30.00 3.6 3.3 0.020 -0.065 677 644 13295 11934 28.7717 30.0504 12.04 
0.695 4 30.00 30.00 3.3 3.3 0.011 -0.054 693 652 13297 11937 29.3972 30.0504 12.04 
0.696 4 30.00 30.00 3.0 3.3 0.011 -0.047 698 656 13299 11939 30.0504 30.0504 12.04 
0.697 4 30.00 30.00 2.7 3.6 0.011 -0.045 696 653 13301 11941 30.7334 29.3972 12.04 
0.698 4 30.00 30.00 3.0 4.2 0.013 -0.051 684 647 13303 11943 30.0504 28.1723 12.04 
0.699 4 30.00 30.00 3.0 3.7 0.009 -0.078 687 634 13305 11945 30.0504 29.3972 12.02 
0.700 4 30.00 30.00 3.0 3.0 0.009 -0.078 691 637 13307 11947 30.0504 30.7334 12.02 
0.701 4 30.00 30.00 3.3 3.0 0.011 -0.058 685 647 13310 11950 29.3972 30.7334 12.02 
0.702 4 30.00 30.00 3.3 3.0 0.011 -0.047 689 660 13312 11952 29.3972 30.7334 12.02 
0.703 4 30.00 30.00 3.4 3.0 0.007 -0.042 700 667 13314 11954 29.3972 30.7334 12.02 
0.704 4 30.00 30.00 3.4 3.3 0.004 -0.040 701 668 13316 11956 29.3972 30.0504 12.04 
0.705 4 30.00 30.00 3.4 3.0 0.004 -0.042 701 658 13318 11958 29.3972 30.7334 12.04 
0.706 4 30.00 30.00 3.4 3.0 0.004 -0.045 701 658 13320 11961 29.3972 30.7334 12.04 
0.707 4 30.00 30.00 3.1 2.9 0.011 -0.040 705 665 13323 11963 30.0504 30.7334 12.04 
0.708 4 30.00 30.00 3.1 3.3 0.007 -0.040 699 669 13325 11965 30.0504 30.0504 12.04 
0.709 4 30.00 30.00 3.1 3.3 0.009 -0.042 692 662 13327 11967 30.0504 30.0504 12.07 
0.710 4 30.00 30.00 3.1 3.3 0.007 -0.045 691 658 13329 11969 30.0504 30.0504 12.07 
0.711 4 30.00 30.00 2.7 3.3 0.009 -0.045 689 654 13331 11971 30.7334 30.0504 12.07 
0.712 4 30.00 30.00 2.7 4.2 0.016 -0.045 678 653 13333 11973 30.7334 28.1723 12.07 
0.713 4 30.00 30.00 2.7 3.6 0.022 -0.069 673 638 13336 11976 30.7334 29.3972 12.07 
0.714 4 30.00 30.00 3.4 3.6 0.018 -0.076 677 636 13338 11978 29.3972 29.3972 12.04 
0.715 4 30.00 30.00 2.7 3.6 0.011 -0.067 684 643 13340 11980 30.7334 29.3972 12.04 
0.716 4 30.00 30.00 3.7 3.6 0.016 -0.071 679 640 13342 11982 28.7717 29.3972 12.04 
0.717 4 30.00 30.00 3.4 3.6 0.011 -0.065 691 642 13344 11984 29.3972 29.3972 12.04 
0.718 4 30.00 30.00 3.1 3.3 0.013 -0.062 702 642 13347 11986 30.0504 30.0504 12.04 
0.719 4 30.00 30.00 2.7 3.7 0.007 -0.054 696 646 13349 11989 30.7334 29.3972 12.04 
0.720 4 30.00 30.00 3.0 3.0 0.016 -0.060 687 643 13351 11991 30.0504 30.7334 12.04 
0.721 4 30.00 30.00 3.0 4.0 0.011 -0.051 690 652 13353 11993 30.0504 28.7717 12.04 
0.722 4 30.00 30.00 3.0 3.0 0.011 -0.056 689 651 13355 11995 30.0504 30.7334 12.04 
0.723 4 30.00 30.00 3.0 3.0 0.011 -0.049 682 639 13357 11997 30.0504 30.7334 12.04 
0.724 4 30.00 30.00 3.0 3.0 0.013 -0.045 685 659 13360 11999 30.0504 30.7334 12.04 
0.725 4 30.00 30.00 3.0 3.0 0.013 -0.042 691 664 13362 12002 30.0504 30.7334 12.04 
0.726 4 30.00 30.00 3.0 3.3 0.007 -0.040 689 666 13364 12004 30.0504 30.0504 12.04 
0.727 4 30.00 30.00 3.0 3.0 0.011 -0.040 687 658 13366 12006 30.0504 30.7334 12.04 
0.728 4 30.00 30.00 3.0 3.3 0.011 -0.045 691 662 13368 12008 30.0504 30.0504 12.04 
0.729 4 30.00 30.00 3.0 3.3 0.009 -0.042 696 662 13371 12010 30.0504 30.0504 12.04 
0.730 4 30.00 30.00 3.0 3.3 0.011 -0.045 687 665 13373 12012 30.0504 30.0504 12.04 
0.731 4 30.00 30.00 3.0 3.3 0.011 -0.047 682 659 13375 12015 30.0504 30.0504 12.04 
0.732 4 30.00 30.00 3.0 3.0 0.009 -0.047 690 658 13377 12017 30.0504 30.7334 12.04 
0.733 4 30.00 30.00 3.0 3.0 0.011 -0.042 687 661 13379 12019 30.0504 30.7334 12.04 
0.734 4 30.00 30.00 3.0 3.9 0.013 -0.040 682 663 13381 12021 30.0504 28.7717 12.04 
0.735 4 30.00 30.00 3.0 3.3 0.011 -0.051 687 642 13383 12023 30.0504 30.0504 12.04 
0.736 4 30.00 30.00 2.7 3.6 0.009 -0.054 696 648 13386 12025 30.7334 29.3972 12.04 
0.737 4 30.00 30.00 3.0 3.3 0.011 -0.051 685 649 13388 12028 30.0504 30.0504 12.04 
0.738 4 30.00 30.00 2.7 3.3 0.011 -0.056 681 650 13390 12030 30.7334 30.0504 12.04 
0.739 4 30.00 30.00 3.3 3.3 0.013 -0.049 685 647 13392 12032 29.3972 30.0504 12.04 
0.740 4 30.00 30.00 3.0 3.3 0.009 -0.040 689 650 13394 12034 30.0504 30.0504 12.04 
0.741 4 30.00 30.00 2.7 3.6 0.009 -0.045 694 652 13396 12036 30.7334 29.3972 12.04 
0.742 4 30.00 30.00 3.0 3.0 0.018 -0.051 685 650 13398 12038 30.0504 30.7334 12.04 
0.743 4 30.00 30.00 3.0 3.9 0.013 -0.049 689 651 13401 12041 30.0504 28.7717 12.04 
0.744 4 30.00 30.00 3.0 3.6 0.011 -0.051 689 649 13403 12043 30.0504 29.3972 12.04 
0.745 4 30.00 30.00 3.3 3.3 0.011 -0.062 692 642 13405 12045 29.3972 30.0504 12.04 
0.746 4 30.00 30.00 3.3 3.3 0.011 -0.054 685 647 13407 12047 29.3972 30.0504 12.04 
0.747 4 30.00 30.00 3.3 3.3 0.004 -0.049 700 646 13409 12049 29.3972 30.0504 12.04 
0.748 4 30.00 30.00 3.4 3.3 0.009 -0.042 697 650 13411 12051 29.3972 30.0504 12.04 
0.749 4 30.00 30.00 3.4 3.0 0.009 -0.047 700 654 13414 12054 29.3972 30.7334 12.04 
0.750 4 30.00 30.00 3.4 3.0 0.007 -0.045 699 662 13416 12056 29.3972 30.7334 12.04 
0.751 4 30.00 30.00 3.4 3.0 0.025 -0.042 706 665 13418 12058 29.3972 30.7334 12.04 
0.752 4 30.00 30.00 3.4 3.0 0.007 -0.036 700 671 13420 12060 29.3972 30.7334 12.04 
0.753 4 30.00 30.00 3.4 3.3 0.002 -0.040 701 663 13422 12062 29.3972 30.0504 12.04 
0.754 4 30.00 30.00 3.4 2.9 0.009 -0.045 701 653 13424 12065 29.3972 30.7334 12.02 
0.755 4 30.00 30.00 2.7 2.9 0.009 -0.040 700 664 13427 12067 30.7334 30.7334 12.02 
0.756 4 30.00 30.00 2.7 2.9 0.007 -0.042 686 671 13429 12069 30.7334 30.7334 12.02 
0.757 4 30.00 30.00 3.1 3.2 0.022 -0.042 677 666 13431 12071 30.0504 30.0504 12.02 
0.758 4 30.00 30.00 2.4 3.6 0.013 -0.042 685 666 13433 12073 31.4481 29.3972 12.02 
0.759 4 30.00 30.00 2.7 3.6 0.020 -0.042 677 653 13435 12075 30.7334 29.3972 12.01 
0.760 4 30.00 30.00 2.3 3.6 0.027 -0.058 672 643 13438 12077 31.4481 29.3972 12.01 
0.761 4 30.00 30.00 3.3 3.6 0.033 -0.062 670 643 13440 12079 29.3972 29.3972 12.01 
0.762 4 30.00 30.00 3.0 3.6 0.016 -0.060 681 644 13442 12082 30.0504 29.3972 12.01 
0.763 4 30.00 30.00 2.3 4.2 0.009 -0.060 687 647 13444 12084 31.4481 28.1723 12.01 
0.764 4 30.00 30.00 2.7 3.3 0.020 -0.092 672 634 13446 12086 30.7334 30.0504 12.02 
0.765 4 30.00 30.00 2.7 3.9 0.027 -0.074 672 641 13448 12088 30.7334 28.7717 12.02 
0.766 4 30.00 30.00 2.7 3.6 0.016 -0.071 679 640 13451 12090 30.7334 29.3972 12.02 
0.767 4 30.00 30.00 3.0 3.3 0.018 -0.069 677 636 13453 12092 30.0504 30.0504 12.02 
0.768 4 30.00 30.00 3.0 3.3 0.016 -0.058 678 643 13455 12095 30.0504 30.0504 12.02 
0.769 4 30.00 30.00 3.3 3.3 0.013 -0.049 684 646 13457 12097 29.3972 30.0504 12.01 
0.770 4 30.00 30.00 3.3 3.3 0.007 -0.042 695 657 13459 12099 29.3972 30.0504 12.01 
0.771 4 30.00 30.00 3.3 3.0 0.004 -0.042 702 662 13461 12101 29.3972 30.7334 12.01 
0.772 4 30.00 30.00 3.3 3.0 0.004 -0.042 700 661 13463 12103 29.3972 30.7334 12.01 
0.773 4 30.00 30.00 3.3 3.0 0.022 -0.042 705 668 13465 12106 29.3972 30.7334 12.01 
0.774 4 30.00 30.00 3.3 3.3 0.009 -0.040 706 667 13467 12108 29.3972 30.0504 12.02 
0.775 4 30.00 30.00 3.3 3.3 0.004 -0.042 700 654 13470 12110 29.3972 30.0504 12.02 
0.776 4 30.00 30.00 3.4 3.0 0.002 -0.047 698 655 13472 12112 29.3972 30.7334 12.02 
0.777 4 30.00 30.00 3.4 3.0 0.016 -0.042 709 662 13474 12114 29.3972 30.7334 12.02 
0.778 4 30.00 30.00 3.0 2.9 0.004 -0.040 698 669 13476 12117 30.0504 30.7334 12.02 
0.779 4 30.00 30.00 3.0 3.6 0.007 -0.038 693 663 13478 12119 30.0504 29.3972 12.04 
0.780 4 30.00 30.00 2.7 3.9 0.011 -0.047 694 655 13480 12121 30.7334 28.7717 12.04 
0.781 4 30.00 30.00 3.0 3.3 0.011 -0.056 688 641 13483 12123 30.0504 30.0504 12.04 
0.782 4 30.00 30.00 2.7 3.3 0.011 -0.058 684 644 13485 12125 30.7334 30.0504 12.04 
0.783 4 30.00 30.00 3.7 3.3 0.016 -0.051 679 652 13487 12127 28.7717 30.0504 12.04 
0.784 4 30.00 30.00 3.4 3.3 0.009 -0.045 694 660 13489 12130 29.3972 30.0504 12.04 
0.785 4 30.00 30.00 3.0 3.6 0.009 -0.045 699 660 13491 12132 30.0504 29.3972 12.04 
0.786 4 30.00 30.00 2.7 3.0 0.009 -0.051 694 650 13494 12134 30.7334 30.7334 12.04 
0.787 4 30.00 30.00 2.7 3.9 0.011 -0.047 680 650 13496 12136 30.7334 28.7717 12.04 
0.788 4 30.00 30.00 2.7 3.3 0.013 -0.054 681 648 13498 12138 30.7334 30.0504 12.04 
0.789 4 30.00 30.00 3.0 3.0 0.016 -0.051 679 650 13500 12141 30.0504 30.7334 12.06 
0.790 4 30.00 30.00 3.0 3.0 0.020 -0.047 675 659 13502 12143 30.0504 30.7334 12.06 
0.791 4 30.00 30.00 3.0 3.0 0.016 -0.042 682 664 13504 12145 30.0504 30.7334 12.06 
0.792 4 30.00 30.00 3.0 4.2 0.011 -0.042 684 667 13507 12147 30.0504 28.1723 12.06 
0.793 4 30.00 30.00 3.0 3.6 0.013 -0.056 686 650 13509 12149 30.0504 29.3972 12.06 
0.794 4 30.00 30.00 3.0 3.6 0.016 -0.067 684 640 13511 12151 30.0504 29.3972 12.04 
0.795 4 30.00 30.00 3.3 3.6 0.013 -0.067 689 644 13513 12153 29.3972 29.3972 12.04 
0.796 4 30.00 30.00 3.0 3.6 0.009 -0.065 696 644 13515 12156 30.0504 29.3972 12.04 
