%  1    time 0.000 sec
%  2    mission (0) state 2
%  3  4 Motor velocity ref left, right: 2.00 2.00
%  5  6 Motor voltage [V] left, right: 2.0 2.0
%  7 10 Motor current left, right [A]: 0.002 -0.002 677 681
% 11 12 Encoder left, right: 2599 2197
% 13 14 Wheel velocity [r/s] left, right: 0.0088 0.0000
% 15    Battery voltage [V]: 12.04
0.001 2 2.00 2.00 2.0 2.0 0.016 -0.040 705 654 2599 2197 0.0088 0.0000 12.04 
0.002 2 2.00 2.00 2.0 2.0 0.167 -0.074 742 627 2599 2197 0.0088 0.0000 12.04 
0.003 2 2.00 2.00 2.0 2.0 0.266 -0.085 757 615 2599 2197 0.0088 0.0000 12.04 
0.004 2 2.00 2.00 2.0 2.0 0.308 -0.089 760 611 2599 2197 0.0088 0.0000 12.04 
0.005 2 2.00 2.00 2.0 2.0 0.317 -0.098 763 602 2599 2197 0.0088 0.0000 11.94 
0.006 2 2.00 2.00 2.0 2.0 0.319 -0.100 759 602 2599 2197 0.0088 0.0000 11.94 
0.007 2 2.00 2.00 2.0 2.0 0.315 -0.096 762 604 2599 2197 0.0087 0.0000 11.94 
0.008 2 2.00 2.00 2.0 2.0 0.299 -0.089 758 611 2600 2198 0.0087 0.0000 11.94 
0.009 2 2.00 2.00 2.0 2.0 0.283 -0.085 756 614 2600 2198 0.0087 0.0000 11.94 
0.010 2 2.00 2.00 2.0 2.0 0.286 -0.087 757 611 2600 2198 0.0087 0.0000 11.93 
0.011 2 2.00 2.00 2.0 2.0 0.283 -0.083 755 613 2600 2198 0.0087 0.0000 11.93 
0.012 2 2.00 2.00 2.0 2.0 0.272 -0.080 756 614 2601 2199 4.0609 0.0000 11.93 
0.013 2 2.00 2.00 2.0 2.0 0.250 -0.083 746 615 2601 2199 4.0609 3.1521 11.93 
0.014 2 2.00 2.00 2.0 2.0 0.161 -0.083 733 617 2602 2199 4.0609 3.1521 11.93 
0.015 2 2.00 2.00 2.0 2.0 0.165 -0.080 735 621 2602 2200 5.2617 4.8295 11.94 
0.016 2 2.00 2.00 2.0 2.0 0.172 -0.080 737 621 2602 2200 5.2617 4.8295 11.94 
0.017 2 2.00 2.00 2.0 2.0 0.172 -0.076 735 623 2603 2200 5.9310 4.8295 11.94 
0.018 2 2.00 2.00 2.0 2.0 0.172 -0.074 739 623 2603 2201 5.9310 5.6111 11.94 
0.019 2 2.00 2.00 2.0 2.0 0.158 -0.074 737 621 2604 2201 6.3487 5.6111 11.94 
0.020 2 2.00 2.00 2.0 2.0 0.141 -0.071 736 623 2605 2202 6.3487 6.4702 11.99 
0.021 2 2.00 2.00 2.0 2.0 0.138 -0.071 732 625 2605 2202 7.3096 6.4702 11.99 
0.022 2 2.00 2.00 2.0 2.0 0.129 -0.071 729 626 2606 2203 7.3096 7.4301 11.99 
0.023 2 2.00 2.00 2.0 2.0 0.114 -0.071 732 624 2606 2204 7.7717 7.4301 11.99 
0.024 2 2.00 2.00 2.0 2.0 0.103 -0.067 723 632 2607 2204 8.3992 7.3096 11.99 
0.025 2 2.00 2.00 2.0 2.0 0.092 -0.065 725 632 2608 2205 8.3992 7.5970 12.02 
0.026 2 2.00 2.00 2.0 2.0 0.089 -0.065 726 637 2608 2205 8.7810 7.5970 12.02 
0.027 2 2.00 2.00 2.0 2.0 0.103 -0.060 726 643 2609 2206 9.0756 8.0974 12.02 
0.028 2 2.00 2.00 2.0 2.0 0.040 -0.065 712 638 2610 2206 9.0756 8.0974 12.02 
0.029 2 2.00 2.00 2.0 2.0 0.045 -0.065 714 635 2610 2207 9.2621 8.1462 12.02 
0.030 2 2.00 2.00 2.0 2.0 0.071 -0.062 714 638 2611 2208 9.5906 8.6132 11.98 
0.031 2 2.00 2.00 2.0 2.0 0.071 -0.060 716 642 2612 2208 10.0168 8.6132 11.98 
0.032 2 2.00 2.00 2.0 2.0 0.065 -0.060 717 637 2613 2209 10.0168 9.0756 11.98 
0.033 2 2.00 2.00 2.0 2.0 0.058 -0.062 714 634 2613 2210 10.4021 9.3908 11.98 
0.034 2 2.00 2.00 2.0 2.0 0.049 -0.060 717 635 2614 2210 10.7323 9.3908 11.98 
0.035 2 2.00 2.00 2.0 2.0 0.058 -0.062 718 635 2615 2211 10.9054 8.8965 12.02 
0.036 2 2.00 2.00 2.0 2.0 0.062 -0.062 715 636 2616 2212 10.9941 9.6591 12.02 
0.037 2 2.00 2.00 2.0 2.0 0.074 -0.058 722 638 2617 2213 10.9941 10.5646 12.02 
0.038 2 2.00 2.00 2.0 2.0 0.049 -0.062 717 639 2617 2213 11.6575 10.5646 12.02 
0.039 2 2.00 2.00 2.0 2.0 0.018 -0.058 706 643 2618 2214 11.4599 10.1674 12.02 
0.040 2 2.00 2.00 2.0 2.0 0.027 -0.058 713 645 2619 2215 11.9670 9.7991 11.98 
0.041 2 2.00 2.00 2.0 2.0 0.022 -0.058 713 642 2620 2216 12.1826 10.3227 11.98 
0.042 2 2.00 2.00 2.0 2.0 0.016 -0.058 707 642 2621 2216 12.2934 10.3227 11.98 
0.043 2 2.00 2.00 2.0 2.0 0.011 -0.058 707 646 2622 2217 12.0738 10.6478 11.98 
0.044 2 2.00 2.00 2.0 2.0 0.009 -0.056 708 642 2623 2218 12.5210 10.9941 11.98 
0.045 2 2.00 2.00 2.0 2.0 0.007 -0.056 707 644 2624 2219 12.5210 10.5646 11.96 
0.046 2 2.00 2.00 2.0 2.0 0.016 -0.054 706 643 2625 2220 13.0026 11.0842 11.96 
0.047 2 2.00 2.00 2.0 2.0 0.011 -0.058 706 640 2626 2220 13.5227 11.0842 11.96 
0.048 2 2.00 2.00 2.0 2.0 0.009 -0.056 702 637 2627 2221 13.0026 10.9941 11.96 
0.049 2 2.00 2.00 2.0 2.0 0.007 -0.054 699 642 2628 2222 13.0026 11.6575 11.96 
0.050 2 2.00 2.00 2.0 2.0 0.004 -0.056 704 639 2629 2223 13.3888 12.4061 12.02 
0.051 2 2.00 2.00 2.0 2.0 0.009 -0.054 699 641 2630 2224 13.2575 11.6575 12.02 
0.052 2 2.00 2.00 2.0 2.0 0.007 -0.051 702 642 2631 2225 13.1288 11.7589 12.02 
0.053 2 2.00 2.00 2.0 2.0 0.009 -0.054 706 646 2632 2226 13.9409 12.1826 12.02 
0.054 2 2.00 2.00 2.0 2.0 0.013 -0.051 708 645 2633 2227 13.9409 12.1826 12.02 
0.055 2 2.00 2.00 2.0 2.0 0.013 -0.051 700 650 2634 2228 13.0026 12.1826 11.98 
0.056 2 2.00 2.00 2.0 2.0 0.004 -0.049 697 649 2635 2228 13.3888 12.1826 11.98 
0.057 2 2.00 2.00 2.0 2.0 0.004 -0.054 701 644 2636 2229 14.2344 11.4599 11.98 
0.058 2 2.00 2.00 2.0 2.0 0.004 -0.051 702 650 2637 2230 14.2344 12.4061 11.98 
0.059 2 2.00 2.00 2.0 2.0 0.009 -0.051 701 653 2638 2231 12.8788 12.5210 11.98 
0.060 2 2.00 2.00 2.0 2.0 0.007 -0.049 705 651 2639 2232 13.5227 12.1826 12.01 
0.061 2 2.00 2.00 2.0 2.0 0.004 -0.047 699 652 2640 2233 14.0861 11.9670 12.01 
0.062 2 2.00 2.00 2.0 2.0 0.004 -0.049 699 652 2641 2234 14.3858 12.6380 12.01 
0.063 2 2.00 2.00 2.0 2.0 0.007 -0.049 698 648 2642 2235 14.8601 12.5210 12.01 
0.064 2 2.00 2.00 2.0 2.0 0.004 -0.049 702 646 2643 2236 14.8601 12.6380 12.01 
0.065 2 2.00 2.00 2.0 2.0 0.007 -0.051 697 643 2645 2237 15.3667 12.7573 12.02 
0.066 2 2.00 2.00 2.0 2.0 0.004 -0.051 700 642 2646 2238 15.1940 12.7573 12.02 
0.067 2 2.00 2.00 2.0 2.0 0.004 -0.051 701 645 2647 2239 14.8601 13.0026 12.02 
0.068 2 2.00 2.00 2.0 2.0 0.004 -0.047 702 648 2648 2240 15.0252 12.6380 12.02 
0.069 2 2.00 2.00 2.0 2.0 0.004 -0.047 708 652 2649 2241 15.1940 13.0026 12.02 
0.070 2 2.00 2.00 2.0 2.0 0.007 -0.047 697 651 2650 2242 15.3667 13.3888 12.01 
0.071 2 2.00 2.00 2.0 2.0 0.007 -0.049 697 654 2651 2242 15.3667 13.3888 12.01 
0.072 2 2.00 2.00 2.0 2.0 0.004 -0.047 696 656 2652 2243 15.0252 12.1826 12.01 
0.073 2 2.00 2.00 2.0 2.0 0.011 -0.049 694 654 2653 2245 15.3667 13.2575 12.01 
0.074 2 2.00 2.00 2.0 2.0 0.011 -0.049 695 651 2655 2246 15.3667 14.0861 12.01 
0.075 2 2.00 2.00 2.0 2.0 0.013 -0.049 693 650 2656 2246 15.5433 13.9409 11.99 
0.076 2 2.00 2.00 2.0 2.0 0.009 -0.051 696 652 2657 2247 15.7241 11.8620 11.99 
0.077 2 2.00 2.00 2.0 2.0 0.009 -0.049 692 648 2658 2248 15.7241 13.2575 11.99 
0.078 2 2.00 2.00 2.0 2.0 0.004 -0.049 687 651 2659 2249 15.7241 13.3888 11.99 
0.079 2 2.00 2.00 2.0 2.0 0.004 -0.049 697 649 2660 2250 15.7241 13.6593 11.99 
0.080 2 2.00 2.00 2.0 2.0 0.007 -0.049 695 652 2662 2251 15.7241 14.0861 11.94 
0.081 2 2.00 2.00 2.0 2.0 0.007 -0.047 695 649 2663 2252 15.9091 13.5227 11.94 
0.082 2 2.00 2.00 2.0 2.0 0.004 -0.047 702 648 2664 2253 15.7241 13.5227 11.94 
0.083 2 2.00 2.00 2.0 2.0 0.004 -0.045 701 650 2665 2254 15.9091 13.7987 11.94 
0.084 2 2.00 2.00 2.0 2.0 0.011 -0.047 697 653 2666 2255 15.9091 13.5227 11.94 
0.085 2 2.00 2.00 2.0 2.0 0.007 -0.047 698 658 2667 2257 15.9091 13.6593 12.02 
0.086 2 2.00 2.00 2.0 2.0 0.011 -0.045 696 655 2669 2258 15.9091 13.7987 12.02 
0.087 2 2.00 2.00 2.0 2.0 0.013 -0.045 698 659 2670 2259 15.7241 13.9409 12.02 
0.088 2 2.00 2.00 2.0 2.0 0.009 -0.047 693 658 2671 2260 15.9091 13.0026 12.02 
0.089 2 2.00 2.00 2.0 2.0 0.009 -0.045 695 659 2672 2261 15.9091 13.3888 12.02 
0.090 2 2.00 2.00 2.0 2.0 0.004 -0.047 703 658 2673 2262 16.0984 14.3858 12.01 
0.091 2 2.00 2.00 2.0 2.0 0.009 -0.047 693 657 2675 2263 16.4911 13.5227 12.01 
0.092 2 2.00 2.00 2.0 2.0 0.011 -0.047 693 652 2676 2264 16.4911 13.7987 12.01 
0.093 2 2.00 2.00 2.0 2.0 0.011 -0.047 693 650 2677 2265 16.2924 13.9409 12.01 
0.094 2 2.00 2.00 2.0 2.0 0.016 -0.047 687 647 2678 2266 16.2924 14.2344 12.01 
0.095 2 2.00 2.00 2.0 2.0 0.011 -0.045 696 651 2679 2267 16.2924 14.0861 12.01 
0.096 2 2.00 2.00 2.0 2.0 0.002 -0.047 699 653 2681 2268 17.1173 14.0861 12.01 
0.097 2 2.00 2.00 2.0 2.0 0.007 -0.047 694 650 2682 2269 16.2924 13.9409 12.01 
0.098 2 2.00 2.00 2.0 2.0 0.011 -0.047 691 657 2683 2270 16.2924 14.3858 12.01 
0.099 2 2.00 2.00 2.0 2.0 0.013 -0.047 695 657 2684 2271 17.1173 14.8601 12.01 
0.100 2 2.00 2.00 2.0 2.0 0.009 -0.047 691 655 2685 2272 16.9034 14.6986 12.02 
0.101 2 2.00 2.00 2.0 2.0 0.011 -0.045 690 658 2687 2273 15.9091 14.5405 12.02 
0.102 2 2.00 2.00 2.0 2.0 0.009 -0.045 692 659 2688 2274 16.6947 14.5405 12.02 
0.103 2 2.00 2.00 2.0 2.0 0.013 -0.045 695 658 2689 2275 16.9034 14.5405 12.02 
0.104 2 2.00 2.00 2.0 2.0 0.011 -0.047 688 658 2690 2276 17.3368 14.3858 12.02 
0.105 2 2.00 2.00 2.0 2.0 0.007 -0.047 694 653 2692 2278 17.5619 13.2575 12.02 
0.106 2 2.00 2.00 2.0 2.0 0.011 -0.047 692 661 2693 2279 17.3368 13.9409 12.02 
0.107 2 2.00 2.00 2.0 2.0 0.011 -0.045 690 655 2694 2280 16.9034 14.3858 12.02 
0.108 2 2.00 2.00 2.0 2.0 0.009 -0.042 691 661 2695 2281 16.9034 14.3858 12.02 
0.109 2 2.00 2.00 2.0 2.0 0.007 -0.045 698 663 2697 2282 16.9034 14.0861 12.02 
0.110 2 2.00 2.00 2.0 2.0 0.011 -0.047 694 657 2698 2283 17.3368 14.3858 12.02 
0.111 2 2.00 2.00 2.0 2.0 0.009 -0.045 690 657 2699 2284 17.1173 14.3858 12.02 
0.112 2 2.00 2.00 2.0 2.0 0.013 -0.047 692 655 2701 2285 16.6947 14.3858 12.02 
0.113 2 2.00 2.00 2.0 2.0 0.013 -0.047 690 652 2702 2286 17.1173 14.6986 12.02 
0.114 2 2.00 2.00 2.0 2.0 0.009 -0.047 687 649 2703 2287 17.1173 14.3858 12.02 
0.115 2 2.00 2.00 2.0 2.0 0.009 -0.045 686 650 2704 2288 17.1173 14.5405 11.99 
0.116 2 2.00 2.00 2.0 2.0 0.011 -0.047 689 652 2706 2289 17.3368 14.6986 11.99 
0.117 2 2.00 2.00 2.0 2.0 0.016 -0.047 687 657 2707 2290 17.3368 14.8601 11.99 
0.118 2 2.00 2.00 2.0 2.0 0.011 -0.042 688 661 2708 2291 17.1173 13.5227 11.99 
0.119 2 2.00 2.00 2.0 2.0 0.013 -0.045 691 658 2709 2293 16.9034 14.0861 11.99 
0.120 2 2.00 2.00 2.0 2.0 0.011 -0.047 691 656 2711 2294 16.9034 15.1940 11.96 
0.121 2 2.00 2.00 2.0 2.0 0.007 -0.045 694 658 2712 2295 16.6947 14.8601 11.96 
0.122 2 2.00 2.00 2.0 2.0 0.007 -0.047 699 658 2713 2296 16.9034 13.0026 11.96 
0.123 2 2.00 2.00 2.0 2.0 0.007 -0.045 695 660 2714 2297 16.6947 14.2344 11.96 
0.124 2 2.00 2.00 2.0 2.0 0.004 -0.045 696 657 2715 2298 16.6947 14.6986 11.96 
0.125 2 2.00 2.00 2.0 2.0 0.009 -0.045 695 658 2717 2299 16.9034 15.3667 12.01 
0.126 2 2.00 2.00 2.0 2.0 0.011 -0.045 691 653 2718 2300 16.9034 15.1940 12.01 
0.127 2 2.00 2.00 2.0 2.0 0.011 -0.045 693 649 2719 2301 16.9034 15.0252 12.01 
0.128 2 2.00 2.00 2.0 2.0 0.011 -0.045 694 651 2720 2302 16.9034 15.0252 12.01 
0.129 2 2.00 2.00 2.0 2.0 0.007 -0.045 693 655 2722 2303 17.5619 14.8601 12.01 
0.130 2 2.00 2.00 2.0 2.0 0.011 -0.042 689 655 2723 2305 17.3368 14.8601 12.01 
0.131 2 2.00 2.00 2.0 2.0 0.013 -0.042 694 659 2724 2306 17.1173 15.0252 12.01 
0.132 2 2.00 2.00 2.0 2.0 0.013 -0.045 690 659 2726 2307 17.3368 14.5405 12.01 
0.133 2 2.00 2.00 2.0 2.0 0.013 -0.042 686 663 2727 2308 17.3368 14.6986 12.01 
0.134 2 2.00 2.00 2.0 2.0 0.016 -0.045 695 659 2728 2309 18.0303 15.3667 12.01 
0.135 2 2.00 2.00 2.0 2.0 0.009 -0.047 695 659 2729 2310 17.7930 15.3667 12.01 
0.136 2 2.00 2.00 2.0 2.0 0.009 -0.045 691 660 2731 2311 17.1173 14.8601 12.01 
0.137 2 2.00 2.00 2.0 2.0 0.016 -0.045 689 659 2732 2312 18.0303 14.8601 12.01 
0.138 2 2.00 2.00 2.0 2.0 0.011 -0.042 683 661 2733 2313 17.7930 15.0252 12.01 
0.139 2 2.00 2.00 2.0 2.0 0.016 -0.045 689 660 2735 2314 16.6947 15.1940 12.01 
0.140 2 2.00 2.00 2.0 2.0 0.011 -0.047 690 656 2736 2316 17.5619 14.8601 12.02 
0.141 2 2.00 2.00 2.0 2.0 0.009 -0.045 689 656 2737 2317 17.7930 14.8601 12.02 
0.142 2 2.00 2.00 2.0 2.0 0.013 -0.045 686 651 2739 2318 18.2739 15.0252 12.02 
0.143 2 2.00 2.00 2.0 2.0 0.013 -0.047 684 647 2740 2319 18.5242 15.5433 12.02 
0.144 2 2.00 2.00 2.0 2.0 0.013 -0.045 688 650 2741 2320 18.2739 15.3667 12.02 
0.145 2 2.00 2.00 2.0 2.0 0.013 -0.045 688 657 2742 2321 17.5619 15.1940 12.04 
0.146 2 2.00 2.00 2.0 2.0 0.011 -0.045 693 659 2744 2322 17.5619 15.1940 12.04 
0.147 2 2.00 2.00 2.0 2.0 0.007 -0.045 693 662 2745 2323 17.7930 15.1940 12.04 
0.148 2 2.00 2.00 2.0 2.0 0.007 -0.045 687 659 2746 2324 17.7930 15.0252 12.04 
0.149 2 2.00 2.00 2.0 2.0 0.009 -0.047 690 652 2748 2326 17.5619 14.5405 12.04 
0.150 2 2.00 2.00 2.0 2.0 0.013 -0.042 688 662 2749 2327 17.3368 14.8601 12.02 
0.151 2 2.00 2.00 2.0 2.0 0.018 -0.047 687 660 2750 2328 17.3368 15.0252 12.02 
0.152 2 2.00 2.00 2.0 2.0 0.009 -0.042 689 661 2751 2329 17.3368 14.6986 12.02 
0.153 2 2.00 2.00 2.0 2.0 0.009 -0.042 693 666 2753 2330 17.3368 15.0252 12.02 
0.154 2 2.00 2.00 2.0 2.0 0.013 -0.045 688 659 2754 2331 17.3368 15.0252 12.02 
0.155 2 2.00 2.00 2.0 2.0 0.013 -0.045 690 658 2755 2332 17.3368 15.0252 11.94 
0.156 2 2.00 2.00 2.0 2.0 0.013 -0.049 691 649 2757 2333 17.3368 15.0252 11.94 
0.157 2 2.00 2.00 2.0 2.0 0.011 -0.045 689 651 2758 2334 17.5619 15.1940 11.94 
0.158 2 2.00 2.00 2.0 2.0 0.011 -0.047 692 648 2759 2336 17.3368 15.0252 11.94 
0.159 2 2.00 2.00 2.0 2.0 0.011 -0.047 696 650 2760 2337 17.1173 15.0252 11.94 
0.160 2 2.00 2.00 2.0 2.0 0.009 -0.042 693 657 2762 2338 17.3368 15.3667 11.99 
0.161 2 2.00 2.00 2.0 2.0 0.009 -0.045 691 660 2763 2339 17.3368 14.5405 11.99 
0.162 2 2.00 2.00 2.0 2.0 0.011 -0.045 692 661 2764 2340 17.5619 14.8601 11.99 
0.163 2 2.00 2.00 2.0 2.0 0.011 -0.045 686 657 2765 2341 17.5619 15.9091 11.99 
0.164 2 2.00 2.00 2.0 2.0 0.011 -0.045 688 659 2767 2342 17.3368 15.7241 11.99 
0.165 2 2.00 2.00 2.0 2.0 0.013 -0.047 689 654 2768 2343 17.5619 13.3888 11.96 
0.166 2 2.00 2.00 2.0 2.0 0.007 -0.047 688 659 2769 2344 17.7930 14.2344 11.96 
0.167 2 2.00 2.00 2.0 2.0 0.009 -0.045 687 659 2771 2346 18.0303 14.5405 11.96 
0.168 2 2.00 2.00 2.0 2.0 0.011 -0.047 683 660 2772 2347 17.5619 15.0252 11.96 
0.169 2 2.00 2.00 2.0 2.0 0.011 -0.047 685 654 2773 2348 17.7930 15.3667 11.96 
0.170 2 2.00 2.00 2.0 2.0 0.013 -0.045 687 655 2775 2349 17.7930 15.1940 12.02 
0.171 2 2.00 2.00 2.0 2.0 0.011 -0.045 690 656 2776 2350 18.5242 15.1940 12.02 
0.172 2 2.00 2.00 2.0 2.0 0.009 -0.045 698 653 2777 2351 18.2739 15.0252 12.02 
0.173 2 2.00 2.00 2.0 2.0 0.013 -0.045 689 652 2779 2352 17.5619 15.0252 12.02 
0.174 2 2.00 2.00 2.0 2.0 0.013 -0.045 692 658 2780 2353 18.2739 15.1940 12.02 
0.175 2 2.00 2.00 2.0 2.0 0.011 -0.042 689 657 2781 2354 18.2739 15.1940 11.99 
0.176 2 2.00 2.00 2.0 2.0 0.011 -0.042 690 658 2782 2355 17.1173 14.6986 11.99 
0.177 2 2.00 2.00 2.0 2.0 0.011 -0.045 690 656 2784 2357 17.3368 14.8601 11.99 
0.178 2 2.00 2.00 2.0 2.0 0.013 -0.047 692 658 2785 2358 18.0303 15.5433 11.99 
0.179 2 2.00 2.00 2.0 2.0 0.013 -0.045 682 662 2786 2359 18.2739 15.0252 11.99 
0.180 2 2.00 2.00 2.0 2.0 0.013 -0.047 688 659 2788 2360 18.5242 15.0252 12.01 
0.181 2 2.00 2.00 2.0 2.0 0.013 -0.045 687 660 2789 2361 18.2739 15.1940 12.01 
0.182 2 2.00 2.00 2.0 2.0 0.011 -0.042 688 662 2790 2362 17.5619 15.3667 12.01 
0.183 2 2.00 2.00 2.0 2.0 0.013 -0.045 688 664 2792 2363 17.5619 15.0252 12.01 
0.184 2 2.00 2.00 2.0 2.0 0.007 -0.042 695 660 2793 2364 17.5619 15.0252 12.01 
0.185 2 2.00 2.00 2.0 2.0 0.013 -0.045 690 657 2794 2366 17.7930 14.8601 11.99 
0.186 2 2.00 2.00 2.0 2.0 0.004 -0.047 693 658 2796 2367 17.5619 15.7241 11.99 
0.187 2 2.00 2.00 2.0 2.0 0.016 -0.047 691 658 2797 2368 17.5619 15.5433 11.99 
0.188 2 2.00 2.00 2.0 2.0 0.016 -0.045 692 657 2798 2369 17.5619 15.3667 11.99 
0.189 2 2.00 2.00 2.0 2.0 0.011 -0.042 686 661 2799 2370 17.5619 15.5433 11.99 
0.190 2 2.00 2.00 2.0 2.0 0.009 -0.042 690 661 2801 2371 17.5619 15.5433 12.01 
0.191 2 2.00 2.00 2.0 2.0 0.011 -0.045 691 657 2802 2372 17.7930 15.3667 12.01 
0.194 2 2.00 2.00 2.0 2.0 0.018 -0.047 691 652 2806 2376 17.7930 14.8601 12.01 
0.195 2 2.00 2.00 2.0 2.0 0.013 -0.040 686 659 2807 2377 17.7930 15.3667 12.01 
0.196 2 2.00 2.00 2.0 2.0 0.009 -0.045 691 666 2808 2377 17.5619 15.0252 12.01 
0.197 2 2.00 2.00 2.0 2.0 0.007 -0.045 695 660 2809 2378 17.7930 15.3667 12.01 
0.197 2 2.00 2.00 2.0 2.0 0.009 -0.045 693 655 2810 2379 17.7930 15.3667 12.01 
0.198 2 2.00 2.00 2.0 2.0 0.007 -0.042 693 663 2811 2380 17.7930 15.1940 12.01 
0.199 2 2.00 2.00 2.0 2.0 0.011 -0.045 687 656 2813 2381 17.7930 15.0252 12.01 
0.200 2 2.00 2.00 2.0 2.0 0.013 -0.042 684 657 2814 2382 17.7930 15.1940 12.01 
0.201 2 2.00 2.00 2.0 2.0 0.013 -0.045 685 659 2815 2384 17.7930 14.8601 12.01 
0.202 2 2.00 2.00 2.0 2.0 0.011 -0.045 681 661 2816 2385 17.7930 14.8601 12.01 
0.203 2 2.00 2.00 2.0 2.0 0.016 -0.045 687 660 2818 2386 18.2739 15.1940 12.01 
0.204 2 2.00 2.00 2.0 2.0 0.011 -0.045 683 658 2819 2387 18.0303 14.5405 12.01 
0.205 2 2.00 2.00 2.0 2.0 0.011 -0.042 685 654 2820 2388 17.7930 14.6986 12.01 
0.206 2 2.00 2.00 2.0 2.0 0.011 -0.045 685 648 2822 2389 18.0303 15.7241 12.04 
0.207 2 2.00 2.00 2.0 2.0 0.013 -0.047 686 653 2823 2390 17.7930 15.5433 12.04 
0.208 2 2.00 2.00 2.0 2.0 0.007 -0.042 693 653 2824 2391 18.2739 13.2575 12.04 
0.209 2 2.00 2.00 2.0 2.0 0.009 -0.042 698 656 2826 2392 18.0303 14.0861 12.04 
0.210 2 2.00 2.00 2.0 2.0 0.007 -0.047 691 660 2827 2393 17.3368 14.5405 12.04 
0.211 2 2.00 2.00 2.0 2.0 0.013 -0.047 689 658 2828 2395 18.0303 15.0252 12.02 
0.212 2 2.00 2.00 2.0 2.0 0.009 -0.045 689 662 2830 2396 17.7930 15.1940 12.02 
0.213 2 2.00 2.00 2.0 2.0 0.016 -0.042 692 658 2831 2397 17.1173 15.1940 12.02 
0.214 2 2.00 2.00 2.0 2.0 0.011 -0.045 688 660 2832 2398 17.5619 15.3667 12.02 
0.215 2 2.00 2.00 2.0 2.0 0.013 -0.045 693 656 2833 2399 17.7930 15.1940 12.02 
0.216 2 2.00 2.00 2.0 2.0 0.013 -0.045 691 653 2835 2400 18.0303 15.1940 11.98 
0.217 2 2.00 2.00 2.0 2.0 0.011 -0.045 687 652 2836 2401 18.5242 15.3667 11.98 
0.218 2 2.00 2.00 2.0 2.0 0.013 -0.045 690 651 2837 2402 18.2739 15.3667 11.98 
0.219 2 2.00 2.00 2.0 2.0 0.013 -0.042 688 655 2839 2403 17.7930 14.6986 11.98 
0.220 2 2.00 2.00 2.0 2.0 0.011 -0.045 688 657 2840 2405 17.7930 15.0252 11.98 
0.221 2 2.00 2.00 2.0 2.0 0.004 -0.047 697 661 2841 2406 17.7930 15.7241 12.02 
0.222 2 2.00 2.00 2.0 2.0 0.011 -0.045 685 660 2843 2407 18.0303 15.1940 12.02 
0.223 2 2.00 2.00 2.0 2.0 0.011 -0.042 684 659 2844 2408 17.5619 15.1940 12.02 
0.224 2 2.00 2.00 2.0 2.0 0.011 -0.045 688 659 2845 2409 17.7930 15.3667 12.02 
0.225 2 2.00 2.00 2.0 2.0 0.016 -0.042 679 666 2847 2410 17.7930 15.5433 12.02 
0.226 2 2.00 2.00 2.0 2.0 0.011 -0.042 683 665 2848 2411 17.7930 15.1940 11.99 
0.227 2 2.00 2.00 2.0 2.0 0.011 -0.047 687 660 2849 2413 18.0303 15.1940 11.99 
0.228 2 2.00 2.00 2.0 2.0 0.018 -0.045 687 654 2851 2414 18.0303 15.0252 11.99 
0.229 2 2.00 2.00 2.0 2.0 0.011 -0.042 685 653 2852 2415 18.0303 15.9091 11.99 
0.230 2 2.00 2.00 2.0 2.0 0.013 -0.045 685 651 2853 2416 18.0303 15.5433 11.99 
0.231 2 2.00 2.00 2.0 2.0 0.011 -0.045 685 651 2855 2417 18.0303 15.3667 12.01 
0.232 2 2.00 2.00 2.0 2.0 0.013 -0.045 690 655 2856 2418 17.7930 15.3667 12.01 
0.233 2 2.00 2.00 2.0 2.0 0.009 -0.045 694 658 2857 2419 18.0303 15.3667 12.01 
0.234 2 2.00 2.00 2.0 2.0 0.016 -0.045 688 656 2858 2420 17.7930 15.1940 12.01 
0.235 2 2.00 2.00 2.0 2.0 0.011 -0.047 688 655 2860 2422 17.7930 14.6986 12.01 
0.236 2 2.00 2.00 2.0 2.0 0.013 -0.042 691 662 2861 2423 17.7930 15.0252 11.99 
0.237 2 2.00 2.00 2.0 2.0 0.013 -0.045 686 656 2862 2424 17.5619 15.1940 11.99 
0.238 2 2.00 2.00 2.0 2.0 0.011 -0.045 689 663 2864 2425 17.5619 14.8601 11.99 
0.239 2 2.00 2.00 2.0 2.0 0.011 -0.042 691 663 2865 2426 17.7930 15.1940 11.99 
0.240 2 2.00 2.00 2.0 2.0 0.011 -0.045 690 664 2866 2427 18.0303 15.0252 11.99 
0.241 2 2.00 2.00 2.0 2.0 0.009 -0.045 689 659 2868 2428 17.7930 15.0252 11.98 
0.242 2 2.00 2.00 2.0 2.0 0.011 -0.045 688 653 2869 2429 17.7930 15.1940 11.98 
0.243 2 2.00 2.00 2.0 2.0 0.013 -0.047 684 657 2870 2430 17.5619 15.3667 11.98 
0.244 2 2.00 2.00 2.0 2.0 0.009 -0.047 689 652 2872 2432 17.5619 15.0252 11.98 
0.245 2 2.00 2.00 2.0 2.0 0.009 -0.042 695 654 2873 2433 18.0303 15.1940 11.98 
0.246 2 2.00 2.00 2.0 2.0 0.011 -0.042 687 650 2874 2434 17.5619 15.3667 12.01 
0.247 2 2.00 2.00 2.0 2.0 0.013 -0.042 685 656 2876 2435 17.5619 14.6986 12.01 
0.248 2 2.00 2.00 2.0 2.0 0.018 -0.045 686 656 2877 2436 18.0303 15.0252 12.01 
0.249 2 2.00 2.00 2.0 2.0 0.016 -0.045 688 654 2878 2437 17.1173 15.9091 12.01 
0.250 2 2.00 2.00 2.0 2.0 0.013 -0.045 683 659 2879 2438 17.5619 15.7241 12.01 
0.251 2 2.00 2.00 2.0 2.0 0.018 -0.045 686 658 2881 2439 17.7930 13.5227 11.96 
0.252 2 2.00 2.00 2.0 2.0 0.011 -0.045 689 660 2882 2440 18.5242 14.3858 11.96 
0.253 2 2.00 2.00 2.0 2.0 0.016 -0.045 685 660 2883 2442 18.2739 14.8601 11.96 
0.254 2 2.00 2.00 2.0 2.0 0.011 -0.045 688 661 2885 2443 18.5242 15.9091 11.96 
0.255 2 2.00 2.00 2.0 2.0 0.011 -0.042 683 662 2886 2444 18.0303 15.5433 11.96 
0.256 2 2.00 2.00 2.0 2.0 0.009 -0.045 688 658 2887 2445 18.0303 15.3667 12.01 
0.257 2 2.00 2.00 2.0 2.0 0.016 -0.045 697 658 2889 2446 17.7930 15.5433 12.01 
0.258 2 2.00 2.00 2.0 2.0 0.009 -0.045 694 651 2890 2447 18.2739 15.3667 12.01 
0.259 2 2.00 2.00 2.0 2.0 0.016 -0.042 691 653 2891 2449 18.2739 15.3667 12.01 
0.260 2 2.00 2.00 2.0 2.0 0.011 -0.042 688 659 2893 2450 17.7930 15.3667 12.01 
0.261 2 2.00 2.00 2.0 2.0 0.016 -0.045 687 660 2894 2451 18.0303 15.0252 12.01 
0.262 2 2.00 2.00 2.0 2.0 0.011 -0.045 686 658 2895 2452 18.0303 15.1940 12.01 
0.263 2 2.00 2.00 2.0 2.0 0.011 -0.045 692 659 2897 2453 18.0303 15.9091 12.01 
0.264 2 2.00 2.00 2.0 2.0 0.013 -0.045 686 659 2898 2454 18.2739 15.7241 12.01 
0.265 2 2.00 2.00 2.0 2.0 0.013 -0.045 690 661 2899 2455 18.0303 15.0252 12.01 
0.266 2 2.00 2.00 2.0 2.0 0.013 -0.045 688 659 2901 2456 18.0303 15.1940 12.02 
0.267 2 2.00 2.00 2.0 2.0 0.011 -0.042 681 662 2902 2458 18.0303 15.1940 12.02 
0.268 2 2.00 2.00 2.0 2.0 0.013 -0.045 689 660 2903 2459 18.0303 15.3667 12.02 
0.269 2 2.00 2.00 2.0 2.0 0.009 -0.045 691 661 2905 2460 17.5619 15.0252 12.02 
0.270 2 2.00 2.00 2.0 2.0 0.007 -0.042 690 661 2906 2461 17.7930 14.8601 12.02 
0.271 2 2.00 2.00 2.0 2.0 0.011 -0.045 686 659 2907 2462 17.7930 15.1940 11.99 
0.272 2 2.00 2.00 2.0 2.0 0.011 -0.047 690 660 2909 2463 17.7930 15.7241 11.99 
0.273 2 2.00 2.00 2.0 2.0 0.011 -0.045 689 657 2910 2464 17.7930 15.3667 11.99 
0.274 2 2.00 2.00 2.0 2.0 0.013 -0.045 684 658 2911 2465 17.7930 15.1940 11.99 
0.275 2 2.00 2.00 2.0 2.0 0.013 -0.047 690 659 2912 2467 17.7930 15.3667 11.99 
0.276 2 2.00 2.00 2.0 2.0 0.011 -0.045 687 658 2914 2468 18.5242 15.5433 12.01 
0.277 2 2.00 2.00 2.0 2.0 0.013 -0.042 685 650 2915 2469 18.2739 14.6986 12.01 
0.278 2 2.00 2.00 2.0 2.0 0.011 -0.042 686 651 2916 2470 17.7930 15.1940 12.01 
0.279 2 2.00 2.00 2.0 2.0 0.011 -0.045 687 651 2918 2471 17.7930 15.5433 12.01 
0.280 2 2.00 2.00 2.0 2.0 0.013 -0.045 686 653 2919 2472 18.0303 15.3667 12.01 
0.281 2 2.00 2.00 2.0 2.0 0.009 -0.045 694 657 2921 2473 18.5242 15.0252 12.02 
0.282 2 2.00 2.00 2.0 2.0 0.007 -0.045 696 660 2922 2474 17.3368 15.1940 12.02 
0.283 2 2.00 2.00 2.0 2.0 0.011 -0.045 689 660 2923 2475 17.7930 15.1940 12.02 
0.284 2 2.00 2.00 2.0 2.0 0.018 -0.047 689 657 2924 2477 18.2739 15.1940 12.02 
0.285 2 2.00 2.00 2.0 2.0 0.011 -0.047 687 657 2926 2478 18.2739 15.1940 12.02 
0.286 2 2.00 2.00 2.0 2.0 0.018 -0.045 690 656 2927 2479 17.3368 15.1940 12.02 
0.287 2 2.00 2.00 2.0 2.0 0.016 -0.042 690 661 2928 2480 17.7930 15.1940 12.02 
0.288 2 2.00 2.00 2.0 2.0 0.013 -0.045 691 665 2930 2481 18.0303 15.3667 12.02 
0.289 2 2.00 2.00 2.0 2.0 0.018 -0.045 686 662 2931 2482 18.2739 15.3667 12.02 
0.290 2 2.00 2.00 2.0 2.0 0.011 -0.045 687 664 2932 2483 18.7815 14.6986 12.02 
0.291 2 2.00 2.00 2.0 2.0 0.011 -0.042 687 661 2934 2485 18.5242 15.0252 12.01 
0.292 2 2.00 2.00 2.0 2.0 0.011 -0.047 687 654 2935 2486 18.0303 16.0984 12.01 
0.293 2 2.00 2.00 2.0 2.0 0.016 -0.045 693 652 2936 2487 17.7930 14.5405 12.01 
0.294 2 2.00 2.00 2.0 2.0 0.013 -0.047 687 653 2938 2488 18.0303 15.0252 12.01 
0.295 2 2.00 2.00 2.0 2.0 0.013 -0.045 689 651 2939 2489 18.0303 15.0252 12.01 
0.296 2 2.00 2.00 2.0 2.0 0.013 -0.045 685 654 2940 2490 17.5619 15.3667 12.04 
0.297 2 2.00 2.00 2.0 2.0 0.011 -0.042 684 654 2942 2491 17.7930 15.9091 12.04 
0.298 2 2.00 2.00 2.0 2.0 0.016 -0.045 686 657 2943 2492 17.7930 15.5433 12.04 
0.299 2 2.00 2.00 2.0 2.0 0.011 -0.045 689 658 2944 2493 17.7930 15.3667 12.04 
0.300 2 2.00 2.00 2.0 2.0 0.009 -0.045 689 656 2946 2495 18.0303 15.3667 12.04 
0.301 2 2.00 2.00 2.0 2.0 0.016 -0.047 687 657 2947 2496 18.0303 15.1940 12.02 
0.302 2 2.00 2.00 2.0 2.0 0.009 -0.045 687 663 2948 2497 18.0303 15.1940 12.02 
0.303 2 2.00 2.00 2.0 2.0 0.011 -0.042 688 661 2949 2498 18.0303 15.3667 12.02 
0.304 2 2.00 2.00 2.0 2.0 0.016 -0.047 692 662 2951 2499 18.0303 14.6986 12.02 
0.305 2 2.00 2.00 2.0 2.0 0.011 -0.042 691 660 2952 2500 17.7930 14.8601 12.02 
0.306 2 2.00 2.00 2.0 2.0 0.009 -0.045 695 661 2953 2501 18.0303 15.5433 11.99 
0.307 2 2.00 2.00 2.0 2.0 0.009 -0.045 693 658 2955 2502 17.7930 15.5433 11.99 
0.308 2 2.00 2.00 2.0 2.0 0.013 -0.045 691 662 2956 2504 18.0303 15.0252 11.99 
0.309 2 2.00 2.00 2.0 2.0 0.013 -0.045 687 660 2957 2505 18.2739 15.0252 11.99 
0.310 2 2.00 2.00 2.0 2.0 0.009 -0.045 687 660 2959 2506 18.0303 15.3667 11.99 
0.311 2 2.00 2.00 2.0 2.0 0.011 -0.042 686 660 2960 2507 18.0303 15.0252 12.02 
0.312 2 2.00 2.00 2.0 2.0 0.009 -0.045 691 660 2961 2508 18.2739 15.0252 12.02 
0.313 2 2.00 2.00 2.0 2.0 0.013 -0.045 687 653 2963 2509 18.2739 14.8601 12.02 
0.314 2 2.00 2.00 2.0 2.0 0.013 -0.045 688 653 2964 2510 18.0303 15.1940 12.02 
0.315 2 2.00 2.00 2.0 2.0 0.013 -0.042 681 651 2965 2511 18.2739 15.9091 12.02 
0.316 2 2.00 2.00 2.0 2.0 0.013 -0.045 685 653 2967 2513 18.0303 15.5433 12.02 
0.317 2 2.00 2.00 2.0 2.0 0.011 -0.042 687 656 2968 2514 18.7815 15.3667 12.02 
0.318 2 2.00 2.00 2.0 2.0 0.013 -0.045 692 660 2969 2515 18.5242 15.5433 12.02 
0.319 2 2.00 2.00 2.0 2.0 0.011 -0.042 688 660 2971 2516 17.7930 15.3667 12.02 
0.320 2 2.00 2.00 2.0 2.0 0.011 -0.047 688 660 2972 2517 18.5242 14.8601 12.02 
0.321 2 2.00 2.00 2.0 2.0 0.013 -0.045 687 661 2973 2518 18.5242 15.1940 12.04 
0.322 2 2.00 2.00 2.0 2.0 0.018 -0.045 688 658 2975 2519 17.3368 15.5433 12.04 
0.323 2 2.00 2.00 2.0 2.0 0.011 -0.045 690 663 2976 2520 18.0303 15.3667 12.04 
0.324 2 2.00 2.00 2.0 2.0 0.009 -0.042 696 664 2977 2521 18.0303 15.0252 12.04 
0.325 2 2.00 2.00 2.0 2.0 0.011 -0.042 689 664 2979 2523 17.7930 15.1940 12.04 
0.326 2 2.00 2.00 2.0 2.0 0.013 -0.042 685 660 2980 2524 18.7815 15.1940 12.02 
0.327 2 2.00 2.00 2.0 2.0 0.013 -0.047 687 655 2981 2525 18.5242 15.1940 12.02 
0.328 2 2.00 2.00 2.0 2.0 0.013 -0.047 692 654 2983 2526 17.7930 15.3667 12.02 
0.329 2 2.00 2.00 2.0 2.0 0.016 -0.045 689 653 2984 2527 17.7930 15.1940 12.02 
0.330 2 2.00 2.00 2.0 2.0 0.004 -0.042 696 651 2985 2528 17.7930 15.1940 12.02 
0.331 2 2.00 2.00 2.0 2.0 0.011 -0.042 690 654 2987 2529 18.0303 15.3667 11.98 
0.332 2 2.00 2.00 2.0 2.0 0.009 -0.045 691 661 2988 2530 17.5619 15.5433 11.98 
0.333 2 2.00 2.00 2.0 2.0 0.016 -0.042 688 659 2989 2532 17.7930 14.8601 11.98 
0.334 2 2.00 2.00 2.0 2.0 0.011 -0.042 686 660 2991 2533 17.7930 16.0984 11.98 
0.335 2 2.00 2.00 2.0 2.0 0.013 -0.045 688 661 2992 2534 17.7930 15.9091 11.98 
0.336 2 2.00 2.00 2.0 2.0 0.013 -0.047 685 657 2993 2535 18.0303 13.5227 11.98 
0.337 2 2.00 2.00 2.0 2.0 0.013 -0.045 685 661 2995 2536 18.0303 14.3858 11.98 
0.338 2 2.00 2.00 2.0 2.0 0.011 -0.045 685 658 2996 2537 18.0303 14.6986 11.98 
0.339 2 2.00 2.00 2.0 2.0 0.011 -0.045 683 659 2997 2538 18.0303 15.0252 11.98 
0.340 2 2.00 2.00 2.0 2.0 0.016 -0.045 683 656 2999 2539 18.0303 15.7241 11.98 
0.341 2 2.00 2.00 2.0 2.0 0.011 -0.045 689 657 3000 2541 17.7930 15.5433 11.98 
0.342 2 2.00 2.00 2.0 2.0 0.004 -0.045 696 659 3001 2542 18.0303 15.3667 11.98 
0.343 2 2.00 2.00 2.0 2.0 0.009 -0.047 687 654 3003 2543 18.0303 15.1940 11.98 
0.344 2 2.00 2.00 2.0 2.0 0.009 -0.042 692 649 3004 2544 18.2739 15.1940 11.98 
0.345 2 2.00 2.00 2.0 2.0 0.013 -0.045 685 655 3005 2545 18.2739 15.1940 11.98 
0.346 2 2.00 2.00 2.0 2.0 0.011 -0.042 689 659 3007 2546 18.0303 15.3667 12.01 
0.347 2 2.00 2.00 2.0 2.0 0.011 -0.042 688 652 3008 2547 18.0303 14.6986 12.01 
0.348 2 2.00 2.00 2.0 2.0 0.011 -0.042 693 659 3009 2548 18.2739 14.8601 12.01 
0.349 2 2.00 2.00 2.0 2.0 0.013 -0.047 686 655 3011 2550 18.5242 15.5433 12.01 
0.350 2 2.00 2.00 2.0 2.0 0.016 -0.042 686 657 3012 2551 18.0303 15.3667 12.01 
0.351 2 2.00 2.00 2.0 2.0 0.013 -0.045 687 660 3013 2552 18.2739 15.1940 12.02 
0.352 2 2.00 2.00 2.0 2.0 0.013 -0.047 686 664 3015 2553 18.0303 15.3667 12.02 
0.353 2 2.00 2.00 2.0 2.0 0.011 -0.042 689 661 3016 2554 18.7815 15.5433 12.02 
0.354 2 2.00 2.00 2.0 2.0 0.007 -0.042 694 664 3017 2555 18.5242 15.1940 12.02 
0.355 2 2.00 2.00 2.0 2.0 0.013 -0.045 687 661 3019 2556 17.7930 15.1940 12.02 
0.356 2 2.00 2.00 2.0 2.0 0.013 -0.047 685 655 3020 2557 18.5242 15.0252 11.98 
0.357 2 2.00 2.00 2.0 2.0 0.018 -0.045 685 657 3021 2559 18.5242 15.1940 11.98 
0.358 2 2.00 2.00 2.0 2.0 0.011 -0.047 683 659 3023 2560 17.3368 15.7241 11.98 
0.359 2 2.00 2.00 2.0 2.0 0.011 -0.049 685 655 3024 2561 18.0303 15.1940 11.98 
0.360 2 2.00 2.00 2.0 2.0 0.007 -0.045 690 657 3025 2562 18.0303 15.3667 11.98 
0.361 2 2.00 2.00 2.0 2.0 0.016 -0.045 684 653 3027 2563 18.5242 15.3667 12.02 
0.362 2 2.00 2.00 2.0 2.0 0.016 -0.045 688 653 3028 2564 19.0460 15.1940 12.02 
0.363 2 2.00 2.00 2.0 2.0 0.013 -0.045 683 649 3029 2565 18.5242 14.6986 12.02 
0.364 2 2.00 2.00 2.0 2.0 0.011 -0.042 689 650 3031 2566 18.0303 15.0252 12.02 
0.365 2 2.00 2.00 2.0 2.0 0.007 -0.045 688 656 3032 2567 17.7930 15.3667 12.02 
0.366 2 2.00 2.00 2.0 2.0 0.007 -0.042 695 658 3033 2569 18.0303 15.1940 11.96 
0.367 2 2.00 2.00 2.0 2.0 0.013 -0.045 691 663 3035 2570 18.2739 14.8601 11.96 
0.368 2 2.00 2.00 2.0 2.0 0.016 -0.045 690 662 3036 2571 17.7930 15.1940 11.96 
0.369 2 2.00 2.00 2.0 2.0 0.013 -0.045 687 659 3037 2572 18.0303 15.1940 11.96 
0.370 2 2.00 2.00 2.0 2.0 0.016 -0.047 688 661 3039 2573 18.0303 15.1940 11.96 
0.371 2 2.00 2.00 2.0 2.0 0.009 -0.045 690 657 3040 2574 18.0303 15.3667 12.02 
0.372 2 2.00 2.00 2.0 2.0 0.011 -0.045 689 656 3041 2575 18.0303 15.0252 12.02 
0.373 2 2.00 2.00 2.0 2.0 0.016 -0.045 690 660 3043 2576 18.0303 15.1940 12.02 
0.374 2 2.00 2.00 2.0 2.0 0.013 -0.045 683 665 3044 2578 18.0303 15.3667 12.02 
0.375 2 2.00 2.00 2.0 2.0 0.016 -0.042 686 663 3045 2579 18.0303 15.5433 12.02 
0.376 2 2.00 2.00 2.0 2.0 0.020 -0.045 686 664 3047 2580 18.2739 14.6986 12.01 
0.377 2 2.00 2.00 2.0 2.0 0.011 -0.045 690 657 3048 2581 17.7930 16.0984 12.01 
0.378 2 2.00 2.00 2.0 2.0 0.007 -0.045 701 656 3049 2582 18.0303 15.9091 12.01 
0.379 2 2.00 2.00 2.0 2.0 0.011 -0.045 695 653 3051 2583 17.7930 14.6986 12.01 
0.380 2 2.00 2.00 2.0 2.0 0.013 -0.045 693 650 3052 2584 18.0303 15.0252 12.01 
0.381 2 2.00 2.00 2.0 2.0 0.016 -0.045 689 653 3053 2585 18.2739 15.1940 11.98 
0.382 2 2.00 2.00 2.0 2.0 0.013 -0.045 686 651 3055 2587 18.0303 15.3667 11.98 
0.383 2 2.00 2.00 2.0 2.0 0.018 -0.042 690 651 3056 2588 18.0303 15.7241 11.98 
0.384 2 2.00 2.00 2.0 2.0 0.009 -0.042 691 657 3057 2589 18.0303 15.5433 11.98 
0.385 2 2.00 2.00 2.0 2.0 0.013 -0.042 688 658 3059 2590 18.5242 15.5433 11.98 
0.386 2 2.00 2.00 2.0 2.0 0.011 -0.042 689 658 3060 2591 18.0303 15.3667 11.98 
0.387 2 2.00 2.00 2.0 2.0 0.013 -0.042 684 662 3061 2592 18.2739 15.3667 11.98 
0.388 2 2.00 2.00 2.0 2.0 0.013 -0.045 683 661 3063 2593 18.0303 15.5433 11.98 
0.389 2 2.00 2.00 2.0 2.0 0.013 -0.042 689 662 3064 2594 18.7815 15.7241 11.98 
0.390 2 2.00 2.00 2.0 2.0 0.004 -0.045 690 665 3065 2596 18.5242 15.0252 11.98 
0.391 2 2.00 2.00 2.0 2.0 0.011 -0.040 687 657 3067 2597 17.7930 15.9091 12.01 
0.392 2 2.00 2.00 2.0 2.0 0.011 -0.045 685 661 3068 2598 18.7815 15.7241 12.01 
0.393 2 2.00 2.00 2.0 2.0 0.013 -0.045 685 658 3069 2599 18.5242 15.1940 12.01 
0.394 2 2.00 2.00 2.0 2.0 0.013 -0.042 681 656 3071 2600 17.3368 15.0252 12.01 
0.395 2 2.00 2.00 2.0 2.0 0.011 -0.045 688 657 3072 2601 18.0303 15.1940 12.01 
0.396 2 2.00 2.00 2.0 2.0 0.011 -0.045 687 651 3073 2602 18.2739 15.3667 12.02 
0.397 2 2.00 2.00 2.0 2.0 0.011 -0.045 688 652 3075 2603 18.5242 15.0252 12.02 
0.398 2 2.00 2.00 2.0 2.0 0.013 -0.045 683 653 3076 2605 19.0460 15.0252 12.02 
0.399 2 2.00 2.00 2.0 2.0 0.011 -0.045 684 656 3077 2606 18.7815 14.8601 12.02 
0.400 2 2.00 2.00 2.0 2.0 0.011 -0.042 684 659 3079 2607 18.2739 15.7241 12.02 
0.401 4 3.00 3.00 3.0 3.0 0.009 -0.047 687 663 3080 2608 18.0303 15.5433 12.04 
0.402 4 3.00 3.00 3.0 3.0 0.029 -0.058 707 646 3081 2609 18.2739 15.1940 12.04 
0.403 4 3.00 3.00 3.0 3.0 0.056 -0.078 718 631 3083 2610 18.5242 15.3667 12.04 
0.404 4 3.00 3.00 3.0 3.0 0.098 -0.087 724 626 3084 2611 18.0303 15.7241 12.04 
0.405 4 3.00 3.00 3.0 3.0 0.109 -0.094 726 622 3085 2613 18.5242 15.7241 12.04 
0.406 4 3.00 3.00 3.0 3.0 0.103 -0.100 728 619 3087 2614 18.7815 15.9091 11.96 
0.407 4 3.00 3.00 3.0 3.0 0.105 -0.087 728 624 3088 2615 19.0460 16.4911 11.96 
0.408 4 3.00 3.00 3.0 3.0 0.103 -0.087 725 625 3090 2616 19.3181 16.4911 11.96 
0.409 4 3.00 3.00 3.0 3.0 0.071 -0.083 714 627 3091 2617 19.5981 16.4911 11.96 
0.410 4 3.00 3.00 3.0 3.0 0.078 -0.083 723 625 3093 2619 19.8863 16.9034 11.96 
0.411 4 3.00 3.00 3.0 3.0 0.083 -0.087 718 627 3094 2620 20.1831 17.3368 11.96 
0.412 4 3.00 3.00 3.0 3.0 0.105 -0.094 727 624 3096 2621 19.8863 17.5619 11.96 
0.413 4 3.00 3.00 3.0 3.0 0.145 -0.083 733 632 3097 2623 19.8863 17.7930 11.96 
0.414 4 3.00 3.00 3.0 3.0 0.085 -0.080 721 634 3099 2624 19.8863 18.0303 11.96 
0.415 4 3.00 3.00 3.0 3.0 0.085 -0.080 721 633 3100 2625 20.4889 18.2739 11.96 
0.416 4 3.00 3.00 3.0 3.0 0.076 -0.080 717 632 3102 2627 20.8041 18.2739 11.91 
0.417 4 3.00 3.00 3.0 3.0 0.069 -0.083 720 631 3103 2628 20.8041 17.7930 11.91 
0.418 4 3.00 3.00 3.0 3.0 0.083 -0.087 717 627 3105 2629 20.8041 19.0460 11.91 
0.419 4 3.00 3.00 3.0 3.0 0.051 -0.080 714 629 3106 2631 21.8108 18.5242 11.91 
0.420 4 3.00 3.00 3.0 3.0 0.038 -0.083 708 628 3108 2632 21.4646 18.2739 11.91 
0.421 4 3.00 3.00 3.0 3.0 0.038 -0.083 712 627 3110 2633 21.8108 18.5242 11.98 
0.422 4 3.00 3.00 3.0 3.0 0.040 -0.080 713 630 3111 2635 21.8108 19.8863 11.98 
0.423 4 3.00 3.00 3.0 3.0 0.065 -0.076 718 630 3113 2636 22.9198 19.5981 11.98 
0.424 4 3.00 3.00 3.0 3.0 0.033 -0.076 709 631 3114 2638 21.8108 19.8863 11.98 
0.425 4 3.00 3.00 3.0 3.0 0.027 -0.071 712 630 3116 2639 23.3150 19.8863 11.98 
0.426 4 3.00 3.00 3.0 3.0 0.025 -0.069 710 639 3118 2641 22.9198 20.1831 11.98 
0.427 4 3.00 3.00 3.0 3.0 0.025 -0.069 710 636 3119 2642 22.5378 20.1831 11.98 
0.428 4 3.00 3.00 3.0 3.0 0.036 -0.069 709 639 3121 2644 23.3150 19.5981 11.98 
0.429 4 3.00 3.00 3.0 3.0 0.013 -0.074 707 639 3123 2645 22.9198 20.8041 11.98 
0.430 4 3.00 3.00 3.0 3.0 0.009 -0.065 706 639 3125 2647 24.1477 20.1831 11.98 
0.431 4 3.00 3.00 3.0 3.0 0.011 -0.069 704 639 3126 2648 23.3150 20.4889 11.96 
0.432 4 3.00 3.00 3.0 3.0 0.025 -0.067 710 643 3128 2650 23.3150 21.1292 11.96 
0.433 4 3.00 3.00 3.0 3.0 0.047 -0.067 714 643 3130 2651 23.7240 20.8041 11.96 
0.434 4 3.00 3.00 3.0 3.0 0.018 -0.069 709 638 3131 2653 23.7240 20.4889 11.96 
0.435 4 3.00 3.00 3.0 3.0 0.011 -0.067 708 641 3133 2654 23.7240 21.1292 11.96 
0.436 4 3.00 3.00 3.0 3.0 0.011 -0.067 709 638 3135 2656 23.7240 21.4646 11.96 
0.437 4 3.00 3.00 3.0 3.0 0.011 -0.065 706 637 3137 2658 23.7240 21.1292 11.96 
0.438 4 3.00 3.00 3.0 3.0 0.009 -0.067 706 639 3138 2659 23.7240 21.8108 11.96 
0.439 4 3.00 3.00 3.0 3.0 0.004 -0.065 708 637 3140 2661 23.7240 21.4646 11.96 
0.440 4 3.00 3.00 3.0 3.0 0.002 -0.065 702 641 3142 2662 24.1477 21.4646 11.96 
0.441 4 3.00 3.00 3.0 3.0 0.009 -0.062 705 642 3144 2664 24.1477 21.4646 11.96 
0.442 4 3.00 3.00 3.0 3.0 0.047 -0.062 719 642 3145 2665 24.1477 21.1292 11.96 
0.443 4 3.00 3.00 3.0 3.0 0.011 -0.060 700 642 3147 2667 24.1477 21.8108 11.96 
0.444 4 3.00 3.00 3.0 3.0 0.004 -0.065 707 641 3149 2669 24.5867 21.8108 11.96 
0.445 4 3.00 3.00 3.0 3.0 0.002 -0.062 704 640 3151 2670 24.1477 21.8108 11.96 
0.446 4 3.00 3.00 3.0 3.0 0.007 -0.060 706 644 3153 2672 24.1477 21.8108 11.98 
0.447 4 3.00 3.00 3.0 3.0 0.011 -0.060 702 646 3155 2674 25.0420 21.8108 11.98 
0.448 4 3.00 3.00 3.0 3.0 0.004 -0.058 700 644 3156 2675 24.5867 21.1292 11.98 
0.449 4 3.00 3.00 3.0 3.0 0.004 -0.060 701 642 3158 2677 24.5867 21.4646 11.98 
0.450 4 3.00 3.00 3.0 3.0 0.004 -0.060 700 645 3160 2678 26.0052 22.9198 11.98 
0.451 4 3.00 3.00 3.0 3.0 0.016 -0.065 705 642 3162 2680 24.5867 21.4646 11.96 
0.452 4 3.00 3.00 3.0 3.0 0.007 -0.062 704 642 3164 2682 25.0420 21.8108 11.96 
0.453 4 3.00 3.00 3.0 3.0 0.002 -0.058 698 641 3166 2683 25.5145 23.3150 11.96 
0.454 4 3.00 3.00 3.0 3.0 0.002 -0.060 701 643 3167 2685 24.5867 22.5378 11.96 
0.455 4 3.00 3.00 3.0 3.0 0.004 -0.056 704 644 3169 2687 25.5145 22.5378 11.96 
0.456 4 3.00 3.00 3.0 3.0 0.002 -0.058 701 641 3171 2688 26.0052 22.5378 11.99 
0.457 4 3.00 3.00 3.0 3.0 0.002 -0.056 699 644 3173 2690 26.5151 22.9198 11.99 
0.458 4 3.00 3.00 3.0 3.0 0.004 -0.056 699 646 3175 2692 25.5145 22.1684 11.99 
0.459 4 3.00 3.00 3.0 3.0 0.009 -0.058 704 646 3177 2693 26.0052 23.3150 11.99 
0.460 4 3.00 3.00 3.0 3.0 0.007 -0.056 701 644 3179 2695 26.0052 22.5378 11.99 
0.461 4 3.00 3.00 3.0 3.0 0.004 -0.058 703 646 3181 2697 25.5145 22.9198 11.98 
0.462 4 3.00 3.00 3.0 3.0 0.007 -0.056 699 647 3183 2698 25.5145 23.3150 11.98 
0.463 4 3.00 3.00 3.0 3.0 0.004 -0.054 702 646 3184 2700 25.5145 22.9198 11.98 
0.464 4 3.00 3.00 3.0 3.0 0.004 -0.058 699 642 3186 2702 26.0052 22.5378 11.98 
0.465 4 3.00 3.00 3.0 3.0 0.002 -0.058 703 647 3188 2703 25.5145 24.1477 11.98 
0.466 4 3.00 3.00 3.0 3.0 0.007 -0.056 698 646 3190 2705 26.0052 23.3150 11.98 
0.467 4 3.00 3.00 3.0 3.0 0.004 -0.051 706 649 3192 2707 25.5145 23.7240 11.98 
0.468 4 3.00 3.00 3.0 3.0 0.011 -0.051 699 646 3194 2709 25.5145 23.3150 11.98 
0.469 4 3.00 3.00 3.0 3.0 0.004 -0.054 699 646 3196 2710 25.5145 22.9198 11.98 
0.470 4 3.00 3.00 3.0 3.0 0.007 -0.054 698 643 3198 2712 26.0052 23.3150 11.98 
0.471 4 3.00 3.00 3.0 3.0 0.007 -0.047 698 647 3200 2714 26.0052 22.9198 11.94 
0.472 4 3.00 3.00 3.0 3.0 0.007 -0.054 699 648 3201 2715 26.0052 23.3150 11.94 
0.473 4 3.00 3.00 3.0 3.0 0.004 -0.058 699 646 3203 2717 26.5151 23.3150 11.94 
0.474 4 3.00 3.00 3.0 3.0 0.007 -0.056 695 647 3205 2719 26.5151 23.3150 11.94 
0.475 4 3.00 3.00 3.0 3.0 0.004 -0.056 694 647 3207 2721 26.0052 23.3150 11.94 
0.476 4 3.00 3.00 3.0 3.0 0.007 -0.054 703 649 3209 2722 26.5151 23.7240 12.01 
0.477 4 3.00 3.00 3.0 3.0 0.007 -0.054 697 646 3211 2724 26.0052 22.9198 12.01 
0.478 4 3.00 3.00 3.0 3.0 0.002 -0.058 694 644 3213 2726 26.5151 23.7240 12.01 
0.479 4 3.00 3.00 3.0 3.0 0.007 -0.054 696 646 3215 2727 25.5145 22.5378 12.01 
0.480 4 3.00 3.00 3.0 3.0 0.004 -0.056 695 644 3217 2729 26.5151 23.3150 12.01 
0.481 4 3.00 3.00 3.0 3.0 0.007 -0.054 697 647 3219 2731 27.0454 24.5867 11.99 
0.482 4 3.00 3.00 3.0 3.0 0.007 -0.054 693 647 3221 2733 27.0454 24.1477 11.99 
0.483 4 3.00 3.00 3.0 3.0 0.011 -0.051 697 647 3223 2734 26.5151 24.1477 11.99 
0.484 4 3.00 3.00 3.0 3.0 0.002 -0.054 701 648 3225 2736 26.5151 23.7240 11.99 
0.485 4 3.00 3.00 3.0 3.0 0.004 -0.049 699 649 3227 2738 27.0454 24.1477 11.99 
0.486 4 3.00 3.00 3.0 3.0 0.007 -0.049 697 647 3229 2740 26.0052 23.3150 11.99 
0.487 4 3.00 3.00 3.0 3.0 0.007 -0.051 694 645 3231 2741 26.5151 24.5867 11.99 
0.488 4 3.00 3.00 3.0 3.0 0.007 -0.054 696 650 3233 2743 26.5151 23.7240 11.99 
0.489 4 3.00 3.00 3.0 3.0 0.009 -0.054 693 650 3235 2745 27.0454 23.7240 11.99 
0.490 4 3.00 3.00 3.0 3.0 0.007 -0.049 693 653 3237 2747 27.0454 24.1477 11.99 
0.491 4 3.00 3.00 3.0 3.0 0.013 -0.054 695 650 3238 2748 27.0454 23.7240 11.98 
0.492 4 3.00 3.00 3.0 3.0 0.007 -0.054 700 650 3240 2750 26.5151 23.7240 11.98 
0.493 4 3.00 3.00 3.0 3.0 0.009 -0.054 699 649 3242 2752 26.5151 24.1477 11.98 
0.494 4 3.00 3.00 3.0 3.0 0.002 -0.054 700 650 3244 2754 26.5151 24.1477 11.98 
0.495 4 3.00 3.00 3.0 3.0 0.009 -0.049 692 649 3246 2756 26.5151 24.1477 11.98 
0.496 4 3.00 3.00 3.0 3.0 0.004 -0.054 699 648 3248 2757 26.5151 23.3150 11.96 
0.497 4 3.00 3.00 3.0 3.0 0.007 -0.054 700 649 3250 2759 27.0454 24.1477 11.96 
0.498 4 3.00 3.00 3.0 3.0 0.007 -0.051 697 651 3252 2761 26.5151 23.7240 11.96 
0.499 4 3.00 3.00 3.0 3.0 0.009 -0.049 693 653 3254 2763 26.5151 24.1477 11.96 
0.500 4 3.00 3.00 3.0 3.0 0.011 -0.051 696 649 3256 2764 27.0454 24.1477 11.96 
0.501 4 3.00 3.00 3.0 3.0 0.004 -0.056 700 644 3258 2766 26.5151 24.1477 12.02 
0.502 4 3.00 3.00 3.0 3.0 0.009 -0.054 696 647 3260 2768 27.0454 24.1477 12.02 
0.503 4 3.00 3.00 3.0 3.0 0.007 -0.047 692 652 3262 2770 25.5145 24.5867 12.02 
0.504 4 3.00 3.00 3.0 3.0 0.009 -0.049 695 651 3264 2771 26.5151 23.7240 12.02 
0.505 4 3.00 3.00 3.0 3.0 0.004 -0.054 701 650 3266 2773 27.5973 25.5145 12.02 
0.506 4 3.00 3.00 3.0 3.0 0.007 -0.049 693 654 3268 2775 27.5973 23.3150 11.96 
0.507 4 3.00 3.00 3.0 3.0 0.009 -0.054 696 648 3270 2777 27.0454 23.7240 11.96 
0.508 4 3.00 3.00 3.0 3.0 0.007 -0.049 695 650 3272 2779 26.5151 24.1477 11.96 
0.509 4 3.00 3.00 3.0 3.0 0.007 -0.051 702 651 3274 2780 27.5973 25.0420 11.96 
0.510 4 3.00 3.00 3.0 3.0 0.002 -0.049 698 651 3276 2782 27.0454 24.5867 11.96 
0.511 4 3.00 3.00 3.0 3.0 0.007 -0.051 692 651 3278 2784 27.0454 24.5867 11.99 
0.512 4 3.00 3.00 3.0 3.0 0.009 -0.047 695 655 3280 2786 27.0454 24.5867 11.99 
0.513 4 3.00 3.00 3.0 3.0 0.007 -0.049 697 650 3282 2787 27.0454 23.7240 11.99 
0.514 4 3.00 3.00 3.0 3.0 0.004 -0.049 695 649 3284 2789 27.0454 25.0420 11.99 
0.515 4 3.00 3.00 3.0 3.0 0.011 -0.049 692 651 3286 2791 27.0454 24.5867 11.99 
0.516 4 3.00 3.00 3.0 3.0 0.007 -0.051 694 648 3288 2793 27.5973 24.5867 11.99 
0.517 4 3.00 3.00 3.0 3.0 0.007 -0.045 699 653 3290 2795 27.0454 25.0420 11.99 
0.518 4 3.00 3.00 3.0 3.0 0.007 -0.049 694 654 3292 2796 27.0454 24.5867 11.99 
0.519 4 3.00 3.00 3.0 3.0 0.013 -0.051 696 649 3294 2798 27.5973 24.5867 11.99 
0.520 4 3.00 3.00 3.0 3.0 0.011 -0.054 697 649 3296 2800 27.0454 25.0420 11.99 
0.521 4 3.00 3.00 3.0 3.0 0.009 -0.049 698 651 3298 2802 27.5973 25.0420 11.99 
0.522 4 3.00 3.00 3.0 3.0 0.007 -0.049 697 652 3300 2804 27.5973 24.5867 11.99 
0.523 4 3.00 3.00 3.0 3.0 0.009 -0.054 694 647 3302 2806 27.5973 23.3150 11.99 
0.524 4 3.00 3.00 3.0 3.0 0.009 -0.051 692 649 3304 2807 27.0454 24.5867 11.99 
0.525 4 3.00 3.00 3.0 3.0 0.002 -0.049 701 655 3306 2809 27.5973 23.7240 11.99 
0.526 4 3.00 3.00 3.0 3.0 0.007 -0.049 697 651 3308 2811 26.5151 24.1477 11.96 
0.527 4 3.00 3.00 3.0 3.0 0.004 -0.049 693 647 3310 2813 27.0454 24.1477 11.96 
0.528 4 3.00 3.00 3.0 3.0 0.009 -0.051 697 649 3312 2814 26.5151 24.5867 11.96 
0.529 4 3.00 3.00 3.0 3.0 0.004 -0.051 700 648 3314 2816 27.0454 24.1477 11.96 
0.530 4 3.00 3.00 3.0 3.0 0.007 -0.049 693 652 3316 2818 27.5973 24.5867 11.96 
0.531 4 3.00 3.00 3.0 3.0 0.007 -0.047 693 651 3318 2820 27.5973 23.7240 11.96 
0.532 4 3.00 3.00 3.0 3.0 0.009 -0.054 697 648 3320 2822 27.0454 25.5145 11.96 
0.533 4 3.00 3.00 3.0 3.0 0.004 -0.051 696 647 3322 2823 27.5973 23.7240 11.96 
0.534 4 3.00 3.00 3.0 3.0 0.004 -0.051 701 648 3324 2825 27.0454 24.1477 11.96 
0.535 4 3.00 3.00 3.0 3.0 0.007 -0.049 693 649 3326 2827 27.0454 25.5145 11.96 
0.536 4 3.00 3.00 3.0 3.0 0.013 -0.051 692 646 3328 2829 27.0454 24.5867 11.99 
0.537 4 3.00 3.00 3.0 3.0 0.004 -0.051 694 650 3330 2831 27.5973 24.5867 11.99 
0.538 4 3.00 3.00 3.0 3.0 0.011 -0.049 690 654 3332 2832 27.5973 24.5867 11.99 
0.539 4 3.00 3.00 3.0 3.0 0.009 -0.047 691 657 3334 2834 27.5973 25.0420 11.99 
0.540 4 3.00 3.00 3.0 3.0 0.004 -0.047 694 654 3336 2836 27.5973 24.5867 11.99 
0.541 4 3.00 3.00 3.0 3.0 0.004 -0.049 700 655 3338 2838 27.5973 25.5145 11.99 
0.542 4 3.00 3.00 3.0 3.0 0.007 -0.047 695 651 3340 2840 27.5973 24.5867 11.99 
0.543 4 3.00 3.00 3.0 3.0 0.011 -0.049 694 655 3342 2842 27.5973 24.5867 11.99 
0.544 4 3.00 3.00 3.0 3.0 0.009 -0.049 690 656 3344 2843 27.5973 24.5867 11.99 
0.545 4 3.00 3.00 3.0 3.0 0.007 -0.051 697 649 3346 2845 27.5973 24.1477 11.99 
0.546 4 3.00 3.00 3.0 3.0 0.009 -0.051 690 648 3348 2847 27.5973 25.5145 12.02 
0.547 4 3.00 3.00 3.0 3.0 0.009 -0.051 692 645 3350 2849 27.5973 24.1477 12.02 
0.548 4 3.00 3.00 3.0 3.0 0.009 -0.051 691 649 3352 2851 28.1723 24.5867 12.02 
0.549 4 3.00 3.00 3.0 3.0 0.007 -0.049 698 649 3354 2852 27.0454 24.5867 12.02 
0.550 4 3.00 3.00 3.0 3.0 0.007 -0.051 695 648 3356 2854 27.5973 23.7240 12.02 
0.551 4 3.00 3.00 3.0 3.0 0.007 -0.047 694 652 3358 2856 26.5151 24.1477 11.98 
0.552 4 3.00 3.00 3.0 3.0 0.009 -0.049 691 652 3360 2858 27.5973 23.7240 11.98 
0.553 4 3.00 3.00 3.0 3.0 0.007 -0.047 698 652 3362 2859 28.1723 24.5867 11.98 
0.554 4 3.00 3.00 3.0 3.0 0.013 -0.051 694 647 3364 2861 28.1723 24.1477 11.98 
0.555 4 3.00 3.00 3.0 3.0 0.007 -0.049 693 645 3366 2863 27.0454 24.1477 11.98 
0.556 4 3.00 3.00 3.0 3.0 0.007 -0.049 696 649 3368 2865 27.0454 24.5867 11.98 
0.557 4 3.00 3.00 3.0 3.0 0.007 -0.047 698 651 3370 2867 27.5973 24.5867 11.98 
0.558 4 3.00 3.00 3.0 3.0 0.007 -0.047 697 651 3372 2869 26.5151 24.1477 11.98 
0.559 4 3.00 3.00 3.0 3.0 0.009 -0.049 694 652 3374 2870 27.0454 25.0420 11.98 
0.560 4 3.00 3.00 3.0 3.0 0.009 -0.051 691 654 3376 2872 27.0454 24.1477 11.98 
0.561 4 3.00 3.00 3.0 3.0 0.009 -0.049 690 652 3378 2874 27.5973 25.0420 11.99 
0.562 4 3.00 3.00 3.0 3.0 0.009 -0.045 693 652 3380 2876 27.5973 25.0420 11.99 
0.563 4 3.00 3.00 3.0 3.0 0.009 -0.051 691 652 3382 2878 27.5973 25.0420 11.99 
0.564 4 3.00 3.00 3.0 3.0 0.009 -0.051 697 656 3384 2879 27.0454 25.0420 11.99 
0.565 4 3.00 3.00 3.0 3.0 0.004 -0.049 699 649 3386 2881 27.0454 24.5867 11.99 
0.566 4 3.00 3.00 3.0 3.0 0.007 -0.047 695 650 3388 2883 27.0454 23.3150 11.98 
0.567 4 3.00 3.00 3.0 3.0 0.009 -0.051 692 647 3390 2885 27.5973 23.7240 11.98 
0.568 4 3.00 3.00 3.0 3.0 0.011 -0.054 696 646 3392 2886 27.5973 24.5867 11.98 
0.569 4 3.00 3.00 3.0 3.0 0.007 -0.051 696 647 3394 2888 28.1723 23.7240 11.98 
0.570 4 3.00 3.00 3.0 3.0 0.007 -0.051 692 649 3396 2890 27.5973 24.1477 11.98 
0.571 4 3.00 3.00 3.0 3.0 0.009 -0.045 695 652 3398 2892 27.5973 23.7240 11.96 
0.572 4 3.00 3.00 3.0 3.0 0.013 -0.054 696 650 3400 2894 28.1723 23.7240 11.96 
0.573 4 3.00 3.00 3.0 3.0 0.007 -0.051 696 649 3402 2895 27.0454 25.5145 11.96 
0.574 4 3.00 3.00 3.0 3.0 0.013 -0.051 694 648 3404 2897 28.1723 24.5867 11.96 
0.575 4 3.00 3.00 3.0 3.0 0.007 -0.049 692 653 3406 2899 26.5151 25.0420 11.96 
0.576 4 3.00 3.00 3.0 3.0 0.013 -0.049 694 651 3408 2901 27.5973 23.7240 11.98 
0.577 4 3.00 3.00 3.0 3.0 0.009 -0.049 696 653 3410 2903 28.1723 24.1477 11.98 
0.578 4 3.00 3.00 3.0 3.0 0.007 -0.049 691 655 3413 2904 28.1723 24.5867 11.98 
0.579 4 3.00 3.00 3.0 3.0 0.011 -0.047 691 652 3415 2906 27.5973 24.1477 11.98 
0.580 4 3.00 3.00 3.0 3.0 0.011 -0.049 695 649 3417 2908 27.0454 24.1477 11.98 
0.581 4 3.00 3.00 3.0 3.0 0.011 -0.056 698 643 3419 2910 28.1723 24.1477 11.99 
0.582 4 3.00 3.00 3.0 3.0 0.009 -0.051 696 646 3421 2911 27.0454 24.1477 11.99 
0.583 4 3.00 3.00 3.0 3.0 0.009 -0.051 690 652 3423 2913 27.5973 24.1477 11.99 
0.584 4 3.00 3.00 3.0 3.0 0.007 -0.049 692 651 3425 2915 27.5973 23.7240 11.99 
0.585 4 3.00 3.00 3.0 3.0 0.011 -0.045 682 650 3427 2917 27.5973 25.5145 11.99 
0.586 4 3.00 3.00 3.0 3.0 0.007 -0.049 690 647 3429 2919 27.5973 25.0420 11.99 
0.587 4 3.00 3.00 3.0 3.0 0.011 -0.054 691 648 3431 2920 28.1723 23.7240 11.99 
0.588 4 3.00 3.00 3.0 3.0 0.007 -0.054 695 648 3433 2922 27.0454 24.5867 11.99 
0.589 4 3.00 3.00 3.0 3.0 0.009 -0.049 696 652 3435 2924 27.0454 25.0420 11.99 
0.590 4 3.00 3.00 3.0 3.0 0.009 -0.049 694 653 3437 2926 27.5973 24.5867 11.99 
0.591 4 3.00 3.00 3.0 3.0 0.011 -0.049 694 651 3439 2928 27.5973 24.5867 11.98 
0.594 4 3.00 3.00 3.0 3.0 0.009 -0.049 693 651 3445 2933 27.0454 24.5867 11.98 
0.595 4 3.00 3.00 3.0 3.0 0.007 -0.040 693 648 3446 2934 27.0454 25.0420 11.98 
0.596 4 3.00 3.00 3.0 3.0 0.013 -0.051 693 648 3448 2936 27.5973 24.5867 11.98 
0.597 4 3.00 3.00 3.0 3.0 0.004 -0.049 702 653 3449 2937 27.5973 24.5867 11.98 
0.597 4 3.00 3.00 3.0 3.0 0.009 -0.047 694 651 3451 2938 27.0454 24.5867 11.96 
0.598 4 3.00 3.00 3.0 3.0 0.011 -0.049 697 651 3453 2940 27.5973 24.5867 11.96 
0.599 4 3.00 3.00 3.0 3.0 0.011 -0.051 696 648 3455 2942 26.5151 24.5867 11.96 
0.600 4 3.00 3.00 3.0 3.0 0.007 -0.049 697 650 3457 2944 27.5973 25.0420 11.96 
0.601 4 3.00 3.00 3.0 3.0 0.007 -0.049 691 652 3459 2946 27.5973 24.5867 11.96 
0.602 4 3.00 3.00 3.0 3.0 0.009 -0.049 692 653 3461 2947 28.1723 25.0420 11.99 
0.603 4 3.00 3.00 3.0 3.0 0.009 -0.049 695 648 3463 2949 27.5973 23.7240 11.99 
0.604 4 3.00 3.00 3.0 3.0 0.004 -0.049 701 650 3465 2951 27.5973 25.0420 11.99 
0.605 4 3.00 3.00 3.0 3.0 0.009 -0.049 696 651 3467 2953 27.5973 23.7240 11.99 
0.606 4 3.00 3.00 3.0 3.0 0.011 -0.047 695 651 3469 2955 27.5973 24.5867 11.99 
0.607 4 3.00 3.00 3.0 3.0 0.016 -0.049 692 649 3471 2956 27.5973 24.5867 11.99 
0.608 4 3.00 3.00 3.0 3.0 0.007 -0.051 696 648 3473 2958 28.1723 24.5867 11.99 
0.609 4 3.00 3.00 3.0 3.0 0.011 -0.051 691 646 3475 2960 27.5973 24.5867 11.99 
0.610 4 3.00 3.00 3.0 3.0 0.011 -0.047 689 651 3477 2962 28.1723 25.0420 11.99 
0.611 4 3.00 3.00 3.0 3.0 0.009 -0.047 694 655 3479 2964 28.1723 23.7240 11.99 
0.612 4 3.00 3.00 3.0 3.0 0.007 -0.051 701 649 3481 2966 27.5973 25.5145 11.98 
0.613 4 3.00 3.00 3.0 3.0 0.007 -0.051 700 649 3483 2967 27.5973 23.7240 11.98 
0.614 4 3.00 3.00 3.0 3.0 0.009 -0.051 693 651 3485 2969 27.5973 24.1477 11.98 
0.615 4 3.00 3.00 3.0 3.0 0.009 -0.049 694 649 3487 2971 27.5973 25.5145 11.98 
0.616 4 3.00 3.00 3.0 3.0 0.007 -0.049 696 653 3489 2973 28.1723 25.0420 11.98 
0.617 4 3.00 3.00 3.0 3.0 0.009 -0.051 691 652 3492 2975 28.7717 25.0420 11.99 
0.618 4 3.00 3.00 3.0 3.0 0.009 -0.049 690 655 3494 2976 28.1723 24.5867 11.99 
0.619 4 3.00 3.00 3.0 3.0 0.011 -0.047 695 653 3496 2978 28.1723 25.0420 11.99 
0.620 4 3.00 3.00 3.0 3.0 0.007 -0.047 698 654 3498 2980 28.7717 24.1477 11.99 
0.621 4 3.00 3.00 3.0 3.0 0.009 -0.051 694 649 3500 2982 27.5973 25.0420 11.99 
0.622 4 3.00 3.00 3.0 3.0 0.009 -0.049 694 652 3502 2984 28.1723 24.5867 12.01 
0.623 4 3.00 3.00 3.0 3.0 0.009 -0.049 694 651 3504 2985 27.0454 24.5867 12.01 
0.624 4 3.00 3.00 3.0 3.0 0.011 -0.047 698 652 3506 2987 27.5973 24.1477 12.01 
0.625 4 3.00 3.00 3.0 3.0 0.009 -0.049 693 649 3508 2989 27.5973 24.1477 12.01 
0.626 4 3.00 3.00 3.0 3.0 0.009 -0.049 695 648 3510 2991 27.5973 25.5145 12.01 
0.627 4 3.00 3.00 3.0 3.0 0.004 -0.051 693 648 3512 2993 27.0454 25.0420 11.99 
0.628 4 3.00 3.00 3.0 3.0 0.004 -0.045 701 652 3514 2994 28.1723 25.0420 11.99 
0.629 4 3.00 3.00 3.0 3.0 0.007 -0.049 695 652 3516 2996 27.0454 25.0420 11.99 
0.630 4 3.00 3.00 3.0 3.0 0.013 -0.051 693 650 3518 2998 27.5973 24.5867 11.99 
0.631 4 3.00 3.00 3.0 3.0 0.009 -0.047 691 647 3520 3000 27.5973 25.0420 11.99 
0.632 4 3.00 3.00 3.0 3.0 0.007 -0.045 694 652 3522 3002 27.5973 24.1477 11.99 
0.633 4 3.00 3.00 3.0 3.0 0.007 -0.047 691 652 3524 3003 27.5973 24.5867 11.99 
0.634 4 3.00 3.00 3.0 3.0 0.013 -0.051 692 650 3526 3005 28.1723 24.5867 11.99 
0.635 4 3.00 3.00 3.0 3.0 0.007 -0.051 689 652 3528 3007 27.0454 24.5867 11.99 
0.636 4 3.00 3.00 3.0 3.0 0.007 -0.047 690 652 3530 3009 27.5973 25.0420 11.99 
0.637 4 3.00 3.00 3.0 3.0 0.009 -0.045 697 654 3532 3011 27.5973 25.0420 11.98 
0.638 4 3.00 3.00 3.0 3.0 0.007 -0.047 691 655 3534 3013 27.5973 24.1477 11.98 
0.639 4 3.00 3.00 3.0 3.0 0.009 -0.051 694 654 3536 3014 27.5973 25.0420 11.98 
0.640 4 3.00 3.00 3.0 3.0 0.009 -0.049 692 650 3538 3016 28.1723 24.1477 11.98 
0.641 4 3.00 3.00 3.0 3.0 0.009 -0.049 692 650 3540 3018 27.5973 25.0420 11.98 
0.642 4 3.00 3.00 3.0 3.0 0.011 -0.049 691 654 3542 3020 27.5973 25.5145 11.99 
0.643 4 3.00 3.00 3.0 3.0 0.013 -0.051 697 651 3544 3022 28.1723 25.0420 11.99 
0.644 4 3.00 3.00 3.0 3.0 0.004 -0.051 697 651 3546 3023 27.0454 25.0420 11.99 
0.645 4 3.00 3.00 3.0 3.0 0.011 -0.047 691 653 3548 3025 28.1723 25.0420 11.99 
0.646 4 3.00 3.00 3.0 3.0 0.009 -0.047 694 654 3550 3027 26.5151 24.1477 11.99 
0.647 4 3.00 3.00 3.0 3.0 0.011 -0.047 695 650 3552 3029 27.5973 25.5145 12.01 
0.648 4 3.00 3.00 3.0 3.0 0.007 -0.049 692 651 3554 3031 28.1723 25.5145 12.01 
0.649 4 3.00 3.00 3.0 3.0 0.009 -0.049 689 650 3557 3033 28.7717 24.5867 12.01 
0.650 4 3.00 3.00 3.0 3.0 0.009 -0.047 692 648 3559 3034 28.1723 25.0420 12.01 
0.651 4 3.00 3.00 3.0 3.0 0.009 -0.047 696 651 3561 3036 27.5973 24.5867 12.01 
0.652 4 3.00 3.00 3.0 3.0 0.007 -0.051 696 653 3563 3038 28.1723 24.5867 11.99 
0.653 4 3.00 3.00 3.0 3.0 0.011 -0.051 692 649 3565 3040 27.0454 25.0420 11.99 
0.654 4 3.00 3.00 3.0 3.0 0.011 -0.049 689 654 3567 3042 27.5973 24.5867 11.99 
0.655 4 3.00 3.00 3.0 3.0 0.007 -0.047 690 651 3569 3043 27.5973 25.0420 11.99 
0.656 4 3.00 3.00 3.0 3.0 0.007 -0.049 691 651 3571 3045 27.5973 23.7240 11.99 
0.657 4 3.00 3.00 3.0 3.0 0.007 -0.047 693 655 3573 3047 27.5973 25.0420 12.02 
0.658 4 3.00 3.00 3.0 3.0 0.013 -0.047 685 655 3575 3049 28.1723 24.1477 12.02 
0.659 4 3.00 3.00 3.0 3.0 0.007 -0.045 697 658 3577 3051 27.5973 24.5867 12.02 
0.660 4 3.00 3.00 3.0 3.0 0.007 -0.049 697 655 3579 3053 27.5973 24.5867 12.02 
0.661 4 3.00 3.00 3.0 3.0 0.007 -0.049 692 651 3581 3054 27.5973 25.0420 12.02 
0.662 4 3.00 3.00 3.0 3.0 0.013 -0.051 694 651 3583 3056 27.5973 24.5867 12.01 
0.663 4 3.00 3.00 3.0 3.0 0.007 -0.047 692 654 3585 3058 27.5973 25.0420 12.01 
0.664 4 3.00 3.00 3.0 3.0 0.007 -0.047 692 647 3587 3060 28.1723 24.1477 12.01 
0.665 4 3.00 3.00 3.0 3.0 0.009 -0.051 692 648 3589 3062 28.1723 26.0052 12.01 
0.666 4 3.00 3.00 3.0 3.0 0.009 -0.049 691 650 3591 3063 27.5973 23.7240 12.01 
0.667 4 3.00 3.00 3.0 3.0 0.007 -0.049 697 652 3593 3065 28.1723 24.5867 11.99 
0.668 4 3.00 3.00 3.0 3.0 0.009 -0.049 694 652 3595 3067 27.5973 26.0052 11.99 
0.669 4 3.00 3.00 3.0 3.0 0.011 -0.049 694 650 3597 3069 28.1723 24.5867 11.99 
0.670 4 3.00 3.00 3.0 3.0 0.009 -0.047 692 652 3599 3071 27.0454 25.0420 11.99 
0.671 4 3.00 3.00 3.0 3.0 0.007 -0.051 698 655 3601 3072 27.5973 24.5867 11.99 
0.672 4 3.00 3.00 3.0 3.0 0.007 -0.047 692 654 3603 3074 28.1723 24.5867 11.99 
0.673 4 3.00 3.00 3.0 3.0 0.013 -0.049 697 654 3605 3076 28.7717 24.1477 11.99 
0.674 4 3.00 3.00 3.0 3.0 0.009 -0.051 695 652 3607 3078 27.5973 25.0420 11.99 
0.675 4 3.00 3.00 3.0 3.0 0.004 -0.049 706 652 3609 3080 27.5973 24.5867 11.99 
0.676 4 3.00 3.00 3.0 3.0 0.007 -0.049 695 651 3611 3082 27.5973 24.5867 11.99 
0.677 4 3.00 3.00 3.0 3.0 0.009 -0.047 695 654 3613 3083 27.5973 24.5867 11.99 
0.678 4 3.00 3.00 3.0 3.0 0.016 -0.049 696 646 3615 3085 27.5973 24.1477 11.99 
0.679 4 3.00 3.00 3.0 3.0 0.007 -0.051 697 649 3617 3087 27.5973 25.5145 11.99 
0.680 4 3.00 3.00 3.0 3.0 0.007 -0.051 693 648 3619 3089 27.5973 25.0420 11.99 
0.681 4 3.00 3.00 3.0 3.0 0.009 -0.047 689 650 3621 3091 27.5973 25.0420 11.99 
0.682 4 3.00 3.00 3.0 3.0 0.009 -0.049 691 654 3623 3092 27.5973 25.0420 11.98 
0.683 4 3.00 3.00 3.0 3.0 0.004 -0.051 702 651 3625 3094 27.5973 24.1477 11.98 
0.684 4 3.00 3.00 3.0 3.0 0.009 -0.049 695 652 3627 3096 27.5973 24.5867 11.98 
0.685 4 3.00 3.00 3.0 3.0 0.009 -0.045 695 653 3630 3098 27.5973 23.7240 11.98 
0.686 4 3.00 3.00 3.0 3.0 0.013 -0.049 689 655 3632 3100 27.5973 24.5867 11.98 
0.687 4 3.00 3.00 3.0 3.0 0.007 -0.054 698 649 3634 3101 27.5973 24.5867 11.98 
0.688 4 3.00 3.00 3.0 3.0 0.009 -0.054 691 652 3636 3103 28.1723 24.1477 11.98 
0.689 4 3.00 3.00 3.0 3.0 0.011 -0.049 689 650 3638 3105 27.5973 24.5867 11.98 
0.690 4 3.00 3.00 3.0 3.0 0.009 -0.049 692 652 3640 3107 27.5973 25.0420 11.98 
0.691 4 3.00 3.00 3.0 3.0 0.011 -0.049 699 650 3642 3109 28.1723 24.1477 11.98 
0.692 4 3.00 3.00 3.0 3.0 0.004 -0.051 694 648 3644 3110 28.1723 25.5145 12.02 
0.693 4 3.00 3.00 3.0 3.0 0.009 -0.051 691 648 3646 3112 26.5151 24.1477 12.02 
0.694 4 3.00 3.00 3.0 3.0 0.009 -0.049 686 650 3648 3114 27.0454 24.5867 12.02 
0.695 4 3.00 3.00 3.0 3.0 0.007 -0.047 696 650 3650 3116 28.1723 25.5145 12.02 
0.696 4 3.00 3.00 3.0 3.0 0.011 -0.047 691 646 3652 3118 28.7717 25.0420 12.02 
0.697 4 3.00 3.00 3.0 3.0 0.009 -0.049 689 648 3654 3119 28.1723 24.5867 12.01 
0.698 4 3.00 3.00 3.0 3.0 0.007 -0.049 695 651 3656 3121 27.5973 25.0420 12.01 
0.699 4 3.00 3.00 3.0 3.0 0.004 -0.047 696 652 3658 3123 28.1723 24.1477 12.01 
0.700 4 3.00 3.00 3.0 3.0 0.007 -0.047 697 650 3660 3125 27.0454 25.5145 12.01 
0.701 4 3.00 3.00 3.0 3.0 0.004 -0.047 692 653 3662 3127 27.5973 25.5145 12.01 
0.702 4 3.00 3.00 3.0 3.0 0.009 -0.047 692 656 3664 3129 27.5973 25.0420 11.99 
0.703 4 3.00 3.00 3.0 3.0 0.009 -0.047 693 656 3666 3130 27.5973 25.5145 11.99 
0.704 4 3.00 3.00 3.0 3.0 0.004 -0.047 690 655 3668 3132 27.5973 25.0420 11.99 
0.705 4 3.00 3.00 3.0 3.0 0.007 -0.049 693 650 3670 3134 27.5973 25.0420 11.99 
0.706 4 3.00 3.00 3.0 3.0 0.007 -0.049 696 651 3672 3136 27.0454 25.0420 11.99 
0.707 4 3.00 3.00 3.0 3.0 0.004 -0.049 696 653 3674 3138 27.0454 24.5867 11.99 
0.708 4 3.00 3.00 3.0 3.0 0.009 -0.051 698 654 3676 3140 27.5973 24.5867 11.99 
0.709 4 3.00 3.00 3.0 3.0 0.009 -0.051 692 647 3678 3141 27.5973 23.3150 11.99 
0.710 4 3.00 3.00 3.0 3.0 0.013 -0.051 696 647 3680 3143 27.5973 24.5867 11.99 
0.711 4 3.00 3.00 3.0 3.0 0.004 -0.051 694 648 3682 3145 28.1723 24.1477 11.99 
0.712 4 3.00 3.00 3.0 3.0 0.013 -0.049 693 651 3684 3147 27.5973 24.1477 11.99 
0.713 4 3.00 3.00 3.0 3.0 0.009 -0.051 694 647 3686 3148 27.5973 24.1477 11.99 
0.714 4 3.00 3.00 3.0 3.0 0.016 -0.054 694 648 3688 3150 28.1723 24.5867 11.99 
0.715 4 3.00 3.00 3.0 3.0 0.011 -0.054 696 650 3690 3152 27.5973 24.1477 11.99 
0.716 4 3.00 3.00 3.0 3.0 0.009 -0.049 693 652 3693 3154 28.1723 24.5867 11.99 
0.717 4 3.00 3.00 3.0 3.0 0.009 -0.047 691 651 3695 3156 26.5151 23.7240 11.99 
0.718 4 3.00 3.00 3.0 3.0 0.007 -0.051 694 650 3697 3157 27.5973 25.0420 11.99 
0.719 4 3.00 3.00 3.0 3.0 0.007 -0.049 695 649 3699 3159 28.7717 23.7240 11.99 
0.720 4 3.00 3.00 3.0 3.0 0.009 -0.049 692 650 3701 3161 29.3972 24.5867 11.99 
0.721 4 3.00 3.00 3.0 3.0 0.011 -0.047 688 649 3703 3163 28.1723 26.0052 11.99 
0.722 4 3.00 3.00 3.0 3.0 0.007 -0.049 698 651 3705 3165 27.5973 25.5145 11.99 
0.723 4 3.00 3.00 3.0 3.0 0.009 -0.045 692 657 3707 3166 28.1723 25.0420 11.99 
0.724 4 3.00 3.00 3.0 3.0 0.007 -0.049 692 654 3709 3168 27.5973 25.0420 11.99 
0.725 4 3.00 3.00 3.0 3.0 0.009 -0.047 690 657 3711 3170 27.5973 25.0420 11.99 
0.726 4 3.00 3.00 3.0 3.0 0.009 -0.047 693 654 3713 3172 27.5973 24.5867 11.99 
0.727 4 3.00 3.00 3.0 3.0 0.009 -0.049 692 652 3715 3174 27.5973 25.0420 12.01 
0.728 4 3.00 3.00 3.0 3.0 0.009 -0.051 691 648 3717 3175 27.5973 23.7240 12.01 
0.729 4 3.00 3.00 3.0 3.0 0.007 -0.051 691 648 3719 3177 27.5973 24.1477 12.01 
0.730 4 3.00 3.00 3.0 3.0 0.009 -0.051 699 648 3721 3179 27.5973 23.7240 12.01 
0.731 4 3.00 3.00 3.0 3.0 0.011 -0.051 696 645 3723 3181 27.5973 23.7240 12.01 
0.732 4 3.00 3.00 3.0 3.0 0.009 -0.051 693 648 3725 3183 27.5973 24.1477 12.01 
0.733 4 3.00 3.00 3.0 3.0 0.013 -0.054 694 649 3727 3184 27.5973 24.5867 12.01 
0.734 4 3.00 3.00 3.0 3.0 0.009 -0.051 692 651 3729 3186 27.5973 24.5867 12.01 
0.735 4 3.00 3.00 3.0 3.0 0.007 -0.049 695 649 3731 3188 28.1723 24.5867 12.01 
0.736 4 3.00 3.00 3.0 3.0 0.013 -0.054 693 645 3733 3190 27.5973 23.7240 12.01 
0.737 4 3.00 3.00 3.0 3.0 0.009 -0.051 694 654 3735 3192 27.5973 24.5867 11.96 
0.738 4 3.00 3.00 3.0 3.0 0.004 -0.049 699 655 3737 3193 28.1723 24.1477 11.96 
0.739 4 3.00 3.00 3.0 3.0 0.007 -0.047 696 653 3739 3195 27.0454 24.5867 11.96 
0.740 4 3.00 3.00 3.0 3.0 0.011 -0.051 695 649 3741 3197 28.1723 24.5867 11.96 
0.741 4 3.00 3.00 3.0 3.0 0.009 -0.051 694 647 3743 3199 27.0454 24.5867 11.96 
0.742 4 3.00 3.00 3.0 3.0 0.007 -0.051 698 648 3745 3201 28.1723 24.5867 11.98 
0.743 4 3.00 3.00 3.0 3.0 0.009 -0.049 695 650 3747 3202 28.7717 25.5145 11.98 
0.744 4 3.00 3.00 3.0 3.0 0.011 -0.047 692 648 3749 3204 29.3972 24.5867 11.98 
0.745 4 3.00 3.00 3.0 3.0 0.007 -0.049 690 648 3751 3206 28.1723 25.5145 11.98 
0.746 4 3.00 3.00 3.0 3.0 0.004 -0.049 699 653 3754 3208 27.5973 23.7240 11.98 
0.747 4 3.00 3.00 3.0 3.0 0.007 -0.051 695 650 3756 3210 27.5973 24.1477 11.99 
0.748 4 3.00 3.00 3.0 3.0 0.009 -0.049 691 653 3758 3212 27.5973 26.0052 11.99 
0.749 4 3.00 3.00 3.0 3.0 0.011 -0.049 693 649 3760 3213 27.5973 25.0420 11.99 
0.750 4 3.00 3.00 3.0 3.0 0.009 -0.051 697 649 3762 3215 28.1723 24.5867 11.99 
0.751 4 3.00 3.00 3.0 3.0 0.011 -0.047 690 650 3764 3217 28.1723 24.5867 11.99 
0.752 4 3.00 3.00 3.0 3.0 0.011 -0.045 689 653 3766 3219 28.1723 24.5867 11.96 
0.753 4 3.00 3.00 3.0 3.0 0.007 -0.047 692 653 3768 3221 28.1723 24.1477 11.96 
0.754 4 3.00 3.00 3.0 3.0 0.007 -0.049 694 652 3770 3222 27.5973 25.0420 11.96 
0.755 4 3.00 3.00 3.0 3.0 0.009 -0.051 693 649 3772 3224 27.5973 24.1477 11.96 
0.756 4 3.00 3.00 3.0 3.0 0.007 -0.049 688 648 3774 3226 27.5973 24.5867 11.96 
0.757 4 3.00 3.00 3.0 3.0 0.009 -0.049 692 650 3776 3228 27.5973 24.1477 11.99 
0.758 4 3.00 3.00 3.0 3.0 0.004 -0.054 696 647 3778 3229 28.1723 23.7240 11.99 
0.759 4 3.00 3.00 3.0 3.0 0.004 -0.051 693 651 3780 3231 27.5973 25.5145 11.99 
0.760 4 3.00 3.00 3.0 3.0 0.013 -0.051 691 652 3782 3233 27.5973 24.5867 11.99 
0.761 4 3.00 3.00 3.0 3.0 0.011 -0.049 693 652 3784 3235 28.1723 25.0420 11.99 
0.762 4 3.00 3.00 3.0 3.0 0.004 -0.049 699 654 3786 3237 27.5973 24.1477 11.99 
0.763 4 3.00 3.00 3.0 3.0 0.009 -0.047 695 653 3788 3239 28.1723 24.1477 11.99 
0.764 4 3.00 3.00 3.0 3.0 0.011 -0.049 695 653 3790 3240 26.5151 24.5867 11.99 
0.765 4 3.00 3.00 3.0 3.0 0.011 -0.047 694 651 3792 3242 27.5973 24.5867 11.99 
0.766 4 3.00 3.00 3.0 3.0 0.007 -0.047 696 650 3794 3244 28.1723 24.5867 11.99 
0.767 4 3.00 3.00 3.0 3.0 0.007 -0.054 695 647 3796 3246 28.7717 25.0420 11.99 
0.768 4 3.00 3.00 3.0 3.0 0.009 -0.051 693 644 3798 3248 28.1723 24.5867 11.99 
0.769 4 3.00 3.00 3.0 3.0 0.011 -0.049 698 652 3800 3249 27.5973 24.5867 11.99 
0.770 4 3.00 3.00 3.0 3.0 0.009 -0.047 696 650 3802 3251 28.1723 24.1477 11.99 
0.771 4 3.00 3.00 3.0 3.0 0.007 -0.049 695 650 3804 3253 27.5973 25.0420 11.99 
0.772 4 3.00 3.00 3.0 3.0 0.007 -0.049 692 654 3806 3255 27.5973 23.7240 11.99 
0.773 4 3.00 3.00 3.0 3.0 0.011 -0.051 689 650 3808 3257 27.5973 24.1477 11.99 
0.774 4 3.00 3.00 3.0 3.0 0.007 -0.049 690 652 3810 3259 28.1723 25.0420 11.99 
0.775 4 3.00 3.00 3.0 3.0 0.009 -0.047 694 650 3813 3260 27.5973 25.5145 11.99 
0.776 4 3.00 3.00 3.0 3.0 0.011 -0.049 690 651 3815 3262 28.1723 25.0420 11.99 
0.777 4 3.00 3.00 3.0 3.0 0.011 -0.047 694 651 3817 3264 27.5973 25.0420 11.99 
0.778 4 3.00 3.00 3.0 3.0 0.007 -0.047 698 651 3819 3266 27.5973 25.0420 11.99 
0.779 4 3.00 3.00 3.0 3.0 0.007 -0.047 695 653 3821 3268 27.5973 24.1477 11.99 
0.780 4 3.00 3.00 3.0 3.0 0.009 -0.049 694 651 3823 3270 27.5973 25.5145 11.99 
0.781 4 3.00 3.00 3.0 3.0 0.007 -0.047 693 649 3825 3271 27.5973 25.0420 11.99 
0.782 4 3.00 3.00 3.0 3.0 0.007 -0.049 691 650 3827 3273 28.7717 25.0420 11.99 
0.783 4 3.00 3.00 3.0 3.0 0.011 -0.047 693 653 3829 3275 27.5973 24.5867 11.99 
0.784 4 3.00 3.00 3.0 3.0 0.011 -0.047 691 654 3831 3277 28.1723 24.5867 11.99 
0.785 4 3.00 3.00 3.0 3.0 0.004 -0.049 696 653 3833 3279 28.1723 25.0420 11.99 
0.786 4 3.00 3.00 3.0 3.0 0.007 -0.049 696 653 3835 3281 27.5973 25.5145 11.99 
0.787 4 3.00 3.00 3.0 3.0 0.007 -0.047 691 655 3837 3282 28.1723 25.5145 11.99 
0.788 4 3.00 3.00 3.0 3.0 0.013 -0.047 692 657 3839 3284 27.0454 25.5145 11.99 
0.789 4 3.00 3.00 3.0 3.0 0.007 -0.049 696 652 3841 3286 27.5973 24.5867 11.99 
0.790 4 3.00 3.00 3.0 3.0 0.007 -0.049 691 647 3843 3288 28.1723 25.0420 11.99 
0.791 4 3.00 3.00 3.0 3.0 0.013 -0.049 695 650 3845 3290 28.7717 24.1477 11.99 
0.793 4 3.00 3.00 3.0 3.0 0.011 -0.049 693 652 3848 3292 27.5973 24.5867 11.98 
0.793 4 3.00 3.00 3.0 3.0 0.004 -0.042 697 646 3849 3293 28.1723 24.5867 11.98 
0.794 4 3.00 3.00 3.0 3.0 0.007 -0.051 696 651 3851 3295 28.1723 24.5867 11.98 
0.795 4 3.00 3.00 3.0 3.0 0.007 -0.047 693 651 3853 3297 27.5973 24.5867 11.98 
