%  1    time 0.000 sec
%  2    mission (0) state 2
%  3  4 Motor velocity ref left, right: 30.00 30.00
%  5  6 Motor voltage [V] left, right: 12.1 12.1
%  7  8 Motor current left, right [A]: 0.000 0.000
%  9 10 Wheel velocity [r/s] left, right: -0.0034 -0.0034
% 11    Battery voltage [V]: 12.09
% 12 13 Get data time [us]: 570 +ctrl 880
0.001 2 30.00 30.00 12.1 12.1 0.500 0.531 -0.0034 -0.0034 12.09 560 810 
0.002 2 30.00 30.00 12.1 12.1 1.239 1.509 -0.0034 0.0034 12.09 560 870 
0.003 2 30.00 30.00 12.1 12.1 1.603 1.806 -0.0034 0.0034 12.09 560 860 
0.004 2 30.00 30.00 8.3 8.3 1.643 1.772 0.0034 0.0034 8.27 590 900 
0.005 2 30.00 30.00 8.3 8.3 1.558 1.420 0.0034 4.5840 8.27 560 870 
0.006 2 30.00 30.00 8.3 8.3 1.527 1.297 9.8706 4.5840 8.27 560 830 
0.009 2 30.00 30.00 8.3 8.3 1.475 1.355 12.4061 8.3473 8.27 560 730 
0.010 2 30.00 30.00 8.1 8.3 1.094 1.420 15.5433 14.6986 8.27 560 740 
0.010 2 30.00 30.00 7.2 8.0 1.199 1.437 17.1173 15.7241 8.45 590 750 
0.011 2 30.00 30.00 6.4 6.8 1.147 1.420 18.5242 17.7930 8.45 570 740 
0.012 2 30.00 30.00 5.1 5.1 1.060 0.924 20.8041 20.8041 8.45 560 700 
0.013 2 30.00 30.00 3.7 4.2 0.951 0.812 23.3150 22.5378 8.45 570 710 
0.014 2 30.00 30.00 3.3 3.7 0.513 0.721 24.1477 23.3150 8.45 560 770 
0.015 2 30.00 30.00 2.5 3.3 0.406 0.592 25.5145 24.1477 11.88 590 790 
0.016 2 30.00 30.00 2.2 2.2 0.208 0.290 26.0052 26.0052 11.88 560 700 
0.017 2 30.00 30.00 2.0 2.0 0.031 0.096 26.5151 26.5151 11.88 570 710 
0.018 2 30.00 30.00 1.7 2.0 0.013 0.011 27.0454 26.5151 11.88 570 700 
0.019 2 30.00 30.00 2.0 2.0 0.022 0.016 26.5151 26.5151 11.88 560 700 
0.020 2 30.00 30.00 2.2 2.5 0.022 0.018 26.0052 25.5145 12.09 590 720 
0.021 2 30.00 30.00 2.0 1.7 0.016 0.013 26.5151 27.0454 12.09 560 690 
0.022 2 30.00 30.00 2.2 2.8 0.020 0.018 26.0052 25.0420 12.09 560 700 
0.023 2 30.00 30.00 2.2 2.5 0.016 0.013 26.0052 25.5145 12.09 560 700 
0.024 2 30.00 30.00 2.8 2.0 0.013 0.004 25.0420 26.5151 12.09 560 700 
0.025 2 30.00 30.00 2.2 2.5 0.013 0.009 26.0052 25.5145 12.01 600 740 
0.026 2 30.00 30.00 3.0 2.8 0.007 0.013 24.5867 25.0420 12.01 560 770 
0.027 2 30.00 30.00 2.2 2.2 0.007 0.011 26.0052 26.0052 12.01 560 770 
0.028 2 30.00 30.00 2.8 2.0 0.011 0.009 25.0420 26.5151 12.01 560 700 
0.029 2 30.00 30.00 3.0 2.5 0.007 0.018 24.5867 25.5145 12.01 560 700 
0.030 2 30.00 30.00 2.8 2.2 0.009 0.013 25.0420 26.0052 12.07 590 720 
0.031 2 30.00 30.00 3.0 2.5 0.007 0.013 24.5867 25.5145 12.07 570 710 
0.032 2 30.00 30.00 3.0 2.5 0.020 0.016 24.5867 25.5145 12.07 560 760 
0.033 2 30.00 30.00 3.0 2.8 0.020 0.009 24.5867 25.0420 12.07 570 760 
0.034 2 30.00 30.00 2.8 3.3 0.018 0.002 25.0420 24.1477 12.07 560 760 
0.035 2 30.00 30.00 2.8 2.2 0.004 0.022 25.0420 26.0052 12.04 590 730 
0.036 2 30.00 30.00 2.8 2.8 0.020 0.009 25.0420 25.0420 12.04 560 700 
0.037 2 30.00 30.00 2.8 2.2 0.007 0.007 25.0420 26.0052 12.04 560 760 
0.038 2 30.00 30.00 2.8 3.0 0.009 0.007 25.0420 24.5867 12.04 570 770 
0.039 2 30.00 30.00 2.8 2.5 0.004 0.007 25.0420 25.5145 12.04 560 760 
0.040 2 30.00 30.00 2.8 2.8 0.009 0.009 25.0420 25.0420 12.06 590 780 
0.041 2 30.00 30.00 3.0 2.5 0.004 0.004 24.5867 25.5145 12.06 560 760 
0.042 2 30.00 30.00 3.0 2.2 0.004 0.007 24.5867 26.0052 12.06 560 770 
0.043 2 30.00 30.00 3.0 2.2 0.018 0.009 24.5867 26.0052 12.06 560 770 
0.044 2 30.00 30.00 2.8 2.2 0.029 0.018 25.0420 26.0052 12.06 560 760 
0.045 2 30.00 30.00 3.0 2.2 0.020 0.016 24.5867 26.0052 12.06 590 780 
0.046 2 30.00 30.00 3.0 2.8 0.020 0.007 24.5867 25.0420 12.06 560 760 
0.047 2 30.00 30.00 2.8 2.2 0.018 0.007 25.0420 26.0052 12.06 570 760 
0.048 2 30.00 30.00 2.5 3.5 0.013 0.009 25.5145 23.7240 12.06 560 770 
0.049 2 30.00 30.00 2.5 3.3 0.004 0.009 25.5145 24.1477 12.06 560 770 
0.050 2 30.00 30.00 3.5 2.5 0.011 0.036 23.7240 25.5145 12.06 590 780 
0.051 2 30.00 30.00 2.8 3.0 0.016 0.036 25.0420 24.5867 12.06 560 760 
0.052 2 30.00 30.00 3.3 2.8 0.018 0.020 24.1477 25.0420 12.06 570 760 
0.053 2 30.00 30.00 2.5 2.8 0.031 0.009 25.5145 25.0420 12.06 570 760 
0.054 2 30.00 30.00 2.8 2.5 0.018 0.009 25.0420 25.5145 12.06 560 760 
0.055 2 30.00 30.00 3.0 3.0 0.009 0.007 24.5867 24.5867 12.06 590 780 
0.056 2 30.00 30.00 3.0 2.5 0.009 0.007 24.5867 25.5145 12.06 560 760 
0.057 2 30.00 30.00 2.8 2.8 0.020 0.009 25.0420 25.0420 12.06 560 760 
0.058 2 30.00 30.00 3.0 2.5 0.018 0.004 24.5867 25.5145 12.06 570 760 
0.059 2 30.00 30.00 3.3 2.8 0.018 0.007 24.1477 25.0420 12.06 570 770 
0.060 2 30.00 30.00 3.0 3.3 0.029 0.004 24.5867 24.1477 12.04 590 790 
0.061 2 30.00 30.00 3.0 2.5 0.031 0.020 24.5867 25.5145 12.04 560 760 
0.062 2 30.00 30.00 3.0 3.0 0.038 0.009 24.5867 24.5867 12.04 560 760 
0.063 2 30.00 30.00 2.8 2.5 0.038 0.020 25.0420 25.5145 12.04 560 760 
0.064 2 30.00 30.00 2.8 3.3 0.016 0.009 25.0420 24.1477 12.04 560 760 
0.065 2 30.00 30.00 2.8 2.8 0.004 0.016 25.0420 25.0420 12.06 580 780 
0.066 2 30.00 30.00 2.8 3.3 0.009 0.009 25.0420 24.1477 12.06 560 760 
0.067 2 30.00 30.00 2.8 2.5 0.007 0.036 25.0420 25.5145 12.06 560 770 
0.068 2 30.00 30.00 2.8 2.2 0.004 0.025 25.0420 26.0052 12.06 560 760 
0.069 2 30.00 30.00 2.8 2.2 0.004 0.007 25.0420 26.0052 12.06 560 760 
0.070 2 30.00 30.00 2.5 2.2 0.009 0.016 25.5145 26.0052 12.07 590 780 
0.071 2 30.00 30.00 3.0 2.2 0.004 0.016 24.5867 26.0052 12.07 560 760 
0.072 2 30.00 30.00 3.0 2.8 0.007 0.011 24.5867 25.0420 12.07 560 760 
0.073 2 30.00 30.00 2.5 2.2 0.016 0.007 25.5145 26.0052 12.07 570 770 
0.074 2 30.00 30.00 2.5 3.5 0.011 0.013 25.5145 23.7240 12.07 560 770 
0.075 2 30.00 30.00 2.5 3.3 0.011 0.007 25.5145 24.1477 12.06 590 780 
0.076 2 30.00 30.00 3.5 2.5 0.009 0.042 23.7240 25.5145 12.06 560 770 
0.077 2 30.00 30.00 3.3 3.0 0.018 0.036 24.1477 24.5867 12.06 560 760 
0.078 2 30.00 30.00 2.8 2.8 0.038 0.025 25.0420 25.0420 12.06 560 760 
0.079 2 30.00 30.00 3.0 2.8 0.016 0.011 24.5867 25.0420 12.06 560 760 
0.080 2 30.00 30.00 2.5 2.5 0.033 0.007 25.5145 25.5145 12.06 590 790 
0.081 2 30.00 30.00 2.8 2.8 0.009 0.007 25.0420 25.0420 12.06 560 760 
0.082 2 30.00 30.00 3.0 2.2 0.007 0.004 24.5867 26.0052 12.06 570 770 
0.083 2 30.00 30.00 2.8 2.8 0.011 0.011 25.0420 25.0420 12.06 560 760 
0.084 2 30.00 30.00 3.0 2.5 0.013 0.009 24.5867 25.5145 12.06 560 760 
0.085 2 30.00 30.00 3.0 2.8 0.018 0.007 24.5867 25.0420 12.06 590 780 
0.086 2 30.00 30.00 2.8 3.3 0.018 0.007 25.0420 24.1477 12.06 560 770 
0.087 2 30.00 30.00 3.0 2.2 0.007 0.027 24.5867 26.0052 12.06 560 760 
0.088 2 30.00 30.00 2.8 3.0 0.027 0.009 25.0420 24.5867 12.06 560 770 
0.089 2 30.00 30.00 2.8 2.5 0.029 0.020 25.0420 25.5145 12.06 560 760 
0.090 2 30.00 30.00 2.8 3.0 0.004 0.007 25.0420 24.5867 12.04 590 780 
0.091 2 30.00 30.00 2.8 2.5 0.004 0.009 25.0420 25.5145 12.04 580 770 
0.092 2 30.00 30.00 2.8 2.5 0.009 0.004 25.0420 25.5145 12.04 570 770 
0.093 2 30.00 30.00 2.8 2.5 0.007 0.004 25.0420 25.5145 12.04 570 770 
0.094 2 30.00 30.00 2.8 2.5 0.009 0.009 25.0420 25.5145 12.04 560 770 
0.095 2 30.00 30.00 3.0 2.5 0.004 0.004 24.5867 25.5145 12.06 590 780 
0.096 2 30.00 30.00 2.5 2.5 0.011 0.007 25.5145 25.5145 12.06 570 760 
0.097 2 30.00 30.00 3.0 2.5 0.009 0.011 24.5867 25.5145 12.06 560 760 
0.098 2 30.00 30.00 3.0 3.3 0.020 0.002 24.5867 24.1477 12.06 560 760 
0.099 2 30.00 30.00 2.5 2.2 0.020 0.016 25.5145 26.0052 12.06 570 770 
0.100 2 30.00 30.00 2.2 3.5 0.009 0.007 26.0052 23.7240 12.12 590 800 
0.101 2 30.00 30.00 2.5 3.3 0.011 0.011 25.5145 24.1477 12.12 560 770 
0.102 2 30.00 30.00 2.8 2.5 0.011 0.045 25.0420 25.5145 12.12 560 760 
0.103 2 30.00 30.00 3.3 3.0 0.009 0.036 24.1477 24.5867 12.12 560 760 
0.104 2 30.00 30.00 2.8 2.8 0.009 0.020 25.0420 25.0420 12.12 570 760 
0.105 2 30.00 30.00 3.0 2.8 0.009 0.007 24.5867 25.0420 12.06 590 780 
0.106 2 30.00 30.00 2.5 2.2 0.022 0.007 25.5145 26.0052 12.06 560 760 
0.107 2 30.00 30.00 3.0 2.5 0.013 0.004 24.5867 25.5145 12.06 560 760 
0.108 2 30.00 30.00 3.0 2.2 0.009 0.009 24.5867 26.0052 12.06 560 760 
0.109 2 30.00 30.00 2.8 2.5 0.022 0.013 25.0420 25.5145 12.06 560 760 
0.110 2 30.00 30.00 3.0 2.5 0.013 0.013 24.5867 25.5145 12.07 590 780 
0.111 2 30.00 30.00 3.0 3.3 0.022 0.007 24.5867 24.1477 12.07 570 780 
0.112 2 30.00 30.00 3.0 3.5 0.022 0.025 24.5867 23.7240 12.07 570 770 
0.113 2 30.00 30.00 3.0 2.5 0.020 0.060 24.5867 25.5145 12.07 560 760 
0.114 2 30.00 30.00 3.0 3.0 0.022 0.027 24.5867 24.5867 12.07 570 760 
0.115 2 30.00 30.00 2.8 2.5 0.038 0.029 25.0420 25.5145 12.06 580 780 
0.116 2 30.00 30.00 2.8 3.3 0.022 0.007 25.0420 24.1477 12.06 560 760 
0.117 2 30.00 30.00 2.8 2.5 0.007 0.020 25.0420 25.5145 12.06 580 770 
0.118 2 30.00 30.00 2.5 2.5 0.013 0.009 25.5145 25.5145 12.06 560 770 
0.119 2 30.00 30.00 2.8 2.5 0.009 0.007 25.0420 25.5145 12.06 560 760 
0.120 2 30.00 30.00 2.8 2.2 0.011 0.004 25.0420 26.0052 12.06 590 780 
0.121 2 30.00 30.00 3.0 2.2 0.004 0.011 24.5867 26.0052 12.06 560 760 
0.122 2 30.00 30.00 3.0 2.2 0.013 0.011 24.5867 26.0052 12.06 570 770 
0.123 2 30.00 30.00 2.8 2.2 0.029 0.013 25.0420 26.0052 12.06 560 770 
0.124 2 30.00 30.00 3.0 2.8 0.029 0.011 24.5867 25.0420 12.06 560 760 
0.125 2 30.00 30.00 3.0 2.2 0.020 0.009 24.5867 26.0052 12.07 600 790 
0.126 2 30.00 30.00 2.5 3.3 0.022 0.009 25.5145 24.1477 12.07 560 770 
0.127 2 30.00 30.00 2.5 3.0 0.011 0.004 25.5145 24.5867 12.07 560 760 
0.128 2 30.00 30.00 2.5 2.5 0.007 0.025 25.5145 25.5145 12.07 560 760 
0.129 2 30.00 30.00 3.5 3.0 0.011 0.020 23.7240 24.5867 12.07 560 760 
0.130 2 30.00 30.00 2.5 2.8 0.013 0.016 25.5145 25.0420 12.06 590 780 
0.131 2 30.00 30.00 3.3 2.5 0.013 0.007 24.1477 25.5145 12.06 570 770 
0.132 2 30.00 30.00 2.5 2.5 0.027 0.004 25.5145 25.5145 12.06 560 760 
0.133 2 30.00 30.00 2.8 2.8 0.016 0.007 25.0420 25.0420 12.06 560 760 
0.134 2 30.00 30.00 2.8 2.2 0.004 0.004 25.0420 26.0052 12.06 560 760 
0.135 2 30.00 30.00 3.0 2.8 0.009 0.007 24.5867 25.0420 12.06 590 780 
0.136 2 30.00 30.00 2.8 2.5 0.011 0.009 25.0420 25.5145 12.06 570 760 
0.137 2 30.00 30.00 2.8 3.0 0.020 0.004 25.0420 24.5867 12.06 570 770 
0.138 2 30.00 30.00 2.8 3.3 0.004 0.013 25.0420 24.1477 12.06 560 760 
0.139 2 30.00 30.00 2.8 2.5 0.007 0.040 25.0420 25.5145 12.06 570 770 
0.140 2 30.00 30.00 3.0 3.0 0.009 0.009 24.5867 24.5867 12.06 590 790 
0.141 2 30.00 30.00 3.0 2.5 0.027 0.025 24.5867 25.5145 12.06 560 760 
0.142 2 30.00 30.00 2.8 3.3 0.033 0.011 25.0420 24.1477 12.06 570 760 
0.143 2 30.00 30.00 2.8 2.5 0.013 0.016 25.0420 25.5145 12.06 570 760 
0.144 2 30.00 30.00 2.5 2.2 0.007 0.004 25.5145 26.0052 12.06 570 770 
0.145 2 30.00 30.00 2.8 2.2 0.007 0.007 25.0420 26.0052 12.07 600 790 
0.146 2 30.00 30.00 2.8 2.5 0.009 0.007 25.0420 25.5145 12.07 560 770 
0.147 2 30.00 30.00 2.8 2.5 0.007 0.009 25.0420 25.5145 12.07 570 760 
0.148 2 30.00 30.00 2.8 2.5 0.002 0.009 25.0420 25.5145 12.07 560 760 
0.149 2 30.00 30.00 2.8 2.2 0.007 0.009 25.0420 26.0052 12.07 560 760 
0.150 2 30.00 30.00 2.8 2.8 0.018 0.007 25.0420 25.0420 12.06 590 780 
0.151 2 30.00 30.00 3.0 2.2 0.007 0.004 24.5867 26.0052 12.06 560 760 
0.152 2 30.00 30.00 2.5 3.5 0.013 0.007 25.5145 23.7240 12.06 560 760 
0.153 2 30.00 30.00 2.5 3.0 0.009 0.016 25.5145 24.5867 12.06 560 760 
0.154 2 30.00 30.00 2.5 2.5 0.004 0.038 25.5145 25.5145 12.06 560 760 
0.155 2 30.00 30.00 3.5 3.0 0.009 0.025 23.7240 24.5867 12.06 590 780 
0.156 2 30.00 30.00 2.8 2.8 0.016 0.022 25.0420 25.0420 12.06 570 760 
0.157 2 30.00 30.00 3.0 2.5 0.018 0.004 24.5867 25.5145 12.06 570 780 
0.158 2 30.00 30.00 3.0 2.5 0.018 0.004 24.5867 25.5145 12.06 560 770 
0.159 2 30.00 30.00 2.5 2.8 0.038 0.004 25.5145 25.0420 12.06 560 760 
0.160 2 30.00 30.00 2.8 2.2 0.009 0.004 25.0420 26.0052 12.06 590 780 
0.161 2 30.00 30.00 2.8 2.8 0.009 0.011 25.0420 25.0420 12.06 560 760 
0.162 2 30.00 30.00 2.8 2.5 0.009 0.016 25.0420 25.5145 12.06 560 760 
0.163 2 30.00 30.00 2.8 3.0 0.011 0.004 25.0420 24.5867 12.06 570 770 
0.164 2 30.00 30.00 3.0 3.3 0.007 0.013 24.5867 24.1477 12.06 560 760 
0.165 2 30.00 30.00 3.0 2.2 0.013 0.033 24.5867 26.0052 12.06 590 780 
0.166 2 30.00 30.00 3.0 2.8 0.027 0.007 24.5867 25.0420 12.06 560 760 
0.167 2 30.00 30.00 3.0 2.5 0.033 0.011 24.5867 25.5145 12.06 560 760 
0.168 2 30.00 30.00 2.8 3.0 0.040 0.009 25.0420 24.5867 12.06 560 760 
0.169 2 30.00 30.00 2.8 2.5 0.018 0.009 25.0420 25.5145 12.06 570 770 
0.170 2 30.00 30.00 2.8 2.8 0.011 0.004 25.0420 25.0420 12.06 590 790 
0.171 2 30.00 30.00 2.5 2.5 0.004 0.004 25.5145 25.5145 12.06 560 760 
0.172 2 30.00 30.00 2.5 2.5 0.009 0.007 25.5145 25.5145 12.06 560 760 
0.173 2 30.00 30.00 2.5 2.5 0.009 0.004 25.5145 25.5145 12.06 560 760 
0.174 2 30.00 30.00 2.8 2.5 0.013 0.011 25.0420 25.5145 12.06 560 760 
0.175 2 30.00 30.00 2.8 2.5 0.011 0.007 25.0420 25.5145 12.06 590 780 
0.176 2 30.00 30.00 2.8 2.8 0.016 0.004 25.0420 25.0420 12.06 570 770 
0.177 2 30.00 30.00 3.0 2.2 0.007 0.004 24.5867 26.0052 12.06 570 760 
0.178 2 30.00 30.00 2.5 3.3 0.011 0.011 25.5145 24.1477 12.06 560 770 
0.179 2 30.00 30.00 2.2 3.0 0.007 0.009 26.0052 24.5867 12.06 560 760 
0.180 2 30.00 30.00 2.5 2.5 0.011 0.022 25.5145 25.5145 12.07 590 780 
0.181 2 30.00 30.00 3.3 3.0 0.011 0.022 24.1477 24.5867 12.07 560 770 
0.182 2 30.00 30.00 3.3 2.8 0.007 0.016 24.1477 25.0420 12.07 570 760 
0.183 2 30.00 30.00 2.8 2.8 0.031 0.007 25.0420 25.0420 12.07 560 760 
0.184 2 30.00 30.00 3.0 2.2 0.018 0.011 24.5867 26.0052 12.07 560 770 
0.185 2 30.00 30.00 2.5 2.8 0.036 0.007 25.5145 25.0420 12.06 590 780 
0.186 2 30.00 30.00 2.8 2.2 0.011 0.007 25.0420 26.0052 12.06 560 760 
0.187 2 30.00 30.00 3.0 2.8 0.007 0.011 24.5867 25.0420 12.06 560 770 
0.188 2 30.00 30.00 2.5 2.5 0.013 0.009 25.5145 25.5145 12.06 560 760 
0.189 2 30.00 30.00 2.8 2.8 0.007 0.004 25.0420 25.0420 12.06 560 760 
0.190 2 30.00 30.00 3.0 3.3 0.007 0.004 24.5867 24.1477 12.06 590 790 
0.191 2 30.00 30.00 2.8 2.5 0.011 0.025 25.0420 25.5145 12.06 560 760 
0.192 2 30.00 30.00 3.0 3.0 0.011 0.009 24.5867 24.5867 12.06 560 760 
0.193 2 30.00 30.00 3.0 2.5 0.025 0.025 24.5867 25.5145 12.06 560 770 
0.194 2 30.00 30.00 2.8 3.0 0.040 0.011 25.0420 24.5867 12.06 560 760 
0.195 2 30.00 30.00 2.8 2.5 0.018 0.009 25.0420 25.5145 12.04 590 780 
0.196 2 30.00 30.00 2.8 2.8 0.004 0.007 25.0420 25.0420 12.04 560 770 
0.197 2 30.00 30.00 2.8 2.5 0.011 0.004 25.0420 25.5145 12.04 560 760 
0.198 2 30.00 30.00 3.0 2.2 0.011 0.007 24.5867 26.0052 12.04 560 760 
0.199 2 30.00 30.00 2.8 2.2 0.011 0.009 25.0420 26.0052 12.04 560 760 
0.200 2 30.00 30.00 3.0 2.5 0.009 0.016 24.5867 25.5145 12.06 590 780 
0.201 2 30.00 30.00 2.5 2.5 0.018 0.011 25.5145 25.5145 12.06 560 760 
0.202 2 30.00 30.00 3.0 2.8 0.013 0.009 24.5867 25.0420 12.06 570 760 
0.203 2 30.00 30.00 3.0 2.2 0.018 0.007 24.5867 26.0052 12.06 570 770 
0.204 2 30.00 30.00 3.0 3.5 0.020 0.004 24.5867 23.7240 12.06 560 760 
0.205 2 30.00 30.00 2.5 3.0 0.025 0.013 25.5145 24.5867 12.06 590 780 
0.206 2 30.00 30.00 2.5 2.5 0.007 0.031 25.5145 25.5145 12.06 560 760 
0.208 2 30.00 30.00 2.5 3.0 0.011 0.029 25.5145 24.5867 12.06 560 760 
0.209 2 30.00 30.00 2.5 2.5 0.013 0.025 25.5145 25.5145 12.06 570 770 
0.210 2 30.00 30.00 3.3 2.2 0.011 0.016 24.1477 26.0052 12.06 560 760 
0.211 2 30.00 30.00 3.0 3.0 0.013 0.004 24.5867 24.5867 12.09 590 790 
0.211 2 30.00 30.00 2.8 2.5 0.042 0.000 25.0420 25.5145 12.09 560 760 
0.212 2 30.00 30.00 3.0 2.2 0.029 0.007 24.5867 26.0052 12.09 570 760 
0.213 2 30.00 30.00 3.0 2.5 0.020 0.013 24.5867 25.5145 12.09 570 760 
0.214 2 30.00 30.00 2.5 2.5 0.029 0.011 25.5145 25.5145 12.09 560 760 
0.215 2 30.00 30.00 2.8 2.8 0.007 0.004 25.0420 25.0420 12.07 590 780 
0.216 2 30.00 30.00 2.8 3.3 0.004 0.007 25.0420 24.1477 12.07 560 760 
0.217 2 30.00 30.00 2.8 2.2 0.007 0.020 25.0420 26.0052 12.07 560 760 
0.218 2 30.00 30.00 2.8 2.8 0.007 0.009 25.0420 25.0420 12.07 560 760 
0.219 2 30.00 30.00 2.8 2.2 0.007 0.007 25.0420 26.0052 12.07 560 760 
0.220 2 30.00 30.00 2.8 3.0 0.013 0.009 25.0420 24.5867 12.07 590 780 
0.221 2 30.00 30.00 2.8 2.5 0.009 0.007 25.0420 25.5145 12.07 560 760 
0.222 2 30.00 30.00 2.8 2.8 0.007 0.004 25.0420 25.0420 12.07 570 770 
0.223 2 30.00 30.00 2.5 2.5 0.009 0.004 25.5145 25.5145 12.07 570 760 
0.224 2 30.00 30.00 2.8 2.5 0.007 0.007 25.0420 25.5145 12.07 560 770 
0.225 2 30.00 30.00 2.8 2.5 0.007 0.004 25.0420 25.5145 12.07 590 780 
0.226 2 30.00 30.00 3.0 2.5 0.009 0.009 24.5867 25.5145 12.07 560 760 
0.227 2 30.00 30.00 2.5 2.2 0.016 0.007 25.5145 26.0052 12.07 570 770 
0.228 2 30.00 30.00 2.5 2.8 0.007 0.007 25.5145 25.0420 12.07 570 770 
0.229 2 30.00 30.00 2.8 2.2 0.009 0.004 25.0420 26.0052 12.07 560 760 
0.230 2 30.00 30.00 3.0 3.5 0.009 0.011 24.5867 23.7240 12.06 590 790 
0.231 2 30.00 30.00 2.8 3.3 0.007 0.013 25.0420 24.1477 12.06 560 760 
0.232 2 30.00 30.00 2.8 2.5 0.009 0.047 25.0420 25.5145 12.06 560 760 
0.233 2 30.00 30.00 2.8 3.0 0.009 0.036 25.0420 24.5867 12.06 570 760 
0.234 2 30.00 30.00 3.5 2.8 0.004 0.025 23.7240 25.0420 12.06 560 770 
0.235 2 30.00 30.00 2.8 2.8 0.027 0.016 25.0420 25.0420 12.04 590 780 
0.236 2 30.00 30.00 3.3 2.5 0.031 0.009 24.1477 25.5145 12.04 560 770 
0.237 2 30.00 30.00 2.5 2.8 0.042 0.007 25.5145 25.0420 12.04 570 770 
0.238 2 30.00 30.00 2.8 2.2 0.025 0.004 25.0420 26.0052 12.04 560 760 
0.239 2 30.00 30.00 2.8 2.5 0.007 0.009 25.0420 25.5145 12.04 570 770 
0.240 2 30.00 30.00 2.8 2.5 0.004 0.009 25.0420 25.5145 12.07 590 780 
0.241 2 30.00 30.00 2.8 2.8 0.007 0.007 25.0420 25.0420 12.07 560 760 
0.242 2 30.00 30.00 2.8 3.3 0.007 0.007 25.0420 24.1477 12.07 560 760 
0.243 2 30.00 30.00 2.8 2.2 0.009 0.018 25.0420 26.0052 12.07 560 770 
0.244 2 30.00 30.00 2.8 2.8 0.011 0.011 25.0420 25.0420 12.07 560 760 
0.245 2 30.00 30.00 3.0 2.2 0.004 0.007 24.5867 26.0052 12.06 590 790 
0.246 2 30.00 30.00 3.0 3.0 0.029 0.007 24.5867 24.5867 12.06 560 760 
0.247 2 30.00 30.00 2.8 2.5 0.036 0.004 25.0420 25.5145 12.06 560 760 
0.248 2 30.00 30.00 2.8 2.8 0.011 0.009 25.0420 25.0420 12.06 560 760 
0.249 2 30.00 30.00 2.5 2.5 0.009 0.007 25.5145 25.5145 12.06 570 760 
0.250 2 30.00 30.00 2.8 2.5 0.009 0.011 25.0420 25.5145 12.06 590 790 
0.251 2 30.00 30.00 2.8 2.5 0.007 0.004 25.0420 25.5145 12.06 560 770 
0.252 2 30.00 30.00 2.8 2.5 0.007 0.011 25.0420 25.5145 12.06 560 760 
0.253 2 30.00 30.00 2.8 2.2 0.007 0.009 25.0420 26.0052 12.06 560 760 
0.254 2 30.00 30.00 2.8 2.8 0.009 0.009 25.0420 25.0420 12.06 570 760 
0.255 2 30.00 30.00 2.8 2.2 0.018 0.007 25.0420 26.0052 12.06 590 780 
0.256 2 30.00 30.00 3.0 3.0 0.009 0.009 24.5867 24.5867 12.06 560 760 
0.257 2 30.00 30.00 2.5 3.0 0.011 0.004 25.5145 24.5867 12.06 560 760 
0.258 2 30.00 30.00 2.2 2.5 0.007 0.025 26.0052 25.5145 12.06 560 760 
0.259 2 30.00 30.00 2.5 3.0 0.011 0.018 25.5145 24.5867 12.06 560 760 
0.260 2 30.00 30.00 3.5 2.8 0.013 0.016 23.7240 25.0420 12.06 590 780 
0.261 2 30.00 30.00 2.8 2.8 0.011 0.009 25.0420 25.0420 12.06 560 760 
0.262 2 30.00 30.00 3.3 3.3 0.020 0.013 24.1477 24.1477 12.06 570 760 
0.263 2 30.00 30.00 3.0 2.8 0.036 0.036 24.5867 25.0420 12.06 570 780 
0.264 2 30.00 30.00 2.5 2.2 0.047 0.022 25.5145 26.0052 12.06 560 770 
0.265 2 30.00 30.00 2.8 2.5 0.013 0.004 25.0420 25.5145 12.06 590 780 
0.266 2 30.00 30.00 2.8 2.2 0.007 0.009 25.0420 26.0052 12.06 560 760 
0.267 2 30.00 30.00 2.8 2.5 0.009 0.009 25.0420 25.5145 12.06 570 770 
0.268 2 30.00 30.00 2.8 2.5 0.011 0.009 25.0420 25.5145 12.06 570 770 
0.269 2 30.00 30.00 3.0 2.2 0.007 0.007 24.5867 26.0052 12.06 560 770 
0.270 2 30.00 30.00 2.8 2.5 0.011 0.011 25.0420 25.5145 12.04 590 780 
0.271 2 30.00 30.00 3.0 2.5 0.011 0.009 24.5867 25.5145 12.04 560 760 
0.272 2 30.00 30.00 2.8 3.3 0.031 0.004 25.0420 24.1477 12.04 560 760 
0.273 2 30.00 30.00 2.8 2.8 0.025 0.011 25.0420 25.0420 12.04 560 760 
0.274 2 30.00 30.00 2.8 3.0 0.007 0.011 25.0420 24.5867 12.04 560 760 
0.275 2 30.00 30.00 2.8 2.8 0.004 0.025 25.0420 25.0420 12.06 590 780 
0.276 2 30.00 30.00 2.5 2.8 0.007 0.038 25.5145 25.0420 12.06 580 780 
0.277 2 30.00 30.00 2.5 2.5 0.007 0.020 25.5145 25.5145 12.06 570 770 
0.278 2 30.00 30.00 2.5 2.5 0.009 0.002 25.5145 25.5145 12.06 560 760 
0.279 2 30.00 30.00 2.8 2.2 0.011 0.007 25.0420 26.0052 12.06 560 760 
0.280 2 30.00 30.00 2.5 2.8 0.004 0.009 25.5145 25.0420 12.06 590 780 
0.281 2 30.00 30.00 2.8 2.2 0.007 0.007 25.0420 26.0052 12.06 570 770 
0.282 2 30.00 30.00 3.0 3.0 0.007 0.007 24.5867 24.5867 12.06 560 760 
0.283 2 30.00 30.00 2.5 2.5 0.007 0.009 25.5145 25.5145 12.06 560 760 
0.284 2 30.00 30.00 2.5 2.5 0.007 0.007 25.5145 25.5145 12.06 570 770 
0.285 2 30.00 30.00 2.5 3.0 0.009 0.007 25.5145 24.5867 12.02 590 790 
0.286 2 30.00 30.00 3.5 2.8 0.009 0.007 23.7240 25.0420 12.02 570 760 
0.287 2 30.00 30.00 3.3 2.8 0.016 0.009 24.1477 25.0420 12.02 560 770 
0.288 2 30.00 30.00 2.8 3.0 0.047 0.013 25.0420 24.5867 12.02 560 760 
0.289 2 30.00 30.00 3.0 2.5 0.020 0.027 24.5867 25.5145 12.02 570 770 
0.290 2 30.00 30.00 2.8 2.8 0.036 0.013 25.0420 25.0420 12.06 590 780 
0.291 2 30.00 30.00 2.8 2.5 0.020 0.007 25.0420 25.5145 12.06 560 770 
0.292 2 30.00 30.00 2.8 2.5 0.007 0.007 25.0420 25.5145 12.06 570 770 
0.293 2 30.00 30.00 2.5 2.5 0.011 0.007 25.5145 25.5145 12.06 570 770 
0.294 2 30.00 30.00 2.8 2.5 0.004 0.007 25.0420 25.5145 12.06 560 760 
0.295 2 30.00 30.00 3.0 2.2 0.004 0.011 24.5867 26.0052 12.06 590 780 
0.296 2 30.00 30.00 2.8 2.5 0.009 0.016 25.0420 25.5145 12.06 560 760 
0.297 2 30.00 30.00 3.0 2.2 0.011 0.004 24.5867 26.0052 12.06 570 760 
0.298 2 30.00 30.00 2.8 3.0 0.029 0.009 25.0420 24.5867 12.06 560 770 
0.299 2 30.00 30.00 2.8 2.5 0.027 0.007 25.0420 25.5145 12.06 560 770 
0.300 2 30.00 30.00 2.8 3.0 0.011 0.007 25.0420 24.5867 12.06 590 780 
0.301 2 30.00 30.00 2.8 2.5 0.004 0.009 25.0420 25.5145 12.06 560 760 
0.302 2 30.00 30.00 2.8 2.8 0.009 0.022 25.0420 25.0420 12.06 560 760 
0.303 2 30.00 30.00 2.8 2.8 0.009 0.011 25.0420 25.0420 12.06 560 760 
0.304 2 30.00 30.00 2.8 2.5 0.002 0.004 25.0420 25.5145 12.06 580 770 
0.305 2 30.00 30.00 3.0 2.5 0.004 0.004 24.5867 25.5145 11.99 590 790 
0.306 2 30.00 30.00 2.5 2.5 0.011 0.009 25.5145 25.5145 11.99 560 760 
0.307 2 30.00 30.00 2.8 2.2 0.016 0.007 25.0420 26.0052 11.99 570 760 
0.308 2 30.00 30.00 3.0 2.8 0.004 0.016 24.5867 25.0420 11.99 560 760 
0.309 2 30.00 30.00 2.5 2.5 0.013 0.009 25.5145 25.5145 11.99 560 760 
0.310 2 30.00 30.00 2.2 2.5 0.007 0.007 26.0052 25.5145 12.07 590 780 
0.311 2 30.00 30.00 2.5 3.0 0.009 0.004 25.5145 24.5867 12.07 570 770 
0.312 2 30.00 30.00 2.5 3.0 0.011 0.009 25.5145 24.5867 12.07 560 760 
0.313 2 30.00 30.00 3.0 3.0 0.013 0.018 24.5867 24.5867 12.07 560 760 
0.314 2 30.00 30.00 2.8 3.5 0.007 0.042 25.0420 23.7240 12.07 570 770 
0.315 2 30.00 30.00 3.0 2.8 0.009 0.062 24.5867 25.0420 12.04 590 780 
0.316 2 30.00 30.00 2.8 3.0 0.029 0.042 25.0420 24.5867 12.04 570 760 
0.317 2 30.00 30.00 3.0 2.8 0.016 0.018 24.5867 25.0420 12.04 570 770 
0.318 2 30.00 30.00 3.0 2.5 0.013 0.009 24.5867 25.5145 12.04 560 760 
0.319 2 30.00 30.00 2.8 2.5 0.033 0.007 25.0420 25.5145 12.04 560 760 
0.320 2 30.00 30.00 3.0 2.5 0.020 0.007 24.5867 25.5145 12.04 590 780 
0.321 2 30.00 30.00 3.0 2.2 0.025 0.011 24.5867 26.0052 12.04 560 760 
0.322 2 30.00 30.00 3.0 2.2 0.025 0.011 24.5867 26.0052 12.04 560 760 
0.323 2 30.00 30.00 2.8 2.2 0.027 0.013 25.0420 26.0052 12.04 560 770 
0.324 2 30.00 30.00 2.8 2.5 0.013 0.013 25.0420 25.5145 12.04 570 760 
0.325 2 30.00 30.00 2.8 2.5 0.020 0.013 25.0420 25.5145 12.07 590 780 
0.326 2 30.00 30.00 2.8 2.8 0.009 0.011 25.0420 25.0420 12.07 560 760 
0.327 2 30.00 30.00 2.5 2.5 0.004 0.007 25.5145 25.5145 12.07 560 760 
0.328 2 30.00 30.00 2.5 2.8 0.007 0.009 25.5145 25.0420 12.07 570 760 
0.329 2 30.00 30.00 2.8 2.8 0.002 0.007 25.0420 25.0420 12.07 560 770 
0.330 2 30.00 30.00 2.8 2.5 0.007 0.004 25.0420 25.5145 12.06 590 780 
0.331 2 30.00 30.00 3.0 3.0 0.004 0.002 24.5867 24.5867 12.06 560 760 
0.332 2 30.00 30.00 2.5 2.2 0.013 0.013 25.5145 26.0052 12.06 560 760 
0.333 2 30.00 30.00 2.8 2.2 0.011 0.009 25.0420 26.0052 12.06 570 770 
0.334 2 30.00 30.00 3.0 2.8 0.007 0.011 24.5867 25.0420 12.06 570 770 
0.335 2 30.00 30.00 3.0 2.5 0.013 0.007 24.5867 25.5145 12.06 580 790 
0.336 2 30.00 30.00 2.5 2.5 0.020 0.002 25.5145 25.5145 12.06 560 760 
0.337 2 30.00 30.00 2.5 2.5 0.009 0.004 25.5145 25.5145 12.06 560 760 
0.338 2 30.00 30.00 2.5 2.5 0.009 0.007 25.5145 25.5145 12.06 570 770 
0.339 2 30.00 30.00 3.0 2.8 0.011 0.011 24.5867 25.0420 12.06 560 760 
0.340 2 30.00 30.00 2.5 3.3 0.009 0.007 25.5145 24.1477 12.06 590 790 
0.341 2 30.00 30.00 3.3 2.5 0.004 0.036 24.1477 25.5145 12.06 560 760 
0.342 2 30.00 30.00 2.5 2.8 0.036 0.009 25.5145 25.0420 12.06 570 760 
0.343 2 30.00 30.00 3.0 2.8 0.011 0.004 24.5867 25.0420 12.06 560 760 
0.344 2 30.00 30.00 3.0 3.0 0.011 0.007 24.5867 24.5867 12.06 570 760 
0.345 2 30.00 30.00 2.5 2.8 0.022 0.022 25.5145 25.0420 12.06 580 790 
0.346 2 30.00 30.00 2.8 2.5 0.009 0.022 25.0420 25.5145 12.06 570 760 
0.347 2 30.00 30.00 2.8 2.2 0.004 0.004 25.0420 26.0052 12.06 570 780 
0.348 2 30.00 30.00 2.8 2.2 0.004 0.004 25.0420 26.0052 12.06 570 770 
0.349 2 30.00 30.00 2.8 2.2 0.007 0.007 25.0420 26.0052 12.06 560 760 
0.350 2 30.00 30.00 2.8 2.5 0.004 0.016 25.0420 25.5145 12.06 590 780 
0.351 2 30.00 30.00 2.8 2.5 0.016 0.011 25.0420 25.5145 12.06 560 750 
0.352 2 30.00 30.00 2.8 2.5 0.007 0.009 25.0420 25.5145 12.06 570 770 
0.353 2 30.00 30.00 2.8 2.8 0.007 0.009 25.0420 25.0420 12.06 560 760 
0.354 2 30.00 30.00 2.8 2.8 0.011 0.013 25.0420 25.0420 12.06 570 770 
0.355 2 30.00 30.00 2.8 2.8 0.011 0.009 25.0420 25.0420 12.06 590 780 
0.356 2 30.00 30.00 2.8 2.8 0.007 0.004 25.0420 25.0420 12.06 560 760 
0.357 2 30.00 30.00 3.0 3.3 0.007 0.013 24.5867 24.1477 12.06 570 760 
0.358 2 30.00 30.00 2.5 2.2 0.011 0.031 25.5145 26.0052 12.06 570 760 
0.359 2 30.00 30.00 2.8 3.3 0.007 0.007 25.0420 24.1477 12.06 570 770 
0.360 2 30.00 30.00 2.8 2.8 0.007 0.011 25.0420 25.0420 12.06 580 780 
0.361 2 30.00 30.00 2.8 2.2 0.007 0.020 25.0420 26.0052 12.06 560 760 
0.362 2 30.00 30.00 2.5 2.2 0.007 0.009 25.5145 26.0052 12.06 560 760 
0.363 2 30.00 30.00 2.5 2.2 0.007 0.009 25.5145 26.0052 12.06 560 760 
0.364 2 30.00 30.00 2.8 2.5 0.011 0.011 25.0420 25.5145 12.06 570 760 
0.365 2 30.00 30.00 3.5 2.5 0.009 0.013 23.7240 25.5145 12.04 590 790 
0.366 2 30.00 30.00 2.5 3.3 0.020 0.007 25.5145 24.1477 12.04 570 780 
0.367 2 30.00 30.00 3.0 2.8 0.016 0.018 24.5867 25.0420 12.04 570 760 
0.368 2 30.00 30.00 2.5 3.0 0.025 0.013 25.5145 24.5867 12.04 560 760 
0.369 2 30.00 30.00 2.8 3.0 0.011 0.013 25.0420 24.5867 12.04 560 760 
0.370 2 30.00 30.00 3.0 3.0 0.007 0.022 24.5867 24.5867 12.06 590 780 
0.371 2 30.00 30.00 3.0 3.0 0.016 0.029 24.5867 24.5867 12.06 580 770 
0.372 2 30.00 30.00 2.8 2.2 0.018 0.038 25.0420 26.0052 12.06 560 770 
0.373 2 30.00 30.00 2.8 2.2 0.020 0.004 25.0420 26.0052 12.06 570 770 
0.374 2 30.00 30.00 2.8 2.5 0.009 0.013 25.0420 25.5145 12.06 570 770 
0.375 2 30.00 30.00 2.8 2.2 0.009 0.009 25.0420 26.0052 12.06 590 780 
0.376 2 30.00 30.00 3.0 2.5 0.007 0.009 24.5867 25.5145 12.06 570 770 
0.377 2 30.00 30.00 3.0 2.2 0.033 0.011 24.5867 26.0052 12.06 560 770 
0.378 2 30.00 30.00 2.8 2.5 0.027 0.016 25.0420 25.5145 12.06 560 760 
0.379 2 30.00 30.00 2.8 2.5 0.013 0.011 25.0420 25.5145 12.06 560 760 
0.380 2 30.00 30.00 2.5 2.5 0.009 0.004 25.5145 25.5145 12.06 590 790 
0.381 2 30.00 30.00 2.8 2.8 0.004 0.007 25.0420 25.0420 12.06 560 760 
0.382 2 30.00 30.00 2.5 2.8 0.004 0.007 25.5145 25.0420 12.06 560 760 
0.383 2 30.00 30.00 2.8 3.3 0.011 0.004 25.0420 24.1477 12.06 560 760 
0.384 2 30.00 30.00 2.8 2.2 0.009 0.033 25.0420 26.0052 12.06 570 760 
0.385 2 30.00 30.00 2.8 3.3 0.009 0.009 25.0420 24.1477 12.06 590 780 
0.386 2 30.00 30.00 2.8 2.8 0.016 0.009 25.0420 25.0420 12.06 560 760 
0.387 2 30.00 30.00 2.8 2.5 0.009 0.022 25.0420 25.5145 12.06 570 760 
0.388 2 30.00 30.00 2.5 2.2 0.004 0.007 25.5145 26.0052 12.06 560 760 
0.389 2 30.00 30.00 2.5 2.5 0.009 0.004 25.5145 25.5145 12.06 560 760 
0.390 2 30.00 30.00 2.5 2.5 0.009 0.011 25.5145 25.5145 12.06 590 780 
0.391 2 30.00 30.00 3.3 2.5 0.007 0.011 24.1477 25.5145 12.06 560 770 
0.392 2 30.00 30.00 2.5 2.8 0.007 0.004 25.5145 25.0420 12.06 570 770 
0.393 2 30.00 30.00 3.0 2.2 0.007 0.002 24.5867 26.0052 12.06 570 770 
0.394 2 30.00 30.00 2.5 2.8 0.022 0.011 25.5145 25.0420 12.06 560 770 
0.395 2 30.00 30.00 3.0 3.0 0.011 0.009 24.5867 24.5867 12.06 590 780 
0.396 2 30.00 30.00 3.0 3.0 0.009 0.009 24.5867 24.5867 12.06 570 770 
0.397 2 30.00 30.00 2.8 3.3 0.020 0.029 25.0420 24.1477 12.06 560 760 
0.398 2 30.00 30.00 2.5 2.2 0.009 0.047 25.5145 26.0052 12.06 560 760 
0.399 2 30.00 30.00 2.8 2.8 0.004 0.007 25.0420 25.0420 12.06 560 760 
0.400 2 30.00 30.00 3.0 2.2 0.004 0.007 24.5867 26.0052 12.06 590 780 
0.401 4 35.00 35.00 5.6 5.0 0.007 0.007 25.0420 26.0052 12.06 560 770 
0.402 4 35.00 35.00 5.8 5.3 0.138 0.098 24.5867 25.5145 12.06 570 770 
0.403 4 35.00 35.00 5.6 5.0 0.317 0.232 25.0420 26.0052 12.06 560 750 
0.404 4 35.00 35.00 5.3 5.0 0.388 0.288 25.5145 26.0052 12.06 560 750 
0.405 4 35.00 35.00 4.8 4.8 0.386 0.257 26.5151 26.5151 11.87 590 780 
0.406 4 35.00 35.00 4.1 4.5 0.350 0.297 27.5973 27.0454 11.87 560 750 
0.409 4 35.00 35.00 4.1 4.1 0.203 0.243 27.5973 27.5973 11.87 560 750 
0.410 4 35.00 35.00 3.8 3.5 0.158 0.134 28.1723 28.7717 11.87 560 760 
0.411 4 35.00 35.00 3.5 4.5 0.112 0.116 28.7717 27.0454 11.87 560 750 
0.411 4 35.00 35.00 3.5 3.8 0.100 0.121 28.7717 28.1723 11.88 590 780 
0.412 4 35.00 35.00 3.5 3.1 0.074 0.125 28.7717 29.3972 11.88 570 760 
0.413 4 35.00 35.00 3.1 3.1 0.056 0.074 29.3972 29.3972 11.88 560 750 
0.414 4 35.00 35.00 2.8 2.8 0.025 0.036 30.0504 30.0504 11.88 560 750 
0.415 4 35.00 35.00 2.8 2.8 0.009 0.004 30.0504 30.0504 11.88 560 760 
0.416 4 35.00 35.00 3.5 3.5 0.013 0.004 28.7717 28.7717 12.07 590 780 
0.417 4 35.00 35.00 3.1 2.8 0.007 0.016 29.3972 30.0504 12.07 560 760 
0.418 4 35.00 35.00 3.5 2.8 0.013 0.009 28.7717 30.0504 12.07 570 770 
0.419 4 35.00 35.00 3.1 2.8 0.033 0.011 29.3972 30.0504 12.07 570 770 
0.420 4 35.00 35.00 3.1 2.8 0.018 0.004 29.3972 30.0504 12.07 560 760 
0.421 4 35.00 35.00 3.1 3.1 0.011 0.007 29.3972 29.3972 12.06 590 780 
0.422 4 35.00 35.00 3.1 2.8 0.009 0.007 29.3972 30.0504 12.06 560 760 
0.423 4 35.00 35.00 3.1 2.8 0.007 0.009 29.3972 30.0504 12.06 560 760 
0.424 4 35.00 35.00 3.1 4.5 0.004 0.007 29.3972 27.0454 12.06 560 760 
0.425 4 35.00 35.00 3.1 3.1 0.007 0.049 29.3972 29.3972 12.06 560 760 
0.426 4 35.00 35.00 3.1 3.1 0.022 0.047 29.3972 29.3972 12.04 590 780 
0.427 4 35.00 35.00 3.1 2.8 0.011 0.013 29.3972 30.0504 12.04 560 760 
0.428 4 35.00 35.00 3.1 2.8 0.007 0.013 29.3972 30.0504 12.04 560 760 
0.429 4 35.00 35.00 3.1 2.4 0.009 0.007 29.3972 30.7334 12.04 560 760 
0.430 4 35.00 35.00 3.1 2.4 0.011 0.016 29.3972 30.7334 12.04 570 770 
0.431 4 35.00 35.00 3.1 3.1 0.004 0.016 29.3972 29.3972 12.06 590 780 
0.432 4 35.00 35.00 3.1 2.8 0.004 0.007 29.3972 30.0504 12.06 560 760 
0.433 4 35.00 35.00 3.1 3.5 0.011 0.011 29.3972 28.7717 12.06 560 760 
0.434 4 35.00 35.00 3.1 3.1 0.016 0.011 29.3972 29.3972 12.06 560 760 
0.435 4 35.00 35.00 2.8 2.8 0.007 0.029 30.0504 30.0504 12.06 570 770 
0.436 4 35.00 35.00 2.8 2.8 0.009 0.011 30.0504 30.0504 12.04 590 790 
0.437 4 35.00 35.00 2.8 2.8 0.009 0.011 30.0504 30.0504 12.04 560 750 
0.438 4 35.00 35.00 3.8 3.5 0.009 0.004 28.1723 28.7717 12.04 560 750 
0.439 4 35.00 35.00 3.5 3.1 0.011 0.016 28.7717 29.3972 12.04 560 760 
0.440 4 35.00 35.00 3.8 3.5 0.033 0.013 28.1723 28.7717 12.04 570 760 
0.441 4 35.00 35.00 3.1 3.1 0.065 0.016 29.3972 29.3972 12.04 590 780 
0.442 4 35.00 35.00 3.1 3.1 0.042 0.022 29.3972 29.3972 12.04 560 760 
0.443 4 35.00 35.00 3.1 3.5 0.016 0.020 29.3972 28.7717 12.04 560 770 
0.444 4 35.00 35.00 3.1 2.8 0.013 0.025 29.3972 30.0504 12.04 560 760 
0.445 4 35.00 35.00 3.1 2.8 0.013 0.004 29.3972 30.0504 12.04 560 760 
0.446 4 35.00 35.00 3.1 2.8 0.007 0.007 29.3972 30.0504 12.10 590 780 
0.447 4 35.00 35.00 3.1 3.1 0.009 0.007 29.3972 29.3972 12.10 570 760 
0.448 4 35.00 35.00 3.1 2.8 0.011 0.004 29.3972 30.0504 12.10 570 760 
0.449 4 35.00 35.00 3.1 2.8 0.020 0.007 29.3972 30.0504 12.10 560 770 
0.450 4 35.00 35.00 3.1 2.8 0.009 0.002 29.3972 30.0504 12.10 560 760 
0.451 4 35.00 35.00 3.1 2.8 0.007 0.007 29.3972 30.0504 12.04 590 790 
0.452 4 35.00 35.00 3.1 2.8 0.011 0.009 29.3972 30.0504 12.04 560 760 
0.453 4 35.00 35.00 3.1 3.8 0.007 0.009 29.3972 28.1723 12.04 570 770 
0.454 4 35.00 35.00 3.1 3.1 0.004 0.029 29.3972 29.3972 12.04 560 760 
0.455 4 35.00 35.00 3.1 4.1 0.009 0.022 29.3972 27.5973 12.04 560 760 
0.456 4 35.00 35.00 3.1 3.5 0.020 0.060 29.3972 28.7717 12.09 590 790 
0.457 4 35.00 35.00 3.1 3.1 0.013 0.069 29.3972 29.3972 12.09 560 760 
0.458 4 35.00 35.00 2.8 2.8 0.007 0.056 30.0504 30.0504 12.09 560 760 
0.459 4 35.00 35.00 3.1 2.8 0.009 0.009 29.3972 30.0504 12.09 560 760 
0.460 4 35.00 35.00 2.8 2.4 0.007 0.009 30.0504 30.7334 12.09 570 760 
0.461 4 35.00 35.00 3.8 3.1 0.009 0.011 28.1723 29.3972 12.06 590 780 
0.462 4 35.00 35.00 3.5 3.5 0.016 0.009 28.7717 28.7717 12.06 570 760 
0.463 4 35.00 35.00 3.5 3.1 0.036 0.007 28.7717 29.3972 12.06 580 770 
0.464 4 35.00 35.00 3.1 3.5 0.054 0.009 29.3972 28.7717 12.06 560 760 
0.465 4 35.00 35.00 3.1 3.8 0.031 0.027 29.3972 28.1723 12.06 560 760 
0.466 4 35.00 35.00 3.1 3.1 0.016 0.058 29.3972 29.3972 12.04 590 780 
0.467 4 35.00 35.00 3.1 3.1 0.004 0.040 29.3972 29.3972 12.04 560 760 
0.468 4 35.00 35.00 3.1 2.8 0.009 0.020 29.3972 30.0504 12.04 560 760 
0.469 4 35.00 35.00 3.1 3.1 0.007 0.007 29.3972 29.3972 12.04 570 760 
0.470 4 35.00 35.00 3.1 2.8 0.004 0.007 29.3972 30.0504 12.04 560 760 
0.471 4 35.00 35.00 3.1 2.8 0.022 0.007 29.3972 30.0504 12.04 590 790 
0.472 4 35.00 35.00 3.1 2.8 0.018 0.004 29.3972 30.0504 12.04 560 750 
0.473 4 35.00 35.00 3.1 2.4 0.009 0.004 29.3972 30.7334 12.04 560 760 
0.474 4 35.00 35.00 3.1 2.8 0.011 0.016 29.3972 30.0504 12.04 560 760 
0.475 4 35.00 35.00 3.1 3.5 0.013 0.007 29.3972 28.7717 12.04 570 770 
0.476 4 35.00 35.00 3.1 2.8 0.011 0.011 29.3972 30.0504 12.02 590 780 
0.477 4 35.00 35.00 3.1 3.8 0.007 0.007 29.3972 28.1723 12.02 560 760 
0.478 4 35.00 35.00 3.1 3.5 0.009 0.016 29.3972 28.7717 12.02 570 770 
0.479 4 35.00 35.00 3.1 3.1 0.016 0.040 29.3972 29.3972 12.02 560 760 
0.480 4 35.00 35.00 3.1 3.1 0.011 0.042 29.3972 29.3972 12.02 560 760 
0.481 4 35.00 35.00 2.8 2.8 0.007 0.016 30.0504 30.0504 12.04 590 780 
0.482 4 35.00 35.00 2.8 2.4 0.009 0.007 30.0504 30.7334 12.04 560 760 
0.483 4 35.00 35.00 2.8 3.1 0.007 0.009 30.0504 29.3972 12.04 570 760 
0.484 4 35.00 35.00 3.8 2.4 0.013 0.007 28.1723 30.7334 12.04 560 760 
0.485 4 35.00 35.00 3.5 2.8 0.018 0.013 28.7717 30.0504 12.04 560 760 
0.486 4 35.00 35.00 3.8 2.8 0.045 0.013 28.1723 30.0504 12.06 590 790 
0.487 4 35.00 35.00 3.5 3.1 0.074 0.007 28.7717 29.3972 12.06 580 770 
0.488 4 35.00 35.00 3.5 3.1 0.058 0.004 28.7717 29.3972 12.06 570 770 
0.489 4 35.00 35.00 3.1 3.1 0.058 0.002 29.3972 29.3972 12.06 560 750 
0.490 4 35.00 35.00 3.1 2.8 0.027 0.020 29.3972 30.0504 12.06 560 760 
0.491 4 35.00 35.00 3.1 3.5 0.016 0.004 29.3972 28.7717 12.09 590 780 
0.492 4 35.00 35.00 3.1 3.1 0.007 0.009 29.3972 29.3972 12.09 560 760 
0.493 4 35.00 35.00 3.1 3.1 0.009 0.011 29.3972 29.3972 12.09 560 760 
0.494 4 35.00 35.00 3.1 2.8 0.022 0.013 29.3972 30.0504 12.09 570 770 
0.495 4 35.00 35.00 3.1 2.8 0.011 0.004 29.3972 30.0504 12.09 560 760 
0.496 4 35.00 35.00 3.1 2.8 0.004 0.011 29.3972 30.0504 12.04 600 800 
0.497 4 35.00 35.00 3.1 2.8 0.009 0.009 29.3972 30.0504 12.04 570 760 
0.498 4 35.00 35.00 3.1 3.5 0.016 0.007 29.3972 28.7717 12.04 560 760 
0.499 4 35.00 35.00 3.1 2.8 0.004 0.007 29.3972 30.0504 12.04 560 760 
0.500 4 35.00 35.00 3.5 3.8 0.004 0.007 28.7717 28.1723 12.04 560 760 
0.501 4 35.00 35.00 3.1 3.1 0.029 0.025 29.3972 29.3972 12.04 590 780 
0.502 4 35.00 35.00 3.1 3.5 0.036 0.045 29.3972 28.7717 12.04 560 760 
0.503 4 35.00 35.00 3.1 3.1 0.013 0.038 29.3972 29.3972 12.04 560 760 
0.504 4 35.00 35.00 2.8 3.1 0.007 0.027 30.0504 29.3972 12.04 570 770 
0.505 4 35.00 35.00 2.8 3.8 0.009 0.025 30.0504 28.1723 12.04 560 760 
0.506 4 35.00 35.00 4.1 3.5 0.011 0.036 27.5973 28.7717 12.02 590 780 
0.507 4 35.00 35.00 3.5 3.1 0.029 0.047 28.7717 29.3972 12.02 570 770 
0.508 4 35.00 35.00 3.8 2.8 0.049 0.020 28.1723 30.0504 12.02 570 760 
0.509 4 35.00 35.00 3.1 2.8 0.071 0.004 29.3972 30.0504 12.02 560 760 
0.510 4 35.00 35.00 3.1 3.1 0.047 0.007 29.3972 29.3972 12.02 560 760 
0.511 4 35.00 35.00 3.1 2.8 0.020 0.007 29.3972 30.0504 12.06 590 790 
0.512 4 35.00 35.00 2.8 2.4 0.009 0.009 30.0504 30.7334 12.06 570 760 
0.513 4 35.00 35.00 2.8 2.8 0.009 0.011 30.0504 30.0504 12.06 560 760 
0.514 4 35.00 35.00 2.8 3.1 0.009 0.011 30.0504 29.3972 12.06 570 770 
0.515 4 35.00 35.00 2.8 3.1 0.013 0.004 30.0504 29.3972 12.06 570 760 
0.516 4 35.00 35.00 2.8 2.8 0.009 0.007 30.0504 30.0504 12.06 590 780 
0.517 4 35.00 35.00 3.1 2.8 0.007 0.007 29.3972 30.0504 12.06 560 760 
0.518 4 35.00 35.00 3.1 2.4 0.007 0.009 29.3972 30.7334 12.06 570 770 
0.519 4 35.00 35.00 3.1 2.4 0.004 0.013 29.3972 30.7334 12.06 560 770 
0.520 4 35.00 35.00 3.5 3.1 0.007 0.009 28.7717 29.3972 12.06 570 770 
0.521 4 35.00 35.00 3.1 2.4 0.029 0.007 29.3972 30.7334 12.06 590 790 
0.522 4 35.00 35.00 3.8 3.5 0.018 0.013 28.1723 28.7717 12.06 570 760 
0.523 4 35.00 35.00 3.1 3.1 0.047 0.011 29.3972 29.3972 12.06 560 750 
0.524 4 35.00 35.00 3.1 3.1 0.042 0.029 29.3972 29.3972 12.06 560 760 
0.525 4 35.00 35.00 3.1 2.8 0.025 0.020 29.3972 30.0504 12.06 560 760 
0.526 4 35.00 35.00 2.8 3.5 0.009 0.007 30.0504 28.7717 12.06 600 800 
0.527 4 35.00 35.00 2.8 3.8 0.007 0.013 30.0504 28.1723 12.06 560 760 
0.528 4 35.00 35.00 3.1 3.1 0.009 0.056 29.3972 29.3972 12.06 560 760 
0.529 4 35.00 35.00 4.1 3.1 0.007 0.038 27.5973 29.3972 12.06 560 760 
0.530 4 35.00 35.00 3.5 3.1 0.033 0.009 28.7717 29.3972 12.06 560 750 
0.531 4 35.00 35.00 3.8 3.1 0.047 0.011 28.1723 29.3972 12.04 580 780 
0.532 4 35.00 35.00 3.5 3.8 0.076 0.013 28.7717 28.1723 12.04 570 760 
0.533 4 35.00 35.00 3.5 3.1 0.065 0.036 28.7717 29.3972 12.04 570 770 
0.534 4 35.00 35.00 3.5 2.8 0.054 0.036 28.7717 30.0504 12.04 570 760 
0.535 4 35.00 35.00 3.1 2.8 0.036 0.009 29.3972 30.0504 12.04 560 760 
0.536 4 35.00 35.00 3.1 3.5 0.031 0.007 29.3972 28.7717 12.06 590 780 
0.537 4 35.00 35.00 3.1 2.8 0.011 0.007 29.3972 30.0504 12.06 560 770 
0.538 4 35.00 35.00 3.1 2.8 0.007 0.007 29.3972 30.0504 12.06 570 760 
0.539 4 35.00 35.00 3.1 2.8 0.016 0.004 29.3972 30.0504 12.06 560 760 
0.540 4 35.00 35.00 3.1 2.4 0.013 0.007 29.3972 30.7334 12.06 560 760 
0.541 4 35.00 35.00 3.1 2.4 0.007 0.009 29.3972 30.7334 12.09 590 780 
0.542 4 35.00 35.00 3.1 3.5 0.013 0.018 29.3972 28.7717 12.09 560 760 
0.543 4 35.00 35.00 3.1 2.8 0.011 0.007 29.3972 30.0504 12.09 570 760 
0.544 4 35.00 35.00 3.1 4.1 0.004 0.007 29.3972 27.5973 12.09 560 770 
0.545 4 35.00 35.00 3.1 3.8 0.007 0.036 29.3972 28.1723 12.09 560 760 
0.546 4 35.00 35.00 2.8 2.8 0.007 0.071 30.0504 30.0504 12.02 590 790 
0.547 4 35.00 35.00 2.8 2.8 0.004 0.042 30.0504 30.0504 12.02 570 760 
0.548 4 35.00 35.00 3.1 2.8 0.011 0.007 29.3972 30.0504 12.02 560 760 
0.549 4 35.00 35.00 2.8 2.4 0.009 0.007 30.0504 30.7334 12.02 560 760 
0.550 4 35.00 35.00 2.8 3.1 0.007 0.011 30.0504 29.3972 12.02 560 760 
0.551 4 35.00 35.00 4.5 2.8 0.009 0.007 27.0454 30.0504 12.06 590 780 
0.552 4 35.00 35.00 3.5 3.1 0.047 0.007 28.7717 29.3972 12.06 570 770 
0.553 4 35.00 35.00 3.8 4.1 0.062 0.004 28.1723 27.5973 12.06 570 770 
0.554 4 35.00 35.00 3.1 3.8 0.067 0.054 29.3972 28.1723 12.06 570 760 
0.555 4 35.00 35.00 3.1 3.1 0.049 0.080 29.3972 29.3972 12.06 570 760 
0.556 4 35.00 35.00 3.1 3.1 0.018 0.049 29.3972 29.3972 12.06 590 780 
0.557 4 35.00 35.00 3.1 2.8 0.011 0.025 29.3972 30.0504 12.06 570 770 
0.558 4 35.00 35.00 3.1 3.5 0.013 0.007 29.3972 28.7717 12.06 560 760 
0.559 4 35.00 35.00 3.1 2.8 0.007 0.007 29.3972 30.0504 12.06 570 760 
0.560 4 35.00 35.00 3.1 2.8 0.007 0.004 29.3972 30.0504 12.06 560 760 
0.561 4 35.00 35.00 3.1 2.8 0.009 0.002 29.3972 30.0504 12.02 590 780 
0.562 4 35.00 35.00 3.1 2.4 0.022 0.009 29.3972 30.7334 12.02 570 760 
0.563 4 35.00 35.00 3.1 2.4 0.009 0.013 29.3972 30.7334 12.02 570 770 
0.564 4 35.00 35.00 3.1 2.4 0.007 0.016 29.3972 30.7334 12.02 560 760 
0.565 4 35.00 35.00 3.1 2.8 0.007 0.020 29.3972 30.0504 12.02 560 760 
0.566 4 35.00 35.00 3.1 4.1 0.011 0.016 29.3972 27.5973 12.02 590 780 
0.567 4 35.00 35.00 3.5 3.8 0.007 0.022 28.7717 28.1723 12.02 570 770 
0.568 4 35.00 35.00 2.8 3.1 0.022 0.062 30.0504 29.3972 12.02 560 760 
0.569 4 35.00 35.00 3.1 3.1 0.011 0.060 29.3972 29.3972 12.02 570 760 
0.570 4 35.00 35.00 3.1 2.8 0.007 0.029 29.3972 30.0504 12.02 560 760 
0.571 4 35.00 35.00 2.8 2.8 0.007 0.007 30.0504 30.0504 12.06 590 780 
0.572 4 35.00 35.00 2.8 3.5 0.007 0.009 30.0504 28.7717 12.06 560 760 
0.573 4 35.00 35.00 2.8 2.4 0.009 0.013 30.0504 30.7334 12.06 560 760 
0.574 4 35.00 35.00 4.1 2.8 0.009 0.011 27.5973 30.0504 12.06 560 760 
0.575 4 35.00 35.00 3.5 2.4 0.025 0.009 28.7717 30.7334 12.06 570 770 
0.576 4 35.00 35.00 3.5 2.8 0.040 0.007 28.7717 30.0504 12.06 590 780 
0.577 4 35.00 35.00 3.1 3.1 0.056 0.009 29.3972 29.3972 12.06 560 760 
0.578 4 35.00 35.00 3.1 2.8 0.027 0.004 29.3972 30.0504 12.06 560 760 
0.579 4 35.00 35.00 3.1 2.8 0.013 0.004 29.3972 30.0504 12.06 570 760 
0.580 4 35.00 35.00 3.1 3.8 0.009 0.004 29.3972 28.1723 12.06 570 770 
0.581 4 35.00 35.00 3.1 3.1 0.009 0.022 29.3972 29.3972 12.01 590 780 
0.582 4 35.00 35.00 3.1 3.1 0.004 0.020 29.3972 29.3972 12.01 560 760 
0.583 4 35.00 35.00 3.1 2.8 0.004 0.013 29.3972 30.0504 12.01 560 770 
0.584 4 35.00 35.00 3.1 2.8 0.016 0.009 29.3972 30.0504 12.01 570 760 
0.585 4 35.00 35.00 3.1 2.8 0.020 0.007 29.3972 30.0504 12.01 560 760 
0.586 4 35.00 35.00 3.1 2.8 0.007 0.011 29.3972 30.0504 12.09 590 780 
0.587 4 35.00 35.00 3.1 3.5 0.009 0.007 29.3972 28.7717 12.09 560 760 
0.588 4 35.00 35.00 3.1 2.8 0.007 0.013 29.3972 30.0504 12.09 560 760 
0.589 4 35.00 35.00 3.1 3.8 0.009 0.009 29.3972 28.1723 12.09 560 760 
0.590 4 35.00 35.00 3.1 3.5 0.007 0.033 29.3972 28.7717 12.09 560 760 
0.591 4 35.00 35.00 3.1 3.1 0.007 0.062 29.3972 29.3972 11.99 600 790 
0.592 4 35.00 35.00 3.1 2.8 0.022 0.054 29.3972 30.0504 11.99 570 770 
0.593 4 35.00 35.00 3.1 2.8 0.016 0.009 29.3972 30.0504 11.99 560 760 
0.594 4 35.00 35.00 2.8 3.8 0.004 0.007 30.0504 28.1723 11.99 560 750 
0.595 4 35.00 35.00 2.8 3.1 0.007 0.040 30.0504 29.3972 11.99 560 760 
0.596 4 35.00 35.00 2.8 3.1 0.009 0.033 30.0504 29.3972 12.04 590 780 
0.597 4 35.00 35.00 3.8 3.1 0.009 0.009 28.1723 29.3972 12.04 570 760 
0.598 4 35.00 35.00 3.5 3.5 0.016 0.016 28.7717 28.7717 12.04 560 760 
0.599 4 35.00 35.00 3.8 3.8 0.042 0.038 28.1723 28.1723 12.04 560 760 
0.600 4 35.00 35.00 3.5 2.8 0.071 0.056 28.7717 30.0504 12.04 570 770 
0.601 4 35.00 35.00 3.5 2.4 0.065 0.020 28.7717 30.7334 11.98 600 790 
0.602 4 35.00 35.00 3.1 2.4 0.060 0.009 29.3972 30.7334 11.98 560 760 
0.603 4 35.00 35.00 3.1 3.1 0.027 0.018 29.3972 29.3972 11.98 560 760 
0.604 4 35.00 35.00 3.1 2.8 0.016 0.011 29.3972 30.0504 11.98 560 760 
0.605 4 35.00 35.00 3.1 2.8 0.007 0.007 29.3972 30.0504 11.98 560 760 
0.606 4 35.00 35.00 3.1 2.8 0.011 0.004 29.3972 30.0504 12.02 590 780 
0.607 4 35.00 35.00 3.1 2.8 0.022 0.004 29.3972 30.0504 12.02 560 760 
0.608 4 35.00 35.00 3.1 2.8 0.009 0.016 29.3972 30.0504 12.02 560 760 
0.609 4 35.00 35.00 3.1 3.5 0.004 0.009 29.3972 28.7717 12.02 570 770 
0.610 4 35.00 35.00 3.1 2.8 0.009 0.016 29.3972 30.0504 12.02 570 770 
0.611 4 35.00 35.00 3.1 3.5 0.004 0.011 29.3972 28.7717 12.06 590 790 
0.612 4 35.00 35.00 3.1 3.1 0.007 0.007 29.3972 29.3972 12.06 570 760 
0.613 4 35.00 35.00 3.1 2.8 0.007 0.025 29.3972 30.0504 12.06 560 760 
0.614 4 35.00 35.00 2.8 2.8 0.011 0.011 30.0504 30.0504 12.06 560 760 
0.615 4 35.00 35.00 2.8 2.8 0.007 0.004 30.0504 30.0504 12.06 560 760 
0.616 4 35.00 35.00 2.4 2.4 0.011 0.011 30.7334 30.7334 12.06 590 790 
0.617 4 35.00 35.00 2.4 3.5 0.018 0.009 30.7334 28.7717 12.06 560 760 
0.618 4 35.00 35.00 2.4 3.5 0.013 0.007 30.7334 28.7717 12.06 560 760 
0.619 4 35.00 35.00 3.8 3.1 0.016 0.016 28.1723 29.3972 12.06 570 760 
0.620 4 35.00 35.00 3.5 3.1 0.009 0.018 28.7717 29.3972 12.06 560 760 
0.621 4 35.00 35.00 4.1 3.8 0.031 0.018 27.5973 28.1723 12.02 590 780 
0.622 4 35.00 35.00 3.5 3.1 0.085 0.042 28.7717 29.3972 12.02 560 760 
0.623 4 35.00 35.00 3.5 3.1 0.083 0.029 28.7717 29.3972 12.02 570 770 
0.624 4 35.00 35.00 3.5 2.8 0.062 0.025 28.7717 30.0504 12.02 560 760 
0.625 4 35.00 35.00 3.1 3.1 0.047 0.009 29.3972 29.3972 12.02 560 750 
0.626 4 35.00 35.00 3.1 2.8 0.033 0.002 29.3972 30.0504 12.07 590 780 
0.627 4 35.00 35.00 3.1 2.8 0.013 0.007 29.3972 30.0504 12.07 570 760 
0.628 4 35.00 35.00 3.1 2.8 0.007 0.007 29.3972 30.0504 12.07 570 760 
0.629 4 35.00 35.00 3.1 2.8 0.011 0.007 29.3972 30.0504 12.07 560 760 
0.630 4 35.00 35.00 3.1 2.8 0.016 0.011 29.3972 30.0504 12.07 560 760 
0.631 4 35.00 35.00 3.1 3.8 0.007 0.009 29.3972 28.1723 12.06 580 790 
0.632 4 35.00 35.00 3.1 3.1 0.007 0.020 29.3972 29.3972 12.06 560 760 
0.633 4 35.00 35.00 3.1 4.1 0.009 0.029 29.3972 27.5973 12.06 560 760 
0.634 4 35.00 35.00 3.1 3.8 0.009 0.058 29.3972 28.1723 12.06 560 760 
0.635 4 35.00 35.00 3.1 3.1 0.004 0.078 29.3972 29.3972 12.06 560 760 
0.636 4 35.00 35.00 3.1 3.1 0.007 0.065 29.3972 29.3972 12.04 590 780 
0.637 4 35.00 35.00 3.1 2.8 0.020 0.020 29.3972 30.0504 12.04 560 760 
0.638 4 35.00 35.00 3.1 2.4 0.016 0.004 29.3972 30.7334 12.04 560 750 
0.639 4 35.00 35.00 2.8 3.1 0.009 0.009 30.0504 29.3972 12.04 570 770 
0.640 4 35.00 35.00 2.8 2.8 0.004 0.007 30.0504 30.0504 12.04 560 760 
0.641 4 35.00 35.00 2.8 2.8 0.009 0.007 30.0504 30.0504 12.07 600 800 
0.642 4 35.00 35.00 3.8 2.8 0.009 0.016 28.1723 30.0504 12.07 570 770 
0.643 4 35.00 35.00 3.5 3.1 0.007 0.009 28.7717 29.3972 12.07 560 760 
0.644 4 35.00 35.00 3.8 3.1 0.031 0.002 28.1723 29.3972 12.07 570 760 
0.645 4 35.00 35.00 3.5 3.1 0.071 0.007 28.7717 29.3972 12.07 560 760 
0.646 4 35.00 35.00 3.5 2.8 0.060 0.016 28.7717 30.0504 12.02 590 780 
0.647 4 35.00 35.00 3.1 3.8 0.051 0.004 29.3972 28.1723 12.02 560 760 
0.648 4 35.00 35.00 3.1 3.1 0.020 0.029 29.3972 29.3972 12.02 560 760 
0.649 4 35.00 35.00 3.1 3.1 0.018 0.018 29.3972 29.3972 12.02 570 770 
0.650 4 35.00 35.00 3.1 2.8 0.004 0.013 29.3972 30.0504 12.02 570 760 
0.651 4 35.00 35.00 3.1 2.4 0.004 0.009 29.3972 30.7334 12.10 590 780 
0.652 4 35.00 35.00 3.1 2.4 0.016 0.013 29.3972 30.7334 12.10 560 760 
0.653 4 35.00 35.00 3.1 2.4 0.011 0.018 29.3972 30.7334 12.10 560 760 
0.654 4 35.00 35.00 3.1 3.1 0.004 0.011 29.3972 29.3972 12.10 560 760 
0.655 4 35.00 35.00 3.1 2.8 0.011 0.011 29.3972 30.0504 12.10 560 760 
0.656 4 35.00 35.00 3.1 3.8 0.013 0.009 29.3972 28.1723 12.09 590 790 
0.657 4 35.00 35.00 3.1 3.1 0.004 0.027 29.3972 29.3972 12.09 570 760 
0.658 4 35.00 35.00 3.1 3.1 0.007 0.049 29.3972 29.3972 12.09 560 750 
0.659 4 35.00 35.00 3.1 2.8 0.009 0.029 29.3972 30.0504 12.09 560 760 
0.660 4 35.00 35.00 3.1 2.8 0.020 0.004 29.3972 30.0504 12.09 570 760 
0.661 4 35.00 35.00 3.1 3.5 0.011 0.004 29.3972 28.7717 12.02 590 780 
0.662 4 35.00 35.00 2.8 3.1 0.007 0.018 30.0504 29.3972 12.02 560 760 
0.663 4 35.00 35.00 2.8 3.5 0.007 0.013 30.0504 28.7717 12.02 560 760 
0.664 4 35.00 35.00 2.8 2.8 0.011 0.022 30.0504 30.0504 12.02 570 770 
0.665 4 35.00 35.00 3.8 3.1 0.013 0.004 28.1723 29.3972 12.02 570 770 
0.666 4 35.00 35.00 3.8 2.8 0.020 0.007 28.1723 30.0504 12.04 590 780 
0.667 4 35.00 35.00 3.1 2.4 0.062 0.009 29.3972 30.7334 12.04 560 750 
0.668 4 35.00 35.00 3.1 2.4 0.051 0.011 29.3972 30.7334 12.04 560 760 
0.669 4 35.00 35.00 3.1 2.4 0.020 0.011 29.3972 30.7334 12.04 560 760 
0.670 4 35.00 35.00 3.1 3.1 0.020 0.018 29.3972 29.3972 12.04 570 760 
0.671 4 35.00 35.00 3.1 3.1 0.013 0.011 29.3972 29.3972 12.09 590 780 
0.672 4 35.00 35.00 3.1 2.8 0.009 0.007 29.3972 30.0504 12.09 560 760 
0.673 4 35.00 35.00 3.1 2.8 0.007 0.009 29.3972 30.0504 12.09 560 760 
0.674 4 35.00 35.00 3.1 2.8 0.007 0.007 29.3972 30.0504 12.09 560 770 
0.675 4 35.00 35.00 3.1 2.8 0.018 0.007 29.3972 30.0504 12.09 570 760 
0.676 4 35.00 35.00 3.1 3.8 0.009 0.016 29.3972 28.1723 12.06 590 790 
0.677 4 35.00 35.00 3.1 2.8 0.007 0.025 29.3972 30.0504 12.06 570 760 
0.678 4 35.00 35.00 3.1 3.8 0.007 0.013 29.3972 28.1723 12.06 570 760 
0.679 4 35.00 35.00 3.1 3.5 0.013 0.031 29.3972 28.7717 12.06 560 760 
0.680 4 35.00 35.00 3.1 3.1 0.007 0.060 29.3972 29.3972 12.06 560 760 
0.681 4 35.00 35.00 3.1 2.8 0.007 0.054 29.3972 30.0504 12.07 590 780 
0.682 4 35.00 35.00 3.5 2.8 0.016 0.011 28.7717 30.0504 12.07 570 770 
0.683 4 35.00 35.00 3.1 2.8 0.033 0.004 29.3972 30.0504 12.07 570 760 
0.684 4 35.00 35.00 2.8 3.5 0.022 0.009 30.0504 28.7717 12.07 560 760 
0.685 4 35.00 35.00 2.8 3.5 0.007 0.009 30.0504 28.7717 12.07 570 760 
0.686 4 35.00 35.00 2.8 3.8 0.004 0.022 30.0504 28.1723 12.04 590 780 
0.687 4 35.00 35.00 4.1 3.8 0.011 0.058 27.5973 28.1723 12.04 560 760 
0.688 4 35.00 35.00 3.5 3.8 0.022 0.074 28.7717 28.1723 12.04 560 760 
0.689 4 35.00 35.00 3.8 3.1 0.042 0.080 28.1723 29.3972 12.04 560 760 
0.690 4 35.00 35.00 3.1 3.1 0.065 0.049 29.3972 29.3972 12.04 560 770 
0.691 4 35.00 35.00 3.1 2.8 0.045 0.029 29.3972 30.0504 12.07 590 790 
0.692 4 35.00 35.00 3.1 2.8 0.018 0.009 29.3972 30.0504 12.07 560 760 
0.693 4 35.00 35.00 2.8 2.8 0.009 0.009 30.0504 30.0504 12.07 560 750 
0.694 4 35.00 35.00 2.8 2.4 0.007 0.009 30.0504 30.7334 12.07 560 760 
0.695 4 35.00 35.00 2.8 2.4 0.009 0.007 30.0504 30.7334 12.07 560 760 
0.696 4 35.00 35.00 2.8 2.4 0.013 0.009 30.0504 30.7334 12.06 590 790 
0.697 4 35.00 35.00 2.8 2.4 0.009 0.018 30.0504 30.7334 12.06 560 760 
0.698 4 35.00 35.00 2.8 3.5 0.007 0.018 30.0504 28.7717 12.06 560 760 
0.699 4 35.00 35.00 2.8 2.8 0.011 0.009 30.0504 30.0504 12.06 570 760 
0.700 4 35.00 35.00 2.8 4.1 0.011 0.002 30.0504 27.5973 12.06 570 760 
0.701 4 35.00 35.00 2.8 3.8 0.009 0.038 30.0504 28.1723 12.06 590 780 
0.702 4 35.00 35.00 2.8 3.1 0.009 0.074 30.0504 29.3972 12.06 560 760 
0.703 4 35.00 35.00 3.5 3.5 0.013 0.062 28.7717 28.7717 12.06 560 760 
0.704 4 35.00 35.00 3.5 2.8 0.011 0.036 28.7717 30.0504 12.06 570 760 
0.705 4 35.00 35.00 3.5 2.4 0.047 0.013 28.7717 30.7334 12.06 560 750 
0.706 4 35.00 35.00 3.8 3.1 0.056 0.009 28.1723 29.3972 12.01 590 780 
0.707 4 35.00 35.00 3.1 2.8 0.067 0.004 29.3972 30.0504 12.01 560 760 
0.708 4 35.00 35.00 3.1 2.8 0.054 0.009 29.3972 30.0504 12.01 560 760 
0.709 4 35.00 35.00 3.1 2.8 0.020 0.009 29.3972 30.0504 12.01 560 770 
0.710 4 35.00 35.00 3.8 3.8 0.013 0.004 28.1723 28.1723 12.01 560 760 
0.711 4 35.00 35.00 3.5 2.4 0.031 0.025 28.7717 30.7334 12.02 590 780 
0.712 4 35.00 35.00 3.5 2.8 0.040 0.007 28.7717 30.0504 12.02 560 750 
0.713 4 35.00 35.00 3.1 2.4 0.058 0.007 29.3972 30.7334 12.02 560 760 
0.714 4 35.00 35.00 3.1 3.5 0.033 0.009 29.3972 28.7717 12.02 560 760 
0.715 4 35.00 35.00 3.1 3.1 0.016 0.004 29.3972 29.3972 12.02 560 760 
0.716 4 35.00 35.00 3.1 2.8 0.009 0.004 29.3972 30.0504 12.04 590 790 
0.717 4 35.00 35.00 3.1 2.8 0.009 0.007 29.3972 30.0504 12.04 560 760 
0.718 4 35.00 35.00 3.5 2.4 0.007 0.002 28.7717 30.7334 12.04 560 760 
0.719 4 35.00 35.00 3.1 2.8 0.018 0.011 29.3972 30.0504 12.04 570 760 
0.720 4 35.00 35.00 3.1 2.4 0.031 0.016 29.3972 30.7334 12.04 560 750 
0.721 4 35.00 35.00 3.1 3.5 0.020 0.011 29.3972 28.7717 12.07 590 780 
0.722 4 35.00 35.00 3.1 3.1 0.004 0.004 29.3972 29.3972 12.07 560 760 
0.723 4 35.00 35.00 3.1 3.8 0.016 0.007 29.3972 28.1723 12.07 560 760 
0.724 4 35.00 35.00 3.1 3.1 0.011 0.045 29.3972 29.3972 12.07 560 760 
0.725 4 35.00 35.00 3.1 3.8 0.007 0.056 29.3972 28.1723 12.07 560 760 
0.726 4 35.00 35.00 3.8 3.5 0.007 0.060 28.1723 28.7717 12.02 590 790 
0.727 4 35.00 35.00 3.1 3.1 0.040 0.054 29.3972 29.3972 12.02 570 760 
0.728 4 35.00 35.00 3.1 3.8 0.049 0.042 29.3972 28.1723 12.02 560 760 
0.729 4 35.00 35.00 3.1 3.1 0.022 0.047 29.3972 29.3972 12.02 570 760 
0.730 4 35.00 35.00 2.8 2.8 0.009 0.036 30.0504 30.0504 12.02 570 760 
0.731 4 35.00 35.00 2.8 2.4 0.009 0.007 30.0504 30.7334 12.06 590 780 
0.732 4 35.00 35.00 2.8 2.8 0.009 0.013 30.0504 30.0504 12.06 560 760 
0.733 4 35.00 35.00 3.5 2.8 0.013 0.007 28.7717 30.0504 12.06 560 760 
0.734 4 35.00 35.00 3.5 2.4 0.007 0.007 28.7717 30.7334 12.06 560 770 
0.735 4 35.00 35.00 3.1 2.4 0.033 0.013 29.3972 30.7334 12.06 560 760 
0.736 4 35.00 35.00 3.1 3.5 0.031 0.018 29.3972 28.7717 12.06 580 790 
0.737 4 35.00 35.00 3.1 3.1 0.011 0.004 29.3972 29.3972 12.06 560 750 
0.738 4 35.00 35.00 2.8 3.1 0.011 0.004 30.0504 29.3972 12.06 560 760 
0.739 4 35.00 35.00 2.8 2.8 0.007 0.004 30.0504 30.0504 12.06 560 760 
0.740 4 35.00 35.00 3.1 2.8 0.009 0.009 29.3972 30.0504 12.06 560 760 
0.741 4 35.00 35.00 3.1 2.8 0.011 0.007 29.3972 30.0504 12.10 590 780 
0.742 4 35.00 35.00 3.1 2.8 0.007 0.011 29.3972 30.0504 12.10 560 760 
0.743 4 35.00 35.00 3.1 3.5 0.020 0.007 29.3972 28.7717 12.10 570 760 
0.744 4 35.00 35.00 3.1 2.8 0.011 0.013 29.3972 30.0504 12.10 570 760 
0.745 4 35.00 35.00 3.1 3.8 0.007 0.004 29.3972 28.1723 12.10 570 760 
0.746 4 35.00 35.00 3.1 3.5 0.007 0.027 29.3972 28.7717 12.07 590 780 
0.747 4 35.00 35.00 3.1 3.1 0.013 0.060 29.3972 29.3972 12.07 560 750 
0.748 4 35.00 35.00 3.1 2.8 0.004 0.049 29.3972 30.0504 12.07 560 760 
0.749 4 35.00 35.00 3.5 2.8 0.007 0.009 28.7717 30.0504 12.07 560 760 
0.750 4 35.00 35.00 3.1 3.5 0.033 0.007 29.3972 28.7717 12.07 560 770 
0.751 4 35.00 35.00 3.1 3.1 0.036 0.020 29.3972 29.3972 12.01 580 780 
0.752 4 35.00 35.00 2.8 3.1 0.016 0.013 30.0504 29.3972 12.01 570 760 
0.753 4 35.00 35.00 2.8 3.1 0.007 0.004 30.0504 29.3972 12.01 560 760 
0.754 4 35.00 35.00 2.8 3.1 0.007 0.016 30.0504 29.3972 12.01 560 760 
0.755 4 35.00 35.00 4.1 3.5 0.011 0.013 27.5973 28.7717 12.01 560 760 
0.756 4 35.00 35.00 3.5 2.8 0.029 0.027 28.7717 30.0504 12.01 590 790 
0.757 4 35.00 35.00 4.1 2.8 0.051 0.007 27.5973 30.0504 12.01 560 760 
0.758 4 35.00 35.00 3.5 2.4 0.089 0.004 28.7717 30.7334 12.01 560 760 
0.759 4 35.00 35.00 3.5 3.1 0.083 0.011 28.7717 29.3972 12.01 560 760 
0.760 4 35.00 35.00 3.5 2.8 0.054 0.011 28.7717 30.0504 12.01 560 760 
0.761 4 35.00 35.00 2.8 3.1 0.042 0.007 30.0504 29.3972 12.07 590 780 
0.762 4 35.00 35.00 2.8 2.4 0.013 0.009 30.0504 30.7334 12.07 570 760 
0.763 4 35.00 35.00 2.8 2.8 0.011 0.009 30.0504 30.0504 12.07 560 750 
0.764 4 35.00 35.00 2.8 2.8 0.016 0.016 30.0504 30.0504 12.07 560 750 
0.765 4 35.00 35.00 3.1 3.5 0.007 0.009 29.3972 28.7717 12.07 560 760 
0.766 4 35.00 35.00 3.1 2.8 0.007 0.011 29.3972 30.0504 12.02 590 780 
0.767 4 35.00 35.00 3.1 4.1 0.009 0.007 29.3972 27.5973 12.02 560 760 
0.768 4 35.00 35.00 3.1 3.5 0.007 0.042 29.3972 28.7717 12.02 570 770 
0.769 4 35.00 35.00 3.1 2.8 0.009 0.062 29.3972 30.0504 12.02 560 760 
0.770 4 35.00 35.00 3.1 2.8 0.011 0.031 29.3972 30.0504 12.02 560 760 
0.771 4 35.00 35.00 3.1 2.8 0.004 0.007 29.3972 30.0504 12.01 590 780 
0.772 4 35.00 35.00 2.8 2.4 0.009 0.007 30.0504 30.7334 12.01 560 760 
0.773 4 35.00 35.00 3.1 3.1 0.009 0.007 29.3972 29.3972 12.01 560 760 
0.774 4 35.00 35.00 3.1 3.5 0.004 0.007 29.3972 28.7717 12.01 570 770 
0.775 4 35.00 35.00 2.8 3.1 0.007 0.009 30.0504 29.3972 12.01 560 770 
0.776 4 35.00 35.00 2.8 3.5 0.007 0.020 30.0504 28.7717 12.07 590 790 
0.777 4 35.00 35.00 2.8 3.8 0.009 0.033 30.0504 28.1723 12.07 560 760 
0.778 4 35.00 35.00 3.8 3.1 0.009 0.065 28.1723 29.3972 12.07 570 760 
0.779 4 35.00 35.00 3.5 3.1 0.011 0.038 28.7717 29.3972 12.07 560 760 
0.780 4 35.00 35.00 3.8 2.8 0.033 0.025 28.1723 30.0504 12.07 560 760 
0.781 4 35.00 35.00 3.5 3.8 0.071 0.007 28.7717 28.1723 12.02 590 790 
0.782 4 35.00 35.00 3.5 2.8 0.062 0.013 28.7717 30.0504 12.02 570 760 
0.783 4 35.00 35.00 3.5 2.8 0.056 0.009 28.7717 30.0504 12.02 570 770 
0.784 4 35.00 35.00 3.1 2.4 0.036 0.007 29.3972 30.7334 12.02 560 760 
0.785 4 35.00 35.00 3.1 2.4 0.031 0.009 29.3972 30.7334 12.02 560 770 
0.786 4 35.00 35.00 3.1 2.4 0.007 0.013 29.3972 30.7334 12.06 590 790 
0.787 4 35.00 35.00 3.1 4.5 0.009 0.016 29.3972 27.0454 12.06 560 760 
0.788 4 35.00 35.00 3.1 2.8 0.020 0.045 29.3972 30.0504 12.06 560 760 
0.789 4 35.00 35.00 3.1 3.8 0.013 0.031 29.3972 28.1723 12.06 560 760 
0.790 4 35.00 35.00 3.1 3.5 0.004 0.020 29.3972 28.7717 12.06 560 760 
0.791 4 35.00 35.00 3.1 2.8 0.013 0.045 29.3972 30.0504 12.01 590 780 
0.792 4 35.00 35.00 3.1 2.8 0.013 0.027 29.3972 30.0504 12.01 560 760 
0.793 4 35.00 35.00 3.1 2.4 0.004 0.004 29.3972 30.7334 12.01 580 770 
0.794 4 35.00 35.00 3.1 2.4 0.007 0.009 29.3972 30.7334 12.01 570 760 
0.795 4 35.00 35.00 3.1 3.1 0.011 0.011 29.3972 29.3972 12.01 560 750 
0.796 4 35.00 35.00 3.1 2.4 0.020 0.009 29.3972 30.7334 12.06 590 780 
0.797 4 35.00 35.00 3.1 2.8 0.009 0.013 29.3972 30.0504 12.06 560 760 
0.798 4 35.00 35.00 2.8 2.8 0.007 0.011 30.0504 30.0504 12.06 560 760 
0.799 4 35.00 35.00 2.8 3.8 0.007 0.007 30.0504 28.1723 12.06 580 780 
0.800 4 35.00 35.00 3.8 3.1 0.009 0.027 28.1723 29.3972 12.06 560 760 
0.801 4 35.00 35.00 3.1 3.1 0.016 0.022 29.3972 29.3972 12.09 590 780 
0.802 4 35.00 35.00 3.8 2.8 0.025 0.033 28.1723 30.0504 12.09 560 750 
0.803 4 35.00 35.00 3.1 3.8 0.054 0.007 29.3972 28.1723 12.09 560 760 
0.804 4 35.00 35.00 3.1 3.1 0.045 0.025 29.3972 29.3972 12.09 560 760 
0.805 4 35.00 35.00 3.1 3.1 0.016 0.025 29.3972 29.3972 12.09 560 760 
0.806 4 35.00 35.00 3.1 2.8 0.020 0.022 29.3972 30.0504 12.10 590 790 
0.809 4 35.00 35.00 3.1 2.8 0.013 0.011 29.3972 30.0504 12.10 560 760 
0.810 4 35.00 35.00 3.1 3.5 0.004 0.007 29.3972 28.7717 12.10 580 770 
0.811 4 35.00 35.00 3.1 2.8 0.013 0.009 29.3972 30.0504 12.10 560 770 
0.811 4 35.00 35.00 3.1 4.5 0.018 0.002 29.3972 27.0454 12.10 570 770 
0.812 4 35.00 35.00 3.1 3.8 0.009 0.042 29.3972 28.1723 12.01 590 800 
0.813 4 35.00 35.00 3.1 2.8 0.004 0.089 29.3972 30.0504 12.01 560 750 
0.814 4 35.00 35.00 3.1 3.1 0.007 0.040 29.3972 29.3972 12.01 570 770 
0.815 4 35.00 35.00 3.1 2.8 0.013 0.009 29.3972 30.0504 12.01 560 760 
0.816 4 35.00 35.00 3.1 2.8 0.007 0.007 29.3972 30.0504 12.01 560 770 
0.817 4 35.00 35.00 3.1 3.5 0.009 0.004 29.3972 28.7717 12.06 590 780 
0.818 4 35.00 35.00 3.1 2.4 0.020 0.011 29.3972 30.7334 12.06 570 760 
0.819 4 35.00 35.00 3.1 2.8 0.016 0.011 29.3972 30.0504 12.06 560 760 
0.820 4 35.00 35.00 2.8 2.4 0.009 0.007 30.0504 30.7334 12.06 560 750 
0.821 4 35.00 35.00 2.8 2.8 0.007 0.011 30.0504 30.0504 12.06 560 760 
0.822 4 35.00 35.00 2.8 3.1 0.009 0.011 30.0504 29.3972 12.06 590 790 
0.823 4 35.00 35.00 3.8 2.8 0.013 0.007 28.1723 30.0504 12.06 560 760 
0.824 4 35.00 35.00 3.1 2.8 0.011 0.004 29.3972 30.0504 12.06 570 760 
0.825 4 35.00 35.00 3.5 3.8 0.018 0.009 28.7717 28.1723 12.06 570 760 
0.826 4 35.00 35.00 3.1 3.1 0.040 0.020 29.3972 29.3972 12.06 570 760 
0.827 4 35.00 35.00 3.1 3.1 0.025 0.018 29.3972 29.3972 12.04 590 780 
0.828 4 35.00 35.00 3.1 2.8 0.011 0.018 29.3972 30.0504 12.04 560 760 
0.829 4 35.00 35.00 2.8 2.8 0.007 0.011 30.0504 30.0504 12.04 570 760 
0.830 4 35.00 35.00 2.8 2.4 0.009 0.009 30.0504 30.7334 12.04 570 770 
0.831 4 35.00 35.00 2.8 2.4 0.016 0.016 30.0504 30.7334 12.04 560 760 
0.832 4 35.00 35.00 3.5 3.1 0.009 0.013 28.7717 29.3972 12.04 590 790 
0.833 4 35.00 35.00 3.8 2.8 0.022 0.004 28.1723 30.0504 12.04 560 760 
0.834 4 35.00 35.00 3.1 3.8 0.065 0.007 29.3972 28.1723 12.04 560 760 
0.835 4 35.00 35.00 3.1 3.5 0.040 0.027 29.3972 28.7717 12.04 560 760 
0.836 4 35.00 35.00 3.1 2.8 0.018 0.069 29.3972 30.0504 12.04 560 760 
0.837 4 35.00 35.00 3.1 3.1 0.016 0.031 29.3972 29.3972 12.02 590 790 
0.838 4 35.00 35.00 3.1 3.1 0.007 0.002 29.3972 29.3972 12.02 560 760 
0.839 4 35.00 35.00 3.1 3.8 0.007 0.013 29.3972 28.1723 12.02 560 760 
0.840 4 35.00 35.00 2.8 3.1 0.009 0.051 30.0504 29.3972 12.02 560 760 
0.841 4 35.00 35.00 2.8 3.1 0.007 0.033 30.0504 29.3972 12.02 570 770 
0.842 4 35.00 35.00 3.1 3.1 0.013 0.009 29.3972 29.3972 12.02 590 780 
0.843 4 35.00 35.00 2.8 3.1 0.009 0.020 30.0504 29.3972 12.02 560 760 
0.844 4 35.00 35.00 2.8 3.1 0.009 0.011 30.0504 29.3972 12.02 560 760 
0.845 4 35.00 35.00 2.8 2.8 0.009 0.007 30.0504 30.0504 12.02 570 760 
0.846 4 35.00 35.00 3.8 2.4 0.011 0.009 28.1723 30.7334 12.02 560 760 
0.847 4 35.00 35.00 3.5 2.4 0.011 0.007 28.7717 30.7334 12.06 590 790 
0.848 4 35.00 35.00 3.8 3.1 0.042 0.013 28.1723 29.3972 12.06 560 760 
0.849 4 35.00 35.00 3.5 4.1 0.071 0.013 28.7717 27.5973 12.06 570 770 
0.850 4 35.00 35.00 3.5 2.8 0.062 0.040 28.7717 30.0504 12.06 580 770 
0.851 4 35.00 35.00 3.1 2.8 0.058 0.040 29.3972 30.0504 12.06 570 760 
0.852 4 35.00 35.00 3.1 2.8 0.025 0.007 29.3972 30.0504 12.02 590 780 
0.853 4 35.00 35.00 3.1 2.8 0.018 0.007 29.3972 30.0504 12.02 560 760 
0.854 4 35.00 35.00 3.1 3.5 0.007 0.007 29.3972 28.7717 12.02 560 760 
0.855 4 35.00 35.00 3.1 2.8 0.007 0.013 29.3972 30.0504 12.02 570 770 
0.856 4 35.00 35.00 3.1 3.8 0.022 0.011 29.3972 28.1723 12.02 570 770 
0.857 4 35.00 35.00 3.1 3.5 0.009 0.025 29.3972 28.7717 12.01 590 780 
0.858 4 35.00 35.00 3.1 2.8 0.007 0.051 29.3972 30.0504 12.01 560 760 
0.859 4 35.00 35.00 3.1 2.8 0.009 0.027 29.3972 30.0504 12.01 560 760 
0.860 4 35.00 35.00 3.1 2.8 0.013 0.007 29.3972 30.0504 12.01 570 760 
0.861 4 35.00 35.00 3.1 2.8 0.011 0.009 29.3972 30.0504 12.01 560 760 
0.862 4 35.00 35.00 3.1 2.8 0.007 0.009 29.3972 30.0504 12.09 590 790 
0.863 4 35.00 35.00 3.1 3.5 0.011 0.009 29.3972 28.7717 12.09 570 760 
0.864 4 35.00 35.00 3.1 3.1 0.020 0.002 29.3972 29.3972 12.09 570 760 
0.865 4 35.00 35.00 3.1 3.5 0.007 0.011 29.3972 28.7717 12.09 560 760 
0.866 4 35.00 35.00 2.8 3.8 0.007 0.022 30.0504 28.1723 12.09 570 760 
0.867 4 35.00 35.00 2.8 3.1 0.007 0.051 30.0504 29.3972 12.04 590 780 
0.868 4 35.00 35.00 3.8 3.1 0.011 0.033 28.1723 29.3972 12.04 560 760 
0.869 4 35.00 35.00 3.1 2.4 0.013 0.025 29.3972 30.7334 12.04 570 760 
0.870 4 35.00 35.00 3.8 3.1 0.025 0.007 28.1723 29.3972 12.04 560 760 
0.871 4 35.00 35.00 3.1 2.8 0.056 0.009 29.3972 30.0504 12.04 560 760 
0.872 4 35.00 35.00 3.1 2.8 0.045 0.009 29.3972 30.0504 12.02 590 790 
0.873 4 35.00 35.00 3.1 2.8 0.016 0.009 29.3972 30.0504 12.02 560 760 
0.874 4 35.00 35.00 3.1 2.8 0.011 0.007 29.3972 30.0504 12.02 570 760 
0.875 4 35.00 35.00 3.1 2.8 0.013 0.009 29.3972 30.0504 12.02 560 760 
0.876 4 35.00 35.00 3.1 3.8 0.009 0.007 29.3972 28.1723 12.02 560 760 
0.877 4 35.00 35.00 3.1 3.1 0.007 0.027 29.3972 29.3972 12.02 590 780 
0.878 4 35.00 35.00 3.1 4.1 0.011 0.027 29.3972 27.5973 12.02 560 750 
0.879 4 35.00 35.00 3.1 3.8 0.020 0.058 29.3972 28.1723 12.02 560 760 
0.880 4 35.00 35.00 3.1 3.1 0.007 0.080 29.3972 29.3972 12.02 560 770 
0.881 4 35.00 35.00 3.1 2.8 0.004 0.065 29.3972 30.0504 12.02 570 770 
0.882 4 35.00 35.00 3.1 2.8 0.009 0.011 29.3972 30.0504 12.04 590 780 
0.883 4 35.00 35.00 3.1 2.4 0.009 0.007 29.3972 30.7334 12.04 570 760 
0.884 4 35.00 35.00 3.1 3.1 0.007 0.011 29.3972 29.3972 12.04 560 760 
0.885 4 35.00 35.00 2.8 2.8 0.004 0.009 30.0504 30.0504 12.04 570 760 
0.886 4 35.00 35.00 2.8 3.5 0.007 0.011 30.0504 28.7717 12.04 560 770 
0.887 4 35.00 35.00 2.8 2.8 0.009 0.007 30.0504 30.0504 12.09 590 780 
0.888 4 35.00 35.00 2.8 3.5 0.013 0.004 30.0504 28.7717 12.09 560 760 
0.889 4 35.00 35.00 2.8 2.8 0.011 0.007 30.0504 30.0504 12.09 560 760 
0.890 4 35.00 35.00 2.8 2.8 0.009 0.004 30.0504 30.0504 12.09 560 760 
0.891 4 35.00 35.00 3.8 2.4 0.011 0.007 28.1723 30.7334 12.09 560 760 
0.892 4 35.00 35.00 3.5 3.1 0.011 0.009 28.7717 29.3972 12.06 590 790 
0.893 4 35.00 35.00 3.8 2.8 0.036 0.009 28.1723 30.0504 12.06 560 760 
0.894 4 35.00 35.00 3.5 2.4 0.074 0.007 28.7717 30.7334 12.06 560 760 
0.895 4 35.00 35.00 3.5 2.4 0.065 0.007 28.7717 30.7334 12.06 560 760 
0.896 4 35.00 35.00 3.1 2.4 0.056 0.011 29.3972 30.7334 12.06 560 760 
0.897 4 35.00 35.00 3.1 2.8 0.025 0.018 29.3972 30.0504 12.04 580 780 
0.898 4 35.00 35.00 3.1 4.1 0.016 0.018 29.3972 27.5973 12.04 560 760 
0.899 4 35.00 35.00 3.1 3.1 0.009 0.038 29.3972 29.3972 12.04 570 760 
0.900 4 35.00 35.00 3.1 4.1 0.009 0.047 29.3972 27.5973 12.04 560 760 
0.901 4 35.00 35.00 3.1 3.8 0.020 0.062 29.3972 28.1723 12.04 560 760 
0.902 4 35.00 35.00 3.1 3.1 0.013 0.074 29.3972 29.3972 12.06 590 780 
0.903 4 35.00 35.00 3.1 3.1 0.007 0.071 29.3972 29.3972 12.06 570 760 
0.904 4 35.00 35.00 3.1 2.8 0.013 0.029 29.3972 30.0504 12.06 560 760 
0.905 4 35.00 35.00 3.1 2.4 0.007 0.009 29.3972 30.7334 12.06 560 760 
0.906 4 35.00 35.00 3.1 3.1 0.007 0.011 29.3972 29.3972 12.06 560 760 
0.907 4 35.00 35.00 3.1 2.4 0.004 0.009 29.3972 30.7334 12.09 590 780 
0.908 4 35.00 35.00 2.8 2.8 0.009 0.004 30.0504 30.0504 12.09 570 760 
0.909 4 35.00 35.00 3.1 2.8 0.009 0.013 29.3972 30.0504 12.09 560 760 
0.910 4 35.00 35.00 3.1 2.8 0.007 0.004 29.3972 30.0504 12.09 570 760 
0.911 4 35.00 35.00 2.8 2.8 0.007 0.009 30.0504 30.0504 12.09 570 770 
0.912 4 35.00 35.00 2.8 3.1 0.009 0.009 30.0504 29.3972 12.07 590 780 
0.913 4 35.00 35.00 2.8 2.8 0.011 0.007 30.0504 30.0504 12.07 560 760 
0.914 4 35.00 35.00 3.8 3.8 0.013 0.004 28.1723 28.1723 12.07 560 760 
0.915 4 35.00 35.00 4.5 3.1 0.020 0.025 27.0454 29.3972 12.07 570 760 
0.916 4 35.00 35.00 3.5 3.1 0.098 0.016 28.7717 29.3972 12.07 570 760 
0.917 4 35.00 35.00 3.1 2.8 0.100 0.013 29.3972 30.0504 12.02 590 790 
0.918 4 35.00 35.00 3.1 2.4 0.047 0.009 29.3972 30.7334 12.02 560 760 
0.919 4 35.00 35.00 2.8 2.4 0.029 0.016 30.0504 30.7334 12.02 570 760 
0.920 4 35.00 35.00 2.8 2.4 0.007 0.018 30.0504 30.7334 12.02 560 760 
0.921 4 35.00 35.00 2.8 3.1 0.007 0.018 30.0504 29.3972 12.02 560 760 
0.922 4 35.00 35.00 2.8 2.4 0.016 0.009 30.0504 30.7334 12.07 580 790 
0.923 4 35.00 35.00 3.1 3.8 0.009 0.013 29.3972 28.1723 12.07 560 760 
0.924 4 35.00 35.00 3.1 3.1 0.009 0.022 29.3972 29.3972 12.07 560 760 
0.925 4 35.00 35.00 3.1 3.8 0.002 0.045 29.3972 28.1723 12.07 570 760 
0.926 4 35.00 35.00 3.1 3.5 0.004 0.062 29.3972 28.7717 12.07 560 760 
0.927 4 35.00 35.00 3.1 3.1 0.009 0.058 29.3972 29.3972 12.10 590 780 
0.928 4 35.00 35.00 3.1 3.8 0.013 0.049 29.3972 28.1723 12.10 560 760 
0.929 4 35.00 35.00 3.1 3.1 0.004 0.056 29.3972 29.3972 12.10 560 760 
0.930 4 35.00 35.00 3.5 3.1 0.004 0.036 28.7717 29.3972 12.10 560 760 
0.931 4 35.00 35.00 3.1 2.4 0.033 0.009 29.3972 30.7334 12.10 560 760 
0.932 4 35.00 35.00 3.1 2.8 0.033 0.009 29.3972 30.0504 12.02 600 800 
0.933 4 35.00 35.00 2.8 2.8 0.013 0.009 30.0504 30.0504 12.02 560 750 
0.934 4 35.00 35.00 2.8 2.4 0.009 0.011 30.0504 30.7334 12.02 560 760 
0.935 4 35.00 35.00 2.8 2.8 0.009 0.013 30.0504 30.0504 12.02 560 760 
0.936 4 35.00 35.00 4.1 2.8 0.009 0.007 27.5973 30.0504 12.02 560 760 
0.937 4 35.00 35.00 3.5 3.5 0.027 0.009 28.7717 28.7717 12.04 590 790 
0.938 4 35.00 35.00 3.8 3.8 0.045 0.004 28.1723 28.1723 12.04 580 770 
0.939 4 35.00 35.00 3.1 3.5 0.071 0.047 29.3972 28.7717 12.04 560 760 
0.940 4 35.00 35.00 3.1 3.1 0.049 0.069 29.3972 29.3972 12.04 570 760 
0.941 4 35.00 35.00 3.1 2.8 0.018 0.051 29.3972 30.0504 12.04 560 760 
0.942 4 35.00 35.00 3.1 2.8 0.011 0.009 29.3972 30.0504 12.06 590 780 
0.943 4 35.00 35.00 3.1 3.8 0.016 0.007 29.3972 28.1723 12.06 570 760 
0.944 4 35.00 35.00 3.1 3.1 0.004 0.029 29.3972 29.3972 12.06 560 760 
0.945 4 35.00 35.00 3.1 3.8 0.007 0.022 29.3972 28.1723 12.06 570 760 
0.946 4 35.00 35.00 3.1 3.5 0.013 0.033 29.3972 28.7717 12.06 560 760 
0.947 4 35.00 35.00 3.1 2.8 0.016 0.060 29.3972 30.0504 11.99 590 780 
0.948 4 35.00 35.00 3.1 2.4 0.009 0.027 29.3972 30.7334 11.99 560 760 
0.949 4 35.00 35.00 3.1 2.4 0.009 0.013 29.3972 30.7334 11.99 570 770 
0.950 4 35.00 35.00 3.1 3.5 0.011 0.016 29.3972 28.7717 11.99 570 770 
0.951 4 35.00 35.00 3.1 2.8 0.011 0.002 29.3972 30.0504 11.99 570 770 
0.952 4 35.00 35.00 3.1 2.8 0.004 0.007 29.3972 30.0504 12.06 590 780 
0.953 4 35.00 35.00 2.8 2.8 0.009 0.013 30.0504 30.0504 12.06 560 760 
0.954 4 35.00 35.00 2.8 2.8 0.009 0.009 30.0504 30.0504 12.06 560 760 
0.955 4 35.00 35.00 3.1 3.5 0.009 0.009 29.3972 28.7717 12.06 560 760 
0.956 4 35.00 35.00 2.8 2.8 0.007 0.007 30.0504 30.0504 12.06 570 760 
0.957 4 35.00 35.00 2.8 2.8 0.007 0.002 30.0504 30.0504 12.06 600 790 
0.958 4 35.00 35.00 2.8 2.8 0.007 0.007 30.0504 30.0504 12.06 560 750 
0.959 4 35.00 35.00 3.8 3.1 0.011 0.007 28.1723 29.3972 12.06 560 760 
0.960 4 35.00 35.00 3.5 2.8 0.013 0.004 28.7717 30.0504 12.06 570 760 
0.961 4 35.00 35.00 3.8 2.8 0.038 0.007 28.1723 30.0504 12.06 560 760 
0.962 4 35.00 35.00 3.5 2.8 0.074 0.004 28.7717 30.0504 12.02 590 790 
0.963 4 35.00 35.00 3.5 2.8 0.060 0.007 28.7717 30.0504 12.02 560 760 
0.964 4 35.00 35.00 3.5 2.8 0.058 0.011 28.7717 30.0504 12.02 560 760 
0.965 4 35.00 35.00 3.1 3.8 0.042 0.007 29.3972 28.1723 12.02 560 760 
0.966 4 35.00 35.00 3.1 3.1 0.031 0.029 29.3972 29.3972 12.02 560 750 
0.967 4 35.00 35.00 3.1 4.1 0.007 0.033 29.3972 27.5973 12.07 590 780 
0.968 4 35.00 35.00 3.1 3.8 0.009 0.058 29.3972 28.1723 12.07 570 760 
0.969 4 35.00 35.00 3.1 3.1 0.018 0.083 29.3972 29.3972 12.07 560 770 
0.970 4 35.00 35.00 3.1 2.8 0.011 0.067 29.3972 30.0504 12.07 570 770 
0.971 4 35.00 35.00 3.1 2.8 0.009 0.007 29.3972 30.0504 12.07 560 760 
0.972 4 35.00 35.00 3.1 2.4 0.009 0.009 29.3972 30.7334 11.99 590 780 
0.973 4 35.00 35.00 3.1 3.1 0.013 0.004 29.3972 29.3972 11.99 560 750 
