%  1    time 0.000 sec
%  2    mission (0) state 2
%  3  4 Motor velocity ref left, right: 10.00 10.00
%  5  6 Motor voltage [V] left, right: 1.0 1.0
%  7  8 Motor current left, right [A]: 0.000 0.000
%  9 10 Wheel velocity [r/s] left, right: -0.0040 -0.0040
% 11    Battery voltage [V]: 12.10
% 12 13 Get data time [us]: 570 +ctrl 890
0.001 2 10.00 10.00 1.1 1.1 0.016 0.011 -0.0040 -0.0040 12.07 590 840 
0.002 2 10.00 10.00 1.1 1.1 0.004 0.011 -0.0040 -0.0040 12.07 570 830 
0.003 2 10.00 10.00 1.1 1.1 0.022 0.029 -0.0040 -0.0040 12.07 560 820 
0.004 2 10.00 10.00 1.2 1.2 0.029 0.033 -0.0040 -0.0040 12.07 570 830 
0.005 2 10.00 10.00 1.2 1.2 0.036 0.047 -0.0040 -0.0040 12.07 560 820 
0.006 2 10.00 10.00 1.2 1.2 0.042 0.045 -0.0040 -0.0040 12.07 590 850 
0.007 2 10.00 10.00 1.3 1.3 0.042 0.047 -0.0040 -0.0040 12.07 570 830 
0.008 2 10.00 10.00 1.3 1.3 0.042 0.051 -0.0040 -0.0040 12.07 560 820 
0.009 2 10.00 10.00 1.3 1.3 0.049 0.056 -0.0040 -0.0040 12.07 570 820 
0.010 2 10.00 10.00 1.3 1.3 0.047 0.060 0.0040 -0.0040 12.07 560 880 
0.011 2 10.00 10.00 1.3 1.3 0.049 0.047 0.0040 0.0040 12.09 590 910 
0.012 2 10.00 10.00 1.4 1.4 0.060 0.047 0.0040 0.0040 12.09 570 820 
0.013 2 10.00 10.00 1.4 1.4 0.062 0.054 0.0040 0.0040 12.09 560 820 
0.014 2 10.00 10.00 1.4 1.4 0.065 0.060 0.0040 0.0040 12.09 560 820 
0.015 2 10.00 10.00 1.4 1.4 0.074 0.065 0.0040 0.0040 12.09 560 820 
0.016 2 10.00 10.00 1.3 1.4 0.058 0.069 2.5466 0.0040 12.07 590 910 
0.017 2 10.00 10.00 1.4 1.3 0.033 0.076 2.5466 2.4019 12.07 560 880 
0.018 2 10.00 10.00 1.5 1.4 0.031 0.067 2.5466 2.4019 12.07 560 820 
0.019 2 10.00 10.00 1.5 1.5 0.038 0.071 2.5466 2.4019 12.07 560 890 
0.020 2 10.00 10.00 1.5 1.6 0.045 0.078 3.4674 2.4019 12.07 560 870 
0.021 2 10.00 10.00 1.6 1.6 0.051 0.087 3.4674 3.1448 12.06 590 910 
0.022 2 10.00 10.00 1.6 1.6 0.060 0.087 3.4674 3.1448 12.06 570 830 
0.023 2 10.00 10.00 1.6 1.7 0.069 0.096 3.8970 3.1448 12.06 560 880 
0.024 2 10.00 10.00 1.7 1.7 0.078 0.103 3.8970 3.1448 12.06 570 900 
0.025 2 10.00 10.00 1.7 1.7 0.080 0.098 3.8970 4.2658 12.06 560 820 
0.026 2 10.00 10.00 1.7 1.7 0.085 0.098 4.6153 4.2658 12.04 590 900 
0.027 2 10.00 10.00 1.7 1.7 0.085 0.087 4.6153 4.6470 12.04 570 880 
0.028 2 10.00 10.00 1.7 1.7 0.083 0.083 4.6153 4.6470 12.04 570 890 
0.029 2 10.00 10.00 1.7 1.8 0.083 0.085 5.0647 4.6470 12.04 570 880 
0.030 2 10.00 10.00 1.8 1.7 0.080 0.092 5.0647 5.6345 12.04 560 880 
0.031 2 10.00 10.00 1.7 1.7 0.074 0.085 5.9835 5.6345 12.06 590 910 
0.032 2 10.00 10.00 1.7 1.7 0.069 0.074 5.9835 6.0913 12.06 560 880 
0.033 2 10.00 10.00 1.7 1.7 0.056 0.076 6.8993 6.0913 12.06 560 840 
0.034 2 10.00 10.00 1.7 1.7 0.033 0.071 6.8993 7.0431 12.06 560 790 
0.035 2 10.00 10.00 1.7 1.7 0.020 0.062 7.0431 7.0431 12.06 570 800 
0.036 2 10.00 10.00 1.7 1.8 0.029 0.065 7.0431 6.5327 12.06 590 870 
0.037 2 10.00 10.00 1.7 1.8 0.036 0.042 7.4711 6.5327 12.06 570 840 
0.038 2 10.00 10.00 1.7 1.7 0.031 0.065 7.5970 7.7273 12.06 560 790 
0.039 2 10.00 10.00 1.7 1.7 0.040 0.062 7.5970 7.7273 12.06 570 800 
0.040 2 10.00 10.00 1.7 1.7 0.049 0.062 7.9545 8.0016 12.06 560 790 
0.041 2 10.00 10.00 1.7 1.7 0.056 0.058 7.9545 8.4517 12.06 590 820 
0.042 2 10.00 10.00 1.7 1.7 0.051 0.051 8.0016 8.4517 12.06 570 790 
0.043 2 10.00 10.00 1.8 1.8 0.051 0.045 7.7273 7.8166 12.06 570 810 
0.044 2 10.00 10.00 1.8 1.7 0.049 0.040 7.4301 8.6684 12.06 560 740 
0.045 2 10.00 10.00 1.7 1.7 0.047 0.040 8.6132 8.6684 12.06 560 790 
0.046 2 10.00 10.00 1.7 1.7 0.036 0.038 8.6132 8.5048 12.07 590 830 
0.047 2 10.00 10.00 1.6 1.6 0.020 0.036 9.4564 9.6591 12.07 570 800 
0.048 2 10.00 10.00 1.7 1.6 0.018 0.027 9.1370 9.6591 12.07 560 790 
0.049 2 10.00 10.00 1.7 1.7 0.025 0.027 9.1370 8.8384 12.07 570 810 
0.050 2 10.00 10.00 1.7 1.6 0.018 0.018 8.5587 9.7991 12.07 560 740 
0.051 2 10.00 10.00 1.7 1.6 0.020 0.018 9.3908 9.7991 12.02 590 820 
0.052 2 10.00 10.00 1.6 1.7 0.031 0.022 10.0916 9.1370 12.02 560 790 
0.053 2 10.00 10.00 1.6 1.6 0.025 0.029 10.0916 10.3227 12.02 570 800 
0.054 2 10.00 10.00 1.6 1.5 0.025 0.022 9.6591 10.4021 12.02 560 740 
0.055 2 10.00 10.00 1.7 1.5 0.022 0.016 9.3260 10.4021 12.02 570 790 
0.056 2 10.00 10.00 1.7 1.6 0.022 0.009 9.3260 10.2445 12.06 590 820 
0.057 2 10.00 10.00 1.6 1.6 0.020 0.007 9.7991 9.7286 12.06 570 740 
0.058 2 10.00 10.00 1.6 1.5 0.022 0.011 9.7991 10.6478 12.06 570 740 
0.059 2 10.00 10.00 1.6 1.5 0.022 0.009 10.2445 10.6478 12.06 560 800 
0.060 2 10.00 10.00 1.6 1.5 0.018 0.007 10.2445 10.5646 12.06 570 800 
0.061 2 10.00 10.00 1.5 1.5 0.013 0.007 10.6478 10.6478 12.06 590 760 
0.062 2 10.00 10.00 1.6 1.6 0.007 0.004 10.4021 9.7286 12.06 570 750 
0.063 2 10.00 10.00 1.6 1.6 0.011 0.011 10.2445 9.7286 12.06 560 800 
0.064 2 10.00 10.00 1.6 1.5 0.016 0.011 10.2445 10.9941 12.06 560 800 
0.065 2 10.00 10.00 1.5 1.5 0.013 0.007 10.5646 10.5646 12.06 560 780 
0.066 2 10.00 10.00 1.6 1.5 0.009 0.007 10.2445 10.9941 12.07 600 770 
0.067 2 10.00 10.00 1.5 1.5 0.007 0.007 10.8182 10.3227 12.07 570 740 
0.068 2 10.00 10.00 1.5 1.5 0.007 0.009 10.8182 10.3227 12.07 560 790 
0.069 2 10.00 10.00 1.5 1.4 0.007 0.004 10.8182 11.3636 12.07 570 800 
0.070 2 10.00 10.00 1.5 1.4 0.009 0.007 10.9941 10.9054 12.07 570 800 
0.071 2 10.00 10.00 1.5 1.4 0.007 0.004 10.6478 11.1758 12.09 590 760 
0.072 2 10.00 10.00 1.5 1.4 0.007 0.009 11.0842 10.8182 12.09 570 740 
0.073 2 10.00 10.00 1.5 1.4 0.002 0.007 10.8182 11.5579 12.09 560 730 
0.074 2 10.00 10.00 1.5 1.4 0.004 0.009 10.8182 11.5579 12.09 570 800 
0.075 2 10.00 10.00 1.4 1.4 0.004 0.007 11.1758 10.8182 12.09 570 800 
0.076 2 10.00 10.00 1.4 1.3 0.007 0.009 10.9941 11.4599 12.04 590 760 
0.077 2 10.00 10.00 1.4 1.4 0.007 0.007 11.0842 11.1758 12.04 570 750 
0.078 2 10.00 10.00 1.4 1.3 0.007 0.011 11.0842 11.6575 12.04 570 740 
0.079 2 10.00 10.00 1.4 1.4 0.011 0.009 11.2689 10.7323 12.04 560 800 
0.080 2 10.00 10.00 1.4 1.4 0.009 0.007 11.2689 10.2445 12.04 560 800 
0.081 2 10.00 10.00 1.4 1.3 0.009 0.007 11.2689 11.4599 12.06 590 760 
0.082 2 10.00 10.00 1.4 1.2 0.009 0.007 11.1758 12.2934 12.06 570 740 
0.083 2 10.00 10.00 1.4 1.3 0.009 0.009 11.0842 11.5579 12.06 570 740 
0.084 2 10.00 10.00 1.4 1.5 0.007 0.013 11.1758 9.7286 12.06 570 740 
0.085 2 10.00 10.00 1.4 1.5 0.011 0.007 10.9941 9.7286 12.06 560 800 
0.086 2 10.00 10.00 1.4 1.3 0.011 0.002 10.9941 11.2689 12.02 590 820 
0.087 2 10.00 10.00 1.4 1.4 0.004 0.007 10.9941 10.7323 12.02 570 750 
0.088 2 10.00 10.00 1.4 1.3 0.011 0.004 10.6478 11.6575 12.02 560 740 
0.089 2 10.00 10.00 1.3 1.3 0.011 0.009 11.1758 11.3636 12.02 570 740 
0.090 2 10.00 10.00 1.3 1.3 0.007 0.009 11.3636 11.4599 12.02 570 740 
0.091 2 10.00 10.00 1.3 1.2 0.011 0.007 11.3636 11.4599 12.04 590 820 
0.092 2 10.00 10.00 1.3 1.3 0.011 0.011 11.0842 10.5646 12.04 570 790 
0.093 2 10.00 10.00 1.3 1.2 0.011 0.007 10.8182 11.6575 12.04 560 730 
0.094 2 10.00 10.00 1.3 1.3 0.011 0.011 11.1758 10.6478 12.04 570 750 
0.095 2 10.00 10.00 1.4 1.2 0.009 0.007 10.5646 11.1758 12.04 570 740 
0.096 2 10.00 10.00 1.3 1.2 0.009 0.016 10.5646 11.1758 12.07 590 760 
0.097 2 10.00 10.00 1.3 1.3 0.009 0.011 10.9941 10.8182 12.07 570 720 
0.098 2 10.00 10.00 1.2 1.2 0.013 0.011 11.6575 11.4599 12.07 570 750 
0.099 2 10.00 10.00 1.3 1.3 0.020 0.011 11.0842 9.9432 12.07 570 740 
0.100 2 10.00 10.00 1.2 1.2 0.018 0.013 11.3636 11.2689 12.07 570 740 
0.101 2 10.00 10.00 1.3 1.2 0.011 0.011 10.9941 11.1758 12.06 590 760 
0.102 2 10.00 10.00 1.3 1.2 0.016 0.011 10.9941 11.1758 12.06 570 800 
0.103 2 10.00 10.00 1.2 1.2 0.013 0.011 11.1758 11.3636 12.06 570 800 
0.104 2 10.00 10.00 1.3 1.3 0.018 0.011 10.9054 10.1674 12.06 570 740 
0.105 2 10.00 10.00 1.4 1.2 0.016 0.011 9.7286 11.0842 12.06 560 740 
0.106 2 10.00 10.00 1.3 1.2 0.011 0.016 10.7323 10.6478 12.04 590 760 
0.107 2 10.00 10.00 1.3 1.3 0.013 0.011 10.7323 10.3227 12.04 570 740 
0.108 2 10.00 10.00 1.2 1.2 0.013 0.013 11.4599 11.2689 12.04 570 740 
0.109 2 10.00 10.00 1.2 1.3 0.018 0.013 10.8182 10.0916 12.04 570 730 
0.110 2 10.00 10.00 1.3 1.2 0.016 0.013 9.9432 11.0842 12.04 570 740 
0.111 2 10.00 10.00 1.3 1.2 0.009 0.011 10.6478 11.0842 12.06 590 830 
0.112 2 10.00 10.00 1.3 1.3 0.013 0.009 10.6478 10.0916 12.06 570 810 
0.113 2 10.00 10.00 1.2 1.1 0.011 0.009 11.3636 11.1758 12.06 570 750 
0.114 2 10.00 10.00 1.2 1.1 0.013 0.013 10.6478 11.1758 12.06 570 740 
0.115 2 10.00 10.00 1.3 1.2 0.016 0.011 10.0916 10.8182 12.06 570 740 
0.116 2 10.00 10.00 1.3 1.2 0.011 0.013 10.0916 10.8182 12.07 590 750 
0.117 2 10.00 10.00 1.3 1.2 0.009 0.007 10.4021 10.1674 12.07 570 740 
0.118 2 10.00 10.00 1.3 1.1 0.009 0.016 10.0916 10.9941 12.07 570 750 
0.119 2 10.00 10.00 1.2 1.2 0.011 0.011 10.4827 10.8182 12.07 570 740 
0.120 2 10.00 10.00 1.2 1.1 0.016 0.011 10.4827 10.8182 12.07 560 730 
0.121 2 10.00 10.00 1.2 1.1 0.013 0.013 10.6478 10.8182 12.04 590 740 
0.122 2 10.00 10.00 1.2 1.3 0.013 0.018 10.4021 9.6591 12.04 560 740 
0.123 2 10.00 10.00 1.3 1.1 0.009 0.004 10.1674 10.9054 12.04 570 750 
0.124 2 10.00 10.00 1.2 1.2 0.011 0.007 10.4021 10.4021 12.04 570 740 
0.125 2 10.00 10.00 1.2 1.2 0.013 0.025 10.4021 10.4021 12.04 570 740 
0.126 2 10.00 10.00 1.3 1.2 0.013 0.009 9.9432 10.5646 12.07 590 760 
0.127 2 10.00 10.00 1.2 1.2 0.013 0.013 10.3227 9.8706 12.07 570 750 
0.128 2 10.00 10.00 1.3 1.1 0.013 0.016 10.2445 10.6478 12.07 570 750 
0.129 2 10.00 10.00 1.3 1.1 0.016 0.009 10.2445 10.6478 12.07 570 740 
0.130 2 10.00 10.00 1.2 1.2 0.018 0.013 10.4021 10.1674 12.07 570 750 
0.131 2 10.00 10.00 1.3 1.2 0.016 0.011 9.7991 10.4827 12.07 590 760 
0.132 2 10.00 10.00 1.2 1.2 0.011 0.004 10.3227 10.0168 12.07 570 740 
0.133 2 10.00 10.00 1.2 1.1 0.009 0.011 10.3227 10.6478 12.07 570 800 
0.134 2 10.00 10.00 1.3 1.1 0.011 0.013 10.0916 10.6478 12.07 570 790 
0.135 2 10.00 10.00 1.2 1.2 0.011 0.011 10.4021 9.9432 12.07 560 740 
0.136 2 10.00 10.00 1.2 1.2 0.013 0.011 10.1674 10.3227 12.06 590 760 
0.137 2 10.00 10.00 1.2 1.2 0.013 0.016 10.1674 10.0916 12.06 570 810 
0.138 2 10.00 10.00 1.2 1.2 0.013 0.018 10.1674 10.0916 12.06 570 800 
0.139 2 10.00 10.00 1.2 1.1 0.013 0.016 10.2445 10.4827 12.06 560 740 
0.140 2 10.00 10.00 1.2 1.3 0.016 0.011 10.2445 9.1370 12.06 570 740 
0.141 2 10.00 10.00 1.2 1.3 0.016 0.004 10.2445 9.1370 12.07 590 830 
0.142 2 10.00 10.00 1.2 1.2 0.011 0.009 10.2445 10.4021 12.07 570 800 
0.143 2 10.00 10.00 1.2 1.1 0.013 0.007 10.0916 11.0842 12.07 570 750 
0.144 2 10.00 10.00 1.2 1.1 0.011 0.011 10.0916 10.5646 12.07 570 740 
0.145 2 10.00 10.00 1.2 1.2 0.016 0.018 10.0916 9.4564 12.07 570 740 
0.146 2 10.00 10.00 1.2 1.3 0.009 0.011 10.0916 8.7243 12.07 590 770 
0.147 2 10.00 10.00 1.3 1.2 0.013 0.004 9.8706 10.1674 12.07 570 750 
0.148 2 10.00 10.00 1.3 1.2 0.011 0.013 10.0168 9.5906 12.07 570 740 
0.149 2 10.00 10.00 1.3 1.2 0.016 0.009 10.0168 9.5906 12.07 570 730 
0.150 2 10.00 10.00 1.3 1.1 0.016 0.009 9.5906 10.4827 12.07 560 740 
0.151 2 10.00 10.00 1.3 1.2 0.011 0.007 10.0168 10.0916 12.09 590 770 
0.152 2 10.00 10.00 1.2 1.2 0.009 0.007 10.1674 10.2445 12.09 580 750 
0.153 2 10.00 10.00 1.2 1.2 0.013 0.007 10.1674 10.2445 12.09 560 730 
0.154 2 10.00 10.00 1.3 1.2 0.016 0.011 10.0168 9.4564 12.09 560 740 
0.155 2 10.00 10.00 1.3 1.2 0.011 0.009 9.7286 10.3227 12.09 570 750 
0.156 2 10.00 10.00 1.3 1.2 0.009 0.016 9.7286 9.5230 12.07 600 770 
0.157 2 10.00 10.00 1.3 1.2 0.009 0.002 10.0168 9.5230 12.07 570 740 
0.158 2 10.00 10.00 1.3 1.2 0.011 0.009 9.5230 9.9432 12.07 560 740 
0.159 2 10.00 10.00 1.3 1.2 0.004 0.009 9.9432 9.6591 12.07 570 750 
0.160 2 10.00 10.00 1.3 1.2 0.011 0.009 9.9432 9.6591 12.07 560 800 
0.161 2 10.00 10.00 1.2 1.2 0.016 0.009 10.5646 10.2445 12.10 590 810 
0.162 2 10.00 10.00 1.2 1.3 0.018 0.004 10.0916 8.9554 12.10 570 750 
0.163 2 10.00 10.00 1.2 1.2 0.016 0.004 10.3227 10.0916 12.10 570 740 
0.164 2 10.00 10.00 1.2 1.2 0.013 0.004 10.3227 10.0916 12.10 570 740 
0.165 2 10.00 10.00 1.3 1.2 0.016 0.009 10.0168 10.0916 12.10 570 740 
0.166 2 10.00 10.00 1.2 1.2 0.011 0.011 10.1674 10.4021 12.12 590 760 
0.167 2 10.00 10.00 1.3 1.3 0.013 0.009 9.9432 9.1991 12.12 570 750 
0.168 2 10.00 10.00 1.3 1.3 0.016 0.011 9.9432 9.1991 12.12 570 730 
0.169 2 10.00 10.00 1.4 1.2 0.011 0.009 8.7810 10.0916 12.12 560 740 
0.170 2 10.00 10.00 1.3 1.3 0.013 0.013 9.7991 9.4564 12.12 560 740 
0.171 2 10.00 10.00 1.3 1.3 0.016 0.009 9.7991 9.4564 12.07 590 820 
0.172 2 10.00 10.00 1.2 1.2 0.013 0.011 10.4021 10.4021 12.07 570 800 
0.173 2 10.00 10.00 1.3 1.3 0.016 0.002 9.8706 9.3908 12.07 570 750 
0.174 2 10.00 10.00 1.4 1.2 0.013 0.007 9.0756 10.2445 12.07 560 740 
0.175 2 10.00 10.00 1.4 1.2 0.009 0.011 9.0756 10.2445 12.07 560 730 
0.176 2 10.00 10.00 1.3 1.3 0.009 0.004 9.7991 9.3908 12.01 590 760 
0.177 2 10.00 10.00 1.2 1.2 0.007 0.007 10.3227 10.4827 12.01 560 740 
0.178 2 10.00 10.00 1.3 1.2 0.009 0.011 9.8706 10.5646 12.01 570 730 
0.179 2 10.00 10.00 1.3 1.2 0.011 0.018 9.8706 10.5646 12.01 570 720 
0.180 2 10.00 10.00 1.3 1.2 0.009 0.013 9.3260 10.1674 12.01 570 740 
0.181 2 10.00 10.00 1.3 1.3 0.009 0.013 9.7286 9.5906 12.02 600 770 
0.182 2 10.00 10.00 1.3 1.2 0.009 0.009 9.7286 10.4827 12.02 560 790 
0.183 2 10.00 10.00 1.3 1.2 0.009 0.013 9.5230 10.4827 12.02 560 800 
0.184 2 10.00 10.00 1.3 1.2 0.009 0.009 9.9432 10.3227 12.02 560 740 
0.185 2 10.00 10.00 1.3 1.2 0.011 0.007 10.1674 10.3227 12.02 570 740 
0.186 2 10.00 10.00 1.3 1.3 0.011 0.011 10.1674 9.2621 12.07 590 820 
0.187 2 10.00 10.00 1.3 1.3 0.011 0.009 9.9432 9.2621 12.07 560 790 
0.188 2 10.00 10.00 1.3 1.2 0.007 0.007 9.7286 10.4021 12.07 560 740 
0.189 2 10.00 10.00 1.3 1.2 0.007 0.009 9.7286 9.9432 12.07 570 750 
0.190 2 10.00 10.00 1.3 1.2 0.007 0.009 10.0168 10.2445 12.07 560 790 
0.191 2 10.00 10.00 1.3 1.2 0.009 0.016 9.5906 10.2445 12.02 590 820 
0.192 2 10.00 10.00 1.3 1.3 0.009 0.011 9.8706 9.5230 12.02 560 740 
0.193 2 10.00 10.00 1.3 1.2 0.009 0.007 9.8706 10.4021 12.02 570 810 
0.194 2 10.00 10.00 1.3 1.2 0.013 0.009 9.9432 10.0916 12.02 560 800 
0.195 2 10.00 10.00 1.3 1.2 0.011 0.013 10.0916 9.9432 12.02 570 800 
0.196 2 10.00 10.00 1.3 1.2 0.009 0.007 9.6591 10.2445 12.09 590 760 
0.197 2 10.00 10.00 1.3 1.2 0.009 0.009 9.6591 9.7991 12.09 560 790 
0.198 2 10.00 10.00 1.3 1.2 0.004 0.009 10.0916 9.7991 12.09 560 800 
0.199 2 10.00 10.00 1.3 1.2 0.007 0.009 9.8706 10.4827 12.09 560 800 
0.200 2 10.00 10.00 1.3 1.2 0.009 0.016 10.1674 9.7991 12.09 560 740 
0.201 2 10.00 10.00 1.3 1.2 0.009 0.011 10.1674 10.1674 12.06 590 820 
0.202 2 10.00 10.00 1.3 1.2 0.011 0.011 10.0168 10.1674 12.06 560 800 
0.203 2 10.00 10.00 1.3 1.2 0.011 0.009 10.0916 9.9432 12.06 560 740 
0.204 2 10.00 10.00 1.3 1.2 0.013 0.013 10.0168 10.4021 12.06 570 740 
0.205 2 10.00 10.00 1.3 1.3 0.016 0.013 10.0168 9.0756 12.06 560 790 
0.206 2 10.00 10.00 1.3 1.3 0.016 0.004 10.1674 9.0756 12.09 590 820 
0.207 2 10.00 10.00 1.3 1.2 0.009 0.007 10.1674 10.2445 12.09 560 740 
0.208 2 10.00 10.00 1.3 1.1 0.016 0.011 10.0916 11.0842 12.09 570 740 
0.209 2 10.00 10.00 1.3 1.2 0.011 0.011 10.0916 10.4827 12.09 560 790 
0.210 2 10.00 10.00 1.3 1.2 0.009 0.016 10.0916 10.4021 12.09 560 790 
0.211 2 10.00 10.00 1.3 1.3 0.011 0.011 10.0916 8.6684 12.06 590 760 
0.212 2 10.00 10.00 1.3 1.2 0.011 0.011 10.0916 10.1674 12.06 570 740 
0.213 2 10.00 10.00 1.3 1.3 0.007 0.009 9.8706 9.5906 12.06 560 800 
0.214 2 10.00 10.00 1.3 1.3 0.009 0.011 9.9432 9.5906 12.06 560 790 
0.215 2 10.00 10.00 1.3 1.2 0.011 0.007 9.5906 10.5646 12.06 560 730 
0.216 2 10.00 10.00 1.3 1.2 0.011 0.009 9.5906 10.0916 12.06 590 820 
0.217 2 10.00 10.00 1.3 1.2 0.011 0.004 10.0168 10.3227 12.06 560 790 
0.218 2 10.00 10.00 1.3 1.2 0.009 0.011 10.1674 10.3227 12.06 570 800 
0.219 2 10.00 10.00 1.3 1.3 0.009 0.011 10.0916 9.5230 12.06 560 740 
0.220 2 10.00 10.00 1.3 1.2 0.011 0.011 10.0916 10.4827 12.06 560 800 
0.221 2 10.00 10.00 1.3 1.2 0.007 0.013 9.7286 9.7991 12.10 590 820 
0.222 2 10.00 10.00 1.3 1.2 0.007 0.016 10.0916 9.6591 12.10 560 800 
0.223 2 10.00 10.00 1.3 1.2 0.011 0.007 9.6591 10.1674 12.10 570 740 
0.224 2 10.00 10.00 1.3 1.2 0.009 0.013 9.6591 9.7991 12.10 560 790 
0.225 2 10.00 10.00 1.3 1.2 0.011 0.009 10.0168 9.7991 12.10 560 790 
0.226 2 10.00 10.00 1.2 1.2 0.011 0.004 10.7323 10.4021 12.09 590 830 
0.227 2 10.00 10.00 1.3 1.3 0.018 0.009 10.2445 9.0756 12.09 560 740 
0.228 2 10.00 10.00 1.3 1.2 0.018 0.011 10.2445 10.2445 12.09 560 800 
0.229 2 10.00 10.00 1.2 1.2 0.011 0.004 10.4827 10.2445 12.09 570 810 
0.230 2 10.00 10.00 1.3 1.2 0.016 0.016 10.0916 10.3227 12.09 570 750 
0.231 2 10.00 10.00 1.2 1.2 0.009 0.016 10.4021 10.4827 12.02 590 760 
0.232 2 10.00 10.00 1.2 1.3 0.011 0.013 10.4021 9.3260 12.02 560 800 
0.233 2 10.00 10.00 1.3 1.3 0.013 0.011 10.1674 9.3260 12.02 560 790 
0.234 2 10.00 10.00 1.4 1.2 0.011 0.009 8.9554 10.1674 12.02 560 740 
0.235 2 10.00 10.00 1.4 1.3 0.009 0.009 8.9554 9.5906 12.02 560 740 
0.236 2 10.00 10.00 1.3 1.2 0.007 0.004 10.0168 10.4021 12.07 590 820 
0.237 2 10.00 10.00 1.2 1.2 0.011 0.016 10.6478 10.4021 12.07 560 790 
0.238 2 10.00 10.00 1.3 1.3 0.018 0.011 10.0916 9.3908 12.07 570 740 
0.239 2 10.00 10.00 1.3 1.2 0.011 0.007 9.7991 10.3227 12.07 560 800 
0.240 2 10.00 10.00 1.4 1.2 0.009 0.013 9.3908 10.3227 12.07 560 800 
0.241 2 10.00 10.00 1.3 1.3 0.009 0.009 10.0916 9.3908 12.02 590 760 
0.242 2 10.00 10.00 1.2 1.2 0.009 0.011 10.6478 10.4827 12.02 560 740 
0.243 2 10.00 10.00 1.3 1.2 0.013 0.011 10.1674 10.4827 12.02 560 740 
0.244 2 10.00 10.00 1.3 1.2 0.013 0.011 10.0916 10.4827 12.02 560 730 
0.245 2 10.00 10.00 1.3 1.2 0.009 0.013 9.6591 10.1674 12.02 560 740 
0.246 2 10.00 10.00 1.3 1.3 0.009 0.013 10.0168 9.5230 12.07 590 760 
0.247 2 10.00 10.00 1.3 1.2 0.011 0.009 10.0168 10.4021 12.07 570 800 
0.248 2 10.00 10.00 1.3 1.2 0.011 0.011 9.7286 10.4021 12.07 560 800 
0.249 2 10.00 10.00 1.3 1.2 0.007 0.011 10.1674 10.2445 12.07 560 740 
0.252 2 10.00 10.00 1.3 1.2 0.011 0.009 10.3227 10.2445 12.07 560 740 
0.253 2 10.00 10.00 1.3 1.2 0.009 0.018 10.1674 10.4021 12.06 590 830 
0.253 2 10.00 10.00 1.3 1.2 0.007 0.009 9.9432 10.4021 12.06 560 790 
0.254 2 10.00 10.00 1.3 1.2 0.007 0.016 10.1674 9.9432 12.06 570 750 
0.255 2 10.00 10.00 1.3 1.2 0.011 0.013 10.1674 10.0916 12.06 560 800 
0.256 2 10.00 10.00 1.3 1.2 0.007 0.016 9.7286 10.0916 12.06 570 800 
0.257 2 10.00 10.00 1.3 1.3 0.009 0.011 10.1674 9.3908 12.07 590 770 
0.258 2 10.00 10.00 1.3 1.2 0.013 0.007 10.0916 10.3227 12.07 560 740 
0.259 2 10.00 10.00 1.3 1.2 0.016 0.009 10.0916 9.8706 12.07 560 800 
0.260 2 10.00 10.00 1.3 1.2 0.013 0.009 10.1674 9.7991 12.07 570 800 
0.261 2 10.00 10.00 1.3 1.2 0.004 0.009 9.6591 10.0916 12.07 560 740 
0.262 2 10.00 10.00 1.3 1.2 0.009 0.009 10.1674 9.7286 12.10 590 760 
0.263 2 10.00 10.00 1.3 1.2 0.009 0.009 10.1674 9.7286 12.10 560 730 
0.264 2 10.00 10.00 1.3 1.2 0.009 0.007 9.8706 10.3227 12.10 560 740 
0.265 2 10.00 10.00 1.3 1.2 0.009 0.009 10.2445 9.5906 12.10 560 740 
0.266 2 10.00 10.00 1.3 1.2 0.011 0.007 10.0168 10.1674 12.10 570 740 
0.267 2 10.00 10.00 1.3 1.2 0.011 0.018 10.0168 10.1674 12.12 590 760 
0.268 2 10.00 10.00 1.3 1.2 0.011 0.018 10.1674 9.7991 12.12 560 740 
0.269 2 10.00 10.00 1.3 1.2 0.016 0.009 10.0916 10.3227 12.12 570 740 
0.270 2 10.00 10.00 1.3 1.3 0.013 0.013 10.2445 8.9554 12.12 570 740 
0.271 2 10.00 10.00 1.3 1.3 0.016 0.007 10.2445 8.9554 12.12 560 730 
0.272 2 10.00 10.00 1.3 1.2 0.009 0.007 10.1674 10.1674 12.02 590 760 
0.273 2 10.00 10.00 1.3 1.1 0.011 0.007 10.0916 10.9054 12.02 560 740 
0.274 2 10.00 10.00 1.3 1.2 0.009 0.011 10.0916 10.3227 12.02 570 740 
0.275 2 10.00 10.00 1.3 1.2 0.011 0.011 10.0916 10.3227 12.02 560 730 
0.276 2 10.00 10.00 1.3 1.3 0.011 0.011 10.0916 8.6684 12.02 560 740 
0.277 2 10.00 10.00 1.3 1.2 0.007 0.009 9.9432 10.0168 12.10 590 760 
0.278 2 10.00 10.00 1.3 1.2 0.011 0.004 9.9432 10.0168 12.10 560 800 
0.279 2 10.00 10.00 1.3 1.3 0.013 0.009 10.0168 9.5906 12.10 570 800 
0.280 2 10.00 10.00 1.3 1.2 0.013 0.007 9.6591 10.4827 12.10 570 750 
0.281 2 10.00 10.00 1.3 1.2 0.011 0.011 10.0916 10.0916 12.10 560 740 
0.282 2 10.00 10.00 1.3 1.2 0.011 0.009 10.0916 10.0916 12.01 590 820 
0.283 2 10.00 10.00 1.2 1.2 0.009 0.007 10.3227 10.1674 12.01 570 800 
0.284 2 10.00 10.00 1.3 1.3 0.011 0.009 10.0916 9.4564 12.01 560 740 
0.285 2 10.00 10.00 1.3 1.2 0.004 0.007 9.7991 10.3227 12.01 570 740 
0.286 2 10.00 10.00 1.3 1.2 0.011 0.009 9.7991 10.3227 12.01 560 730 
0.287 2 10.00 10.00 1.3 1.3 0.011 0.011 10.1674 9.5230 12.04 590 760 
0.288 2 10.00 10.00 1.3 1.2 0.007 0.009 9.5906 10.0916 12.04 560 740 
0.289 2 10.00 10.00 1.3 1.2 0.009 0.007 10.0168 10.0168 12.04 560 740 
0.290 2 10.00 10.00 1.3 1.2 0.011 0.009 10.0168 9.7286 12.04 560 730 
0.291 2 10.00 10.00 1.2 1.2 0.016 0.007 10.6478 10.3227 12.04 560 740 
0.292 2 10.00 10.00 1.2 1.3 0.018 0.007 10.2445 8.9554 12.12 590 760 
0.293 2 10.00 10.00 1.2 1.3 0.013 0.009 10.4021 8.9554 12.12 560 800 
0.294 2 10.00 10.00 1.2 1.2 0.013 0.004 10.4021 10.1674 12.12 560 800 
0.295 2 10.00 10.00 1.2 1.2 0.018 0.004 10.1674 10.1674 12.12 560 730 
0.296 2 10.00 10.00 1.2 1.2 0.016 0.013 10.3227 10.4827 12.12 560 740 
0.297 2 10.00 10.00 1.3 1.2 0.016 0.013 10.0916 10.4827 12.06 590 810 
0.298 2 10.00 10.00 1.3 1.3 0.016 0.011 10.0916 9.2621 12.06 560 790 
0.299 2 10.00 10.00 1.4 1.2 0.013 0.009 8.8965 10.1674 12.06 560 740 
0.300 2 10.00 10.00 1.3 1.3 0.011 0.013 9.9432 9.6591 12.06 560 740 
0.301 2 10.00 10.00 1.2 1.3 0.011 0.009 10.6478 9.5906 12.06 560 790 
0.302 2 10.00 10.00 1.2 1.2 0.018 0.007 10.6478 10.4021 12.09 590 820 
0.303 2 10.00 10.00 1.3 1.3 0.016 0.011 10.0168 9.3908 12.09 560 740 
0.304 2 10.00 10.00 1.3 1.3 0.013 0.007 9.3260 9.3908 12.09 560 800 
0.305 2 10.00 10.00 1.3 1.2 0.011 0.009 9.3260 10.3227 12.09 560 790 
0.306 2 10.00 10.00 1.3 1.3 0.009 0.009 10.0168 9.3908 12.09 570 800 
0.307 2 10.00 10.00 1.2 1.2 0.009 0.007 10.5646 10.5646 12.02 590 740 
0.308 2 10.00 10.00 1.3 1.2 0.013 0.011 9.9432 10.5646 12.02 560 790 
0.309 2 10.00 10.00 1.3 1.2 0.011 0.011 9.9432 10.4827 12.02 570 800 
0.310 2 10.00 10.00 1.3 1.2 0.011 0.007 9.4564 10.2445 12.02 560 740 
0.311 2 10.00 10.00 1.3 1.3 0.009 0.011 9.8706 9.5230 12.02 570 750 
0.312 2 10.00 10.00 1.3 1.3 0.009 0.011 9.5906 9.5230 12.07 590 820 
0.313 2 10.00 10.00 1.3 1.2 0.009 0.007 9.5906 10.4021 12.07 560 790 
0.314 2 10.00 10.00 1.3 1.2 0.011 0.009 10.0168 10.2445 12.07 560 740 
0.315 2 10.00 10.00 1.3 1.2 0.011 0.009 10.1674 10.3227 12.07 570 740 
0.316 2 10.00 10.00 1.3 1.2 0.011 0.009 9.9432 10.3227 12.07 560 800 
0.317 2 10.00 10.00 1.3 1.3 0.011 0.009 9.9432 9.3260 12.02 590 820 
0.318 2 10.00 10.00 1.3 1.2 0.009 0.002 9.8706 10.4021 12.02 570 750 
0.319 2 10.00 10.00 1.3 1.2 0.009 0.013 10.0168 10.0168 12.02 560 740 
0.320 2 10.00 10.00 1.3 1.2 0.009 0.011 10.0168 10.0168 12.02 560 730 
0.321 2 10.00 10.00 1.3 1.2 0.009 0.013 9.6591 10.1674 12.02 560 740 
0.322 2 10.00 10.00 1.3 1.3 0.011 0.009 9.9432 9.5906 12.07 590 770 
0.323 2 10.00 10.00 1.3 1.2 0.009 0.007 9.9432 10.4021 12.07 570 740 
0.324 2 10.00 10.00 1.3 1.2 0.013 0.009 9.9432 10.4021 12.07 560 730 
0.325 2 10.00 10.00 1.3 1.2 0.013 0.016 10.0916 10.0168 12.07 560 740 
0.326 2 10.00 10.00 1.3 1.2 0.004 0.004 9.6591 10.2445 12.07 560 740 
0.327 2 10.00 10.00 1.3 1.2 0.004 0.009 10.0916 9.7991 12.04 590 760 
0.328 2 10.00 10.00 1.3 1.2 0.009 0.009 10.0916 9.7991 12.04 560 730 
0.329 2 10.00 10.00 1.3 1.2 0.009 0.009 9.8706 10.4827 12.04 560 740 
0.330 2 10.00 10.00 1.3 1.2 0.007 0.013 10.1674 9.7286 12.04 560 740 
0.331 2 10.00 10.00 1.3 1.2 0.011 0.007 10.0168 10.2445 12.04 560 740 
0.332 2 10.00 10.00 1.3 1.2 0.009 0.013 10.0168 10.2445 12.04 590 750 
0.333 2 10.00 10.00 1.3 1.2 0.007 0.018 10.0916 10.0168 12.04 560 740 
0.334 2 10.00 10.00 1.3 1.2 0.009 0.013 10.0916 10.4827 12.04 560 740 
0.335 2 10.00 10.00 1.3 1.3 0.018 0.011 10.1674 9.4564 12.04 560 800 
0.336 2 10.00 10.00 1.3 1.3 0.016 0.009 10.1674 9.1370 12.04 560 790 
0.337 2 10.00 10.00 1.3 1.2 0.007 0.009 10.1674 10.2445 12.06 590 760 
0.338 2 10.00 10.00 1.3 1.1 0.013 0.009 10.0916 10.9941 12.06 560 740 
0.339 2 10.00 10.00 1.3 1.2 0.011 0.013 10.0168 10.4021 12.06 570 740 
0.340 2 10.00 10.00 1.3 1.2 0.011 0.013 10.0168 10.4021 12.06 560 730 
0.341 2 10.00 10.00 1.3 1.3 0.013 0.013 10.1674 8.6684 12.06 560 740 
0.342 2 10.00 10.00 1.3 1.2 0.011 0.007 9.8706 10.0916 12.09 590 760 
0.343 2 10.00 10.00 1.3 1.2 0.004 0.011 9.8706 10.0916 12.09 560 800 
0.344 2 10.00 10.00 1.3 1.3 0.013 0.011 9.9432 9.5906 12.09 560 800 
0.345 2 10.00 10.00 1.3 1.2 0.011 0.007 9.5906 10.4827 12.09 570 750 
0.346 2 10.00 10.00 1.3 1.2 0.013 0.009 10.0168 10.1674 12.09 560 740 
0.347 2 10.00 10.00 1.3 1.2 0.011 0.011 10.0168 10.1674 12.04 590 760 
0.348 2 10.00 10.00 1.3 1.2 0.011 0.007 10.1674 10.1674 12.04 560 740 
0.349 2 10.00 10.00 1.3 1.3 0.007 0.009 10.0168 9.5230 12.04 570 740 
0.350 2 10.00 10.00 1.3 1.2 0.011 0.004 9.7991 10.4827 12.04 560 740 
0.351 2 10.00 10.00 1.3 1.2 0.007 0.016 9.7991 10.4827 12.04 560 730 
0.352 2 10.00 10.00 1.3 1.2 0.009 0.009 10.0168 9.5906 12.07 590 760 
0.353 2 10.00 10.00 1.3 1.2 0.013 0.011 9.5906 10.1674 12.07 560 740 
0.354 2 10.00 10.00 1.3 1.2 0.009 0.018 10.0168 9.7991 12.07 560 740 
0.355 2 10.00 10.00 1.3 1.2 0.011 0.011 10.0168 9.7991 12.07 570 730 
0.356 2 10.00 10.00 1.2 1.2 0.013 0.009 10.5646 10.4021 12.07 560 730 
0.357 2 10.00 10.00 1.3 1.3 0.018 0.009 10.0916 9.0756 12.13 590 760 
0.358 2 10.00 10.00 1.2 1.3 0.013 0.004 10.3227 9.0756 12.13 560 800 
0.359 2 10.00 10.00 1.2 1.2 0.011 0.009 10.3227 10.2445 12.13 560 800 
0.360 2 10.00 10.00 1.3 1.2 0.016 0.004 10.0168 10.2445 12.13 570 740 
0.361 2 10.00 10.00 1.3 1.2 0.011 0.007 10.1674 10.4827 12.13 560 740 
0.362 2 10.00 10.00 1.3 1.2 0.011 0.013 10.0168 10.3227 12.06 590 820 
0.363 2 10.00 10.00 1.3 1.3 0.013 0.013 10.0168 9.3908 12.06 570 800 
0.364 2 10.00 10.00 1.4 1.2 0.011 0.011 8.8384 10.2445 12.06 560 740 
0.365 2 10.00 10.00 1.3 1.3 0.007 0.013 9.9432 9.5906 12.06 560 740 
0.366 2 10.00 10.00 1.3 1.3 0.009 0.007 9.9432 9.5906 12.06 560 800 
0.367 2 10.00 10.00 1.2 1.2 0.011 0.009 10.6478 10.4827 12.02 590 820 
0.368 2 10.00 10.00 1.3 1.3 0.016 0.007 10.0168 9.4564 12.02 560 740 
0.369 2 10.00 10.00 1.3 1.2 0.013 0.009 9.3260 10.2445 12.02 560 740 
0.370 2 10.00 10.00 1.3 1.2 0.007 0.011 9.3260 10.2445 12.02 560 730 
0.371 2 10.00 10.00 1.3 1.3 0.007 0.007 10.0168 9.3260 12.02 560 740 
0.372 2 10.00 10.00 1.2 1.2 0.007 0.011 10.6478 10.4827 12.10 580 760 
0.373 2 10.00 10.00 1.3 1.2 0.011 0.007 10.0916 10.4827 12.10 570 740 
0.374 2 10.00 10.00 1.3 1.2 0.013 0.013 10.0916 10.4827 12.10 560 730 
0.375 2 10.00 10.00 1.3 1.2 0.011 0.013 9.5906 10.2445 12.10 560 740 
0.376 2 10.00 10.00 1.3 1.2 0.009 0.018 9.9432 9.5906 12.10 560 740 
0.377 2 10.00 10.00 1.3 1.2 0.009 0.009 9.7991 10.4827 12.09 590 760 
0.378 2 10.00 10.00 1.3 1.2 0.011 0.013 9.7991 10.4827 12.09 570 730 
0.379 2 10.00 10.00 1.3 1.2 0.011 0.009 10.0916 10.2445 12.09 560 740 
0.380 2 10.00 10.00 1.2 1.2 0.011 0.013 10.3227 10.2445 12.09 570 740 
0.381 2 10.00 10.00 1.3 1.2 0.011 0.011 10.0916 9.7286 12.09 560 800 
0.382 2 10.00 10.00 1.3 1.3 0.009 0.009 10.0916 9.3260 12.07 590 820 
0.383 2 10.00 10.00 1.3 1.2 0.011 0.009 9.9432 10.4021 12.07 560 740 
0.384 2 10.00 10.00 1.3 1.2 0.009 0.009 10.1674 10.0168 12.07 560 740 
0.385 2 10.00 10.00 1.3 1.2 0.009 0.011 9.9432 10.0168 12.07 570 740 
0.386 2 10.00 10.00 1.3 1.2 0.009 0.018 9.7286 10.1674 12.07 560 730 
0.387 2 10.00 10.00 1.3 1.3 0.009 0.016 10.1674 9.4564 12.09 590 760 
0.388 2 10.00 10.00 1.3 1.2 0.011 0.011 10.1674 10.4021 12.09 570 740 
0.389 2 10.00 10.00 1.3 1.2 0.016 0.009 10.1674 10.4021 12.09 560 800 
0.390 2 10.00 10.00 1.3 1.2 0.013 0.007 10.2445 9.7991 12.09 560 790 
0.391 2 10.00 10.00 1.3 1.2 0.011 0.009 9.6591 10.1674 12.09 560 740 
0.392 2 10.00 10.00 1.3 1.2 0.011 0.007 10.0916 9.7991 12.07 590 760 
0.393 2 10.00 10.00 1.3 1.2 0.009 0.007 10.0916 9.7991 12.07 560 730 
0.394 2 10.00 10.00 1.3 1.2 0.011 0.007 9.8706 10.3227 12.07 560 740 
0.395 2 10.00 10.00 1.3 1.2 0.011 0.013 10.1674 9.7286 12.07 570 740 
0.396 2 10.00 10.00 1.3 1.2 0.009 0.009 10.0168 10.1674 12.07 560 740 
0.397 2 10.00 10.00 1.3 1.2 0.009 0.018 10.0168 10.1674 12.07 590 750 
0.398 2 10.00 10.00 1.3 1.2 0.011 0.016 10.0916 9.9432 12.07 560 740 
0.399 2 10.00 10.00 1.3 1.2 0.016 0.013 10.0916 10.4021 12.07 560 740 
0.400 2 10.00 10.00 1.3 1.3 0.018 0.016 10.1674 9.3260 12.07 560 740 
0.401 4 20.00 20.00 2.3 2.3 0.016 0.009 10.1674 9.0756 12.07 560 730 
0.402 4 20.00 20.00 2.3 2.3 0.042 0.031 10.2445 10.3227 12.07 590 760 
0.403 4 20.00 20.00 2.4 2.2 0.069 0.078 10.1674 11.0842 12.07 560 730 
0.404 4 20.00 20.00 2.4 2.3 0.103 0.092 10.4021 10.9054 12.07 560 740 
0.405 4 20.00 20.00 2.5 2.4 0.118 0.098 10.4021 10.9054 12.07 560 790 
0.406 4 20.00 20.00 2.5 2.6 0.123 0.105 10.8182 9.3908 12.07 560 780 
0.407 4 20.00 20.00 2.6 2.5 0.125 0.109 10.9941 11.2689 11.93 580 760 
0.408 4 20.00 20.00 2.6 2.5 0.123 0.118 11.5579 11.0842 11.93 570 740 
0.409 4 20.00 20.00 2.6 2.5 0.121 0.127 11.4599 12.2934 11.93 560 740 
0.410 4 20.00 20.00 2.6 2.5 0.118 0.105 12.4061 12.4061 11.93 560 730 
0.411 4 20.00 20.00 2.6 2.5 0.129 0.107 12.7573 12.6380 11.93 560 730 
0.412 4 20.00 20.00 2.6 2.6 0.089 0.127 12.7573 12.4061 12.02 590 760 
0.413 4 20.00 20.00 2.7 2.7 0.109 0.129 12.5210 12.0738 12.02 560 740 
0.414 4 20.00 20.00 2.7 2.6 0.132 0.121 13.2575 13.5227 12.02 570 790 
0.415 4 20.00 20.00 2.7 2.7 0.127 0.114 13.0026 12.8788 12.02 560 790 
0.416 4 20.00 20.00 2.8 2.7 0.125 0.118 13.3888 13.3888 12.02 560 790 
0.417 4 20.00 20.00 2.7 2.7 0.123 0.116 14.0861 14.0861 12.02 590 820 
0.418 4 20.00 20.00 2.7 2.7 0.092 0.116 14.3858 13.5227 12.02 560 730 
0.419 4 20.00 20.00 2.7 2.7 0.083 0.100 14.8601 13.9409 12.02 570 740 
0.420 4 20.00 20.00 2.7 2.7 0.065 0.121 14.8601 14.5405 12.02 560 730 
0.421 4 20.00 20.00 2.8 2.7 0.096 0.123 15.0252 15.1940 12.02 560 730 
0.422 4 20.00 20.00 2.8 2.8 0.105 0.107 15.1940 14.8601 12.02 590 760 
0.423 4 20.00 20.00 2.9 2.7 0.105 0.103 14.5405 15.3667 12.02 560 730 
0.424 4 20.00 20.00 2.8 2.8 0.100 0.098 15.9091 15.3667 12.02 570 800 
0.425 4 20.00 20.00 2.8 2.7 0.085 0.092 16.0984 15.9091 12.02 560 800 
0.426 4 20.00 20.00 2.8 2.7 0.096 0.100 15.7241 16.2924 12.02 560 730 
0.427 4 20.00 20.00 2.8 2.8 0.080 0.087 16.0984 15.9091 12.02 590 760 
0.428 4 20.00 20.00 2.8 2.7 0.103 0.080 16.9034 16.6947 12.02 570 740 
0.429 4 20.00 20.00 2.8 2.7 0.096 0.094 16.4911 17.3368 12.02 560 740 
0.430 4 20.00 20.00 2.8 2.7 0.089 0.078 16.6947 17.1173 12.02 560 740 
0.431 4 20.00 20.00 2.8 2.7 0.094 0.078 16.6947 17.7930 12.02 570 740 
0.432 4 20.00 20.00 2.8 2.7 0.094 0.065 17.1173 18.0303 12.01 590 760 
0.433 4 20.00 20.00 2.8 2.7 0.069 0.069 17.7930 17.3368 12.01 560 730 
0.434 4 20.00 20.00 2.8 2.7 0.080 0.080 17.7930 18.2739 12.01 560 730 
0.435 4 20.00 20.00 2.8 2.7 0.087 0.067 18.0303 18.2739 12.01 560 740 
0.436 4 20.00 20.00 2.8 2.7 0.078 0.058 18.0303 18.2739 12.01 560 730 
0.437 4 20.00 20.00 2.8 2.6 0.071 0.067 18.2739 19.0460 12.04 590 760 
0.438 4 20.00 20.00 2.8 2.6 0.065 0.060 18.5242 19.3181 12.04 560 800 
0.439 4 20.00 20.00 2.7 2.6 0.054 0.062 18.7815 19.0460 12.04 560 800 
0.440 4 20.00 20.00 2.7 2.6 0.074 0.067 18.7815 19.3181 12.04 570 740 
0.441 4 20.00 20.00 2.7 2.6 0.071 0.045 19.0460 19.3181 12.04 560 730 
0.442 4 20.00 20.00 2.7 2.6 0.060 0.038 19.3181 19.3181 12.01 590 760 
0.443 4 20.00 20.00 2.7 2.7 0.040 0.040 19.3181 18.7815 12.01 560 740 
0.444 4 20.00 20.00 2.7 2.6 0.040 0.031 19.5981 19.5981 12.01 570 740 
0.445 4 20.00 20.00 2.7 2.5 0.045 0.042 19.5981 20.4889 12.01 570 790 
0.446 4 20.00 20.00 2.7 2.7 0.054 0.033 19.8863 18.7815 12.01 560 800 
0.447 4 20.00 20.00 2.7 2.6 0.047 0.033 19.8863 19.5981 12.09 590 830 
0.448 4 20.00 20.00 2.7 2.5 0.038 0.045 19.5981 20.1831 12.09 560 780 
0.449 4 20.00 20.00 2.7 2.5 0.036 0.040 19.8863 20.4889 12.09 570 780 
0.452 4 20.00 20.00 2.6 2.6 0.036 0.047 20.1831 19.8863 12.09 560 780 
0.452 4 20.00 20.00 2.7 2.5 0.045 0.029 19.8863 20.4889 12.09 560 720 
0.453 4 20.00 20.00 2.6 2.4 0.038 0.022 20.1831 21.1292 12.04 590 780 
0.454 4 20.00 20.00 2.6 2.6 0.029 0.029 20.8041 19.8863 12.04 560 780 
0.455 4 20.00 20.00 2.5 2.5 0.020 0.029 21.1292 20.8041 12.04 570 760 
0.456 4 20.00 20.00 2.5 2.4 0.018 0.020 21.1292 21.4646 12.04 560 750 
0.457 4 20.00 20.00 2.6 2.5 0.022 0.013 20.8041 20.8041 12.04 560 760 
0.458 4 20.00 20.00 2.6 2.5 0.016 0.004 20.1831 20.4889 12.04 590 790 
0.459 4 20.00 20.00 2.5 2.5 0.013 0.009 21.1292 20.4889 12.04 560 750 
0.460 4 20.00 20.00 2.6 2.4 0.013 0.007 20.1831 21.1292 12.04 560 750 
0.461 4 20.00 20.00 2.6 2.4 0.020 0.011 20.4889 21.4646 12.04 560 770 
0.462 4 20.00 20.00 2.5 2.3 0.031 0.007 21.1292 21.8108 12.04 560 760 
0.463 4 20.00 20.00 2.6 2.4 0.016 0.002 20.4889 21.1292 12.06 590 790 
0.464 4 20.00 20.00 2.5 2.3 0.016 0.007 20.8041 21.8108 12.06 570 760 
0.465 4 20.00 20.00 2.5 2.3 0.018 0.007 20.8041 21.8108 12.06 560 760 
0.466 4 20.00 20.00 2.5 2.3 0.013 0.007 21.1292 21.4646 12.06 560 750 
0.467 4 20.00 20.00 2.5 2.3 0.020 0.007 20.8041 21.4646 12.06 560 770 
0.468 4 20.00 20.00 2.5 2.4 0.016 0.007 20.8041 20.8041 12.06 590 780 
0.469 4 20.00 20.00 2.5 2.3 0.011 0.009 21.1292 21.4646 12.06 570 760 
0.470 4 20.00 20.00 2.5 2.3 0.004 0.013 21.1292 21.4646 12.06 570 750 
0.471 4 20.00 20.00 2.5 2.3 0.007 0.009 21.1292 21.1292 12.06 560 750 
0.472 4 20.00 20.00 2.5 2.3 0.020 0.002 20.8041 21.1292 12.06 560 750 
0.473 4 20.00 20.00 2.4 2.3 0.016 0.004 21.1292 21.1292 12.04 590 760 
0.474 4 20.00 20.00 2.4 2.2 0.007 0.004 21.1292 21.8108 12.04 570 760 
0.475 4 20.00 20.00 2.4 2.3 0.007 0.004 21.4646 21.1292 12.04 560 750 
0.476 4 20.00 20.00 2.4 2.2 0.009 0.009 21.4646 22.1684 12.04 560 760 
0.477 4 20.00 20.00 2.4 2.4 0.009 0.011 21.4646 20.1831 12.04 560 760 
0.478 4 20.00 20.00 2.4 2.3 0.007 0.007 21.1292 20.8041 12.04 590 780 
0.479 4 20.00 20.00 2.4 2.2 0.009 0.009 21.1292 21.4646 12.04 560 750 
0.480 4 20.00 20.00 2.4 2.2 0.007 0.007 21.1292 21.4646 12.04 560 750 
0.481 4 20.00 20.00 2.3 2.3 0.009 0.002 21.4646 20.8041 12.04 560 760 
0.482 4 20.00 20.00 2.4 2.2 0.011 0.009 21.1292 21.1292 12.04 560 740 
0.483 4 20.00 20.00 2.4 2.2 0.009 0.007 21.1292 21.4646 12.07 590 770 
0.484 4 20.00 20.00 2.4 2.2 0.004 0.007 21.1292 21.4646 12.07 560 750 
0.485 4 20.00 20.00 2.3 2.3 0.009 0.007 21.8108 20.1831 12.07 560 770 
0.486 4 20.00 20.00 2.3 2.2 0.009 0.004 21.8108 21.4646 12.07 560 760 
0.487 4 20.00 20.00 2.3 2.1 0.007 0.007 21.4646 21.8108 12.07 570 780 
0.488 4 20.00 20.00 2.3 2.2 0.009 0.011 21.4646 21.1292 12.06 590 780 
0.489 4 20.00 20.00 2.4 2.2 0.004 0.009 20.4889 20.8041 12.06 560 770 
0.490 4 20.00 20.00 2.3 2.2 0.009 0.007 21.4646 20.4889 12.06 560 770 
0.491 4 20.00 20.00 2.4 2.2 0.007 0.007 20.4889 20.4889 12.06 560 770 
0.492 4 20.00 20.00 2.3 2.1 0.007 0.007 20.8041 21.4646 12.06 560 770 
0.493 4 20.00 20.00 2.2 2.1 0.007 0.007 21.4646 21.8108 12.04 590 780 
0.494 4 20.00 20.00 2.3 2.1 0.007 0.004 20.8041 21.1292 12.04 560 750 
0.495 4 20.00 20.00 2.3 2.1 0.009 0.007 20.4889 21.4646 12.04 560 760 
0.496 4 20.00 20.00 2.3 2.1 0.007 0.002 20.8041 21.4646 12.04 570 770 
0.497 4 20.00 20.00 2.3 2.1 0.007 0.007 21.1292 21.1292 12.04 560 740 
0.498 4 20.00 20.00 2.3 2.1 0.009 0.009 20.8041 21.1292 12.09 590 780 
0.499 4 20.00 20.00 2.3 2.1 0.007 0.013 20.4889 20.8041 12.09 570 760 
0.500 4 20.00 20.00 2.3 2.1 0.007 0.009 20.8041 21.1292 12.09 560 760 
0.501 4 20.00 20.00 2.2 2.1 0.009 0.004 21.1292 21.1292 12.09 560 740 
0.502 4 20.00 20.00 2.3 2.1 0.009 0.007 20.8041 21.1292 12.09 570 750 
0.503 4 20.00 20.00 2.3 2.1 0.007 0.009 20.4889 20.8041 12.07 590 780 
0.504 4 20.00 20.00 2.3 2.1 0.004 0.013 20.8041 20.8041 12.07 560 760 
0.505 4 20.00 20.00 2.3 2.1 0.004 0.011 20.8041 21.1292 12.07 560 750 
0.506 4 20.00 20.00 2.2 2.1 0.009 0.007 20.8041 20.4889 12.07 560 760 
0.507 4 20.00 20.00 2.2 2.0 0.007 0.004 20.8041 21.4646 12.07 560 760 
0.508 4 20.00 20.00 2.2 2.2 0.007 0.011 20.8041 19.8863 12.06 590 800 
0.509 4 20.00 20.00 2.2 2.1 0.009 0.004 20.8041 20.4889 12.06 560 760 
0.510 4 20.00 20.00 2.2 2.1 0.009 0.011 20.8041 20.8041 12.06 560 760 
0.511 4 20.00 20.00 2.3 2.1 0.011 0.009 20.1831 20.8041 12.06 560 770 
0.512 4 20.00 20.00 2.2 2.1 0.007 0.007 20.8041 20.1831 12.06 560 760 
0.513 4 20.00 20.00 2.2 2.1 0.004 0.004 20.8041 20.8041 12.07 590 790 
0.514 4 20.00 20.00 2.2 2.1 0.007 0.004 20.8041 20.8041 12.07 560 760 
0.515 4 20.00 20.00 2.3 2.1 0.007 0.009 20.1831 20.4889 12.07 560 770 
0.516 4 20.00 20.00 2.2 2.1 0.011 0.004 21.1292 19.8863 12.07 560 770 
0.517 4 20.00 20.00 2.2 2.1 0.009 0.004 21.1292 20.4889 12.07 570 760 
0.518 4 20.00 20.00 2.2 2.0 0.009 0.004 20.8041 21.1292 12.02 590 770 
0.519 4 20.00 20.00 2.2 2.1 0.009 0.011 21.1292 20.1831 12.02 560 760 
0.520 4 20.00 20.00 2.3 2.1 0.009 0.009 19.5981 20.1831 12.02 560 780 
0.521 4 20.00 20.00 2.3 2.0 0.011 0.007 19.8863 20.8041 12.02 560 780 
0.522 4 20.00 20.00 2.2 2.1 0.011 0.007 20.8041 20.1831 12.02 560 760 
0.523 4 20.00 20.00 2.3 2.2 0.007 0.009 19.8863 19.5981 12.02 590 820 
0.524 4 20.00 20.00 2.2 2.0 0.007 0.004 20.8041 20.8041 12.02 560 760 
0.525 4 20.00 20.00 2.2 2.0 0.007 0.009 20.8041 20.8041 12.02 560 760 
0.526 4 20.00 20.00 2.2 2.0 0.011 0.009 20.1831 20.8041 12.02 560 760 
0.527 4 20.00 20.00 2.3 2.0 0.007 0.004 19.8863 20.8041 12.02 570 790 
0.528 4 20.00 20.00 2.2 2.1 0.007 0.007 20.4889 19.5981 12.06 590 800 
0.529 4 20.00 20.00 2.2 2.1 0.009 0.009 20.4889 20.1831 12.06 560 760 
0.530 4 20.00 20.00 2.2 2.1 0.004 0.011 20.4889 20.1831 12.06 560 760 
0.531 4 20.00 20.00 2.3 2.1 0.007 0.011 19.8863 19.8863 12.06 560 790 
0.532 4 20.00 20.00 2.2 2.1 0.007 0.009 20.1831 20.1831 12.06 560 760 
0.533 4 20.00 20.00 2.2 2.1 0.004 0.004 20.4889 20.1831 12.07 590 790 
0.534 4 20.00 20.00 2.2 2.0 0.007 0.004 20.1831 20.4889 12.07 570 760 
0.535 4 20.00 20.00 2.2 2.1 0.002 0.004 19.8863 20.1831 12.07 570 780 
0.536 4 20.00 20.00 2.2 2.1 0.002 0.007 20.1831 20.1831 12.07 560 760 
0.537 4 20.00 20.00 2.2 2.0 0.007 0.013 20.1831 20.4889 12.07 560 760 
0.538 4 20.00 20.00 2.2 2.1 0.009 0.007 20.1831 19.8863 12.02 590 800 
0.539 4 20.00 20.00 2.2 2.0 0.009 0.009 20.1831 20.8041 12.02 560 760 
0.540 4 20.00 20.00 2.2 2.3 0.007 0.009 20.1831 18.2739 12.02 560 780 
0.541 4 20.00 20.00 2.2 2.1 0.004 0.009 20.1831 19.5981 12.02 560 780 
0.542 4 20.00 20.00 2.2 2.1 0.009 0.009 20.1831 19.5981 12.02 570 790 
0.543 4 20.00 20.00 2.2 2.1 0.009 0.002 19.8863 20.1831 12.06 590 800 
0.544 4 20.00 20.00 2.2 2.0 0.007 0.009 20.1831 20.4889 12.06 560 770 
0.545 4 20.00 20.00 2.2 2.1 0.002 0.007 20.4889 20.1831 12.06 560 760 
0.546 4 20.00 20.00 2.2 2.1 0.009 0.007 19.8863 19.8863 12.06 560 800 
0.547 4 20.00 20.00 2.3 2.1 0.007 0.009 19.5981 19.8863 12.06 560 790 
0.548 4 20.00 20.00 2.2 2.0 0.009 0.007 19.8863 20.4889 12.04 590 810 
0.549 4 20.00 20.00 2.2 2.1 0.007 0.007 20.4889 19.8863 12.04 560 780 
0.550 4 20.00 20.00 2.2 2.1 0.009 0.007 20.4889 20.1831 12.04 560 760 
0.551 4 20.00 20.00 2.2 2.1 0.009 0.007 20.4889 19.5981 12.04 560 770 
0.552 4 20.00 20.00 2.2 2.1 0.007 0.007 20.1831 20.1831 12.04 560 760 
0.553 4 20.00 20.00 2.3 2.1 0.007 0.007 19.5981 20.1831 12.07 590 800 
0.554 4 20.00 20.00 2.2 2.1 0.009 0.004 20.4889 19.5981 12.07 560 780 
0.555 4 20.00 20.00 2.3 2.1 0.009 0.004 19.5981 19.8863 12.07 560 800 
0.556 4 20.00 20.00 2.2 2.1 0.007 0.007 19.8863 20.1831 12.07 560 780 
0.557 4 20.00 20.00 2.2 2.0 0.007 0.007 20.1831 20.4889 12.07 570 770 
0.558 4 20.00 20.00 2.2 2.1 0.004 0.007 19.8863 19.5981 12.06 590 820 
0.559 4 20.00 20.00 2.3 2.1 0.007 0.007 19.5981 20.1831 12.06 570 780 
0.560 4 20.00 20.00 2.2 2.0 0.007 0.007 19.8863 20.4889 12.06 560 780 
0.561 4 20.00 20.00 2.2 2.2 0.009 0.007 20.1831 19.3181 12.06 570 790 
0.562 4 20.00 20.00 2.2 2.1 0.007 0.011 19.8863 20.1831 12.06 560 780 
0.563 4 20.00 20.00 2.2 2.1 0.004 0.009 19.8863 20.1831 12.04 590 800 
0.564 4 20.00 20.00 2.2 2.1 0.007 0.007 19.8863 20.1831 12.04 560 780 
0.565 4 20.00 20.00 2.2 2.1 0.004 0.007 19.8863 19.8863 12.04 560 790 
0.566 4 20.00 20.00 2.3 2.1 0.007 0.007 19.5981 19.8863 12.04 570 790 
0.567 4 20.00 20.00 2.2 2.1 0.009 0.004 19.8863 20.1831 12.04 560 780 
0.568 4 20.00 20.00 2.2 2.1 0.013 0.007 19.8863 20.1831 12.06 590 800 
0.569 4 20.00 20.00 2.2 2.1 0.007 0.004 19.8863 19.8863 12.06 560 790 
0.570 4 20.00 20.00 2.2 2.1 0.007 0.009 19.8863 19.8863 12.06 560 800 
0.571 4 20.00 20.00 2.2 2.1 0.004 0.009 20.1831 19.5981 12.06 570 780 
0.572 4 20.00 20.00 2.2 2.0 0.007 0.009 20.1831 20.4889 12.06 560 770 
0.573 4 20.00 20.00 2.2 2.2 0.007 0.004 20.1831 19.0460 12.06 590 800 
0.574 4 20.00 20.00 2.2 2.1 0.009 0.009 20.1831 19.5981 12.06 570 780 
0.575 4 20.00 20.00 2.2 2.1 0.009 0.007 19.8863 20.1831 12.06 560 780 
0.576 4 20.00 20.00 2.3 2.1 0.011 0.007 19.5981 20.1831 12.06 560 790 
0.577 4 20.00 20.00 2.2 2.2 0.004 0.002 20.1831 19.3181 12.06 560 780 
0.578 4 20.00 20.00 2.2 2.1 0.007 0.007 19.8863 20.1831 12.06 590 800 
0.579 4 20.00 20.00 2.2 2.1 0.009 0.009 19.8863 19.8863 12.06 560 790 
0.580 4 20.00 20.00 2.3 2.1 0.007 0.009 19.5981 19.5981 12.06 560 790 
0.581 4 20.00 20.00 2.2 2.2 0.004 0.009 20.4889 19.0460 12.06 560 780 
0.582 4 20.00 20.00 2.2 2.2 0.009 0.007 20.1831 19.5981 12.06 560 780 
0.583 4 20.00 20.00 2.2 2.1 0.007 0.007 20.1831 19.8863 12.06 590 800 
0.584 4 20.00 20.00 2.2 2.2 0.009 0.004 20.1831 19.3181 12.06 570 790 
0.585 4 20.00 20.00 2.3 2.1 0.007 0.004 19.0460 19.8863 12.06 560 800 
0.586 4 20.00 20.00 2.3 2.1 0.007 0.011 19.3181 20.1831 12.06 560 780 
0.587 4 20.00 20.00 2.2 2.2 0.009 0.007 20.1831 19.3181 12.06 560 780 
0.588 4 20.00 20.00 2.3 2.2 0.004 0.011 19.3181 19.0460 12.06 590 820 
0.589 4 20.00 20.00 2.3 2.1 0.007 0.007 19.5981 19.8863 12.06 560 800 
0.590 4 20.00 20.00 2.2 2.1 0.009 0.004 20.1831 20.1831 12.06 560 760 
0.591 4 20.00 20.00 2.3 2.2 0.007 0.009 19.5981 19.5981 12.06 570 790 
0.592 4 20.00 20.00 2.3 2.1 0.009 0.004 19.5981 20.1831 12.06 570 780 
0.593 4 20.00 20.00 2.3 2.1 0.007 0.009 19.8863 20.1831 12.02 590 800 
0.594 4 20.00 20.00 2.2 2.2 0.007 0.007 20.1831 19.3181 12.02 560 780 
0.595 4 20.00 20.00 2.3 2.1 0.004 0.007 19.8863 20.1831 12.02 560 780 
0.596 4 20.00 20.00 2.3 2.1 0.004 0.007 19.5981 20.1831 12.02 560 780 
0.597 4 20.00 20.00 2.3 2.1 0.007 0.007 19.8863 20.1831 12.02 570 780 
0.598 4 20.00 20.00 2.3 2.1 0.009 0.004 19.8863 20.1831 12.07 600 810 
0.599 4 20.00 20.00 2.3 2.1 0.007 0.007 19.5981 19.8863 12.07 560 790 
0.600 4 20.00 20.00 2.3 2.1 0.009 0.004 19.8863 20.4889 12.07 560 790 
0.601 4 20.00 20.00 2.3 2.1 0.004 0.009 19.8863 20.1831 12.07 560 780 
0.602 4 20.00 20.00 2.3 2.1 0.007 0.009 19.8863 20.1831 12.07 560 790 
0.603 4 20.00 20.00 2.3 2.2 0.007 0.009 19.8863 19.3181 12.06 590 820 
0.604 4 20.00 20.00 2.2 2.1 0.009 0.004 20.1831 19.8863 12.06 560 780 
0.605 4 20.00 20.00 2.2 2.0 0.007 0.007 20.1831 20.8041 12.06 560 760 
0.606 4 20.00 20.00 2.2 2.2 0.004 0.011 20.1831 19.0460 12.06 560 780 
0.607 4 20.00 20.00 2.3 2.2 0.007 0.009 19.8863 19.3181 12.06 570 800 
0.608 4 20.00 20.00 2.3 2.1 0.004 0.007 19.8863 20.1831 12.04 590 800 
0.609 4 20.00 20.00 2.3 2.1 0.009 0.004 19.8863 20.1831 12.04 560 780 
0.610 4 20.00 20.00 2.2 2.2 0.009 0.009 20.1831 19.5981 12.04 560 780 
0.611 4 20.00 20.00 2.3 2.1 0.011 0.004 19.8863 20.1831 12.04 560 780 
0.612 4 20.00 20.00 2.3 2.1 0.009 0.007 19.8863 20.1831 12.04 560 780 
0.613 4 20.00 20.00 2.3 2.1 0.004 0.009 19.8863 19.8863 12.07 590 820 
0.614 4 20.00 20.00 2.2 2.2 0.009 0.007 20.4889 19.3181 12.07 560 780 
0.615 4 20.00 20.00 2.2 2.1 0.007 0.004 20.8041 19.8863 12.07 560 780 
0.616 4 20.00 20.00 2.2 2.1 0.007 0.007 20.4889 20.4889 12.07 560 760 
0.617 4 20.00 20.00 2.2 2.2 0.004 0.009 20.1831 19.5981 12.07 560 780 
0.618 4 20.00 20.00 2.3 2.2 0.007 0.007 19.0460 19.5981 12.06 590 820 
0.619 4 20.00 20.00 2.3 2.1 0.009 0.009 19.3181 20.1831 12.06 560 780 
0.620 4 20.00 20.00 2.2 2.1 0.009 0.007 20.1831 20.1831 12.06 560 760 
0.621 4 20.00 20.00 2.3 2.2 0.007 0.007 19.5981 19.3181 12.06 560 790 
0.622 4 20.00 20.00 2.2 2.1 0.009 0.007 20.4889 20.4889 12.06 560 760 
0.623 4 20.00 20.00 2.2 2.1 0.004 0.004 20.4889 20.4889 12.07 590 780 
0.624 4 20.00 20.00 2.3 2.1 0.007 0.013 19.8863 20.4889 12.07 570 780 
0.625 4 20.00 20.00 2.3 2.1 0.007 0.009 19.5981 20.4889 12.07 560 780 
0.626 4 20.00 20.00 2.2 2.2 0.007 0.007 20.1831 19.0460 12.07 560 780 
0.627 4 20.00 20.00 2.2 2.1 0.007 0.007 20.1831 20.1831 12.07 560 760 
0.628 4 20.00 20.00 2.3 2.1 0.009 0.007 19.8863 20.1831 11.99 590 800 
0.629 4 20.00 20.00 2.3 2.2 0.004 0.004 19.5981 19.5981 11.99 570 790 
0.630 4 20.00 20.00 2.3 2.1 0.004 0.004 19.8863 20.1831 11.99 560 790 
0.631 4 20.00 20.00 2.3 2.1 0.009 0.011 19.8863 20.4889 11.99 560 780 
0.632 4 20.00 20.00 2.3 2.1 0.009 0.007 19.5981 19.8863 11.99 560 800 
0.633 4 20.00 20.00 2.3 2.1 0.013 0.007 19.5981 19.8863 12.06 590 820 
0.634 4 20.00 20.00 2.3 2.1 0.011 0.007 19.8863 20.1831 12.06 570 790 
0.635 4 20.00 20.00 2.3 2.1 0.007 0.007 19.8863 20.4889 12.06 560 770 
0.636 4 20.00 20.00 2.3 2.2 0.007 0.007 19.8863 19.3181 12.06 560 800 
0.637 4 20.00 20.00 2.2 2.0 0.007 0.004 20.1831 20.8041 12.06 560 760 
0.638 4 20.00 20.00 2.2 2.0 0.009 0.007 20.1831 20.8041 12.07 600 790 
0.639 4 20.00 20.00 2.2 2.2 0.007 0.009 20.1831 19.5981 12.07 560 780 
0.640 4 20.00 20.00 2.2 2.2 0.007 0.007 20.1831 19.5981 12.07 570 780 
0.641 4 20.00 20.00 2.3 2.1 0.009 0.004 19.5981 20.4889 12.07 560 780 
0.642 4 20.00 20.00 2.3 2.1 0.007 0.007 19.8863 20.4889 12.07 560 770 
0.643 4 20.00 20.00 2.2 2.1 0.007 0.007 20.1831 20.4889 12.04 590 780 
0.644 4 20.00 20.00 2.3 2.1 0.011 0.007 19.8863 19.8863 12.04 570 790 
0.645 4 20.00 20.00 2.3 2.1 0.007 0.009 19.5981 19.8863 12.04 560 800 
0.646 4 20.00 20.00 2.3 2.1 0.007 0.009 19.8863 20.4889 12.04 570 780 
0.647 4 20.00 20.00 2.2 2.2 0.007 0.007 20.1831 19.3181 12.04 570 790 
0.648 4 20.00 20.00 2.2 2.1 0.004 0.007 20.8041 20.1831 12.01 590 780 
0.649 4 20.00 20.00 2.2 2.1 0.007 0.009 20.4889 20.4889 12.01 560 770 
0.652 4 20.00 20.00 2.2 2.1 0.009 0.004 20.1831 19.8863 12.01 560 780 
0.653 4 20.00 20.00 2.2 2.2 0.007 0.004 20.1831 19.5981 12.01 580 800 
0.654 4 20.00 20.00 2.3 2.2 0.009 0.002 19.3181 19.3181 12.01 570 800 
0.654 4 20.00 20.00 2.3 2.1 0.002 0.004 19.5981 20.1831 12.04 590 800 
0.655 4 20.00 20.00 2.2 2.1 0.011 0.009 20.4889 20.4889 12.04 560 760 
0.656 4 20.00 20.00 2.3 2.1 0.007 0.009 19.8863 19.8863 12.04 560 790 
0.657 4 20.00 20.00 2.3 2.1 0.007 0.007 19.8863 20.4889 12.04 560 780 
0.658 4 20.00 20.00 2.3 2.1 0.007 0.007 19.8863 20.4889 12.04 560 770 
0.659 4 20.00 20.00 2.2 2.2 0.007 0.007 20.1831 19.3181 12.04 590 800 
0.660 4 20.00 20.00 2.3 2.1 0.009 0.007 19.8863 20.1831 12.04 560 780 
0.661 4 20.00 20.00 2.2 2.1 0.009 0.007 20.1831 20.1831 12.04 560 760 
0.662 4 20.00 20.00 2.3 2.1 0.009 0.004 19.8863 20.1831 12.04 570 780 
0.663 4 20.00 20.00 2.3 2.1 0.007 0.004 19.8863 19.8863 12.04 560 790 
0.664 4 20.00 20.00 2.2 2.1 0.009 0.009 20.1831 19.8863 12.06 590 800 
0.665 4 20.00 20.00 2.3 2.1 0.009 0.004 19.8863 20.1831 12.06 570 780 
0.666 4 20.00 20.00 2.3 2.1 0.013 0.007 19.8863 19.8863 12.06 570 810 
0.667 4 20.00 20.00 2.2 2.1 0.007 0.007 20.1831 19.8863 12.06 570 780 
0.668 4 20.00 20.00 2.2 2.1 0.009 0.009 20.1831 20.1831 12.06 560 770 
0.669 4 20.00 20.00 2.2 2.1 0.007 0.007 20.1831 19.8863 12.06 590 800 
0.670 4 20.00 20.00 2.2 2.0 0.009 0.007 20.4889 20.8041 12.06 560 770 
0.671 4 20.00 20.00 2.2 2.2 0.004 0.009 20.1831 19.0460 12.06 560 780 
0.672 4 20.00 20.00 2.2 2.2 0.004 0.007 20.1831 19.5981 12.06 560 780 
0.673 4 20.00 20.00 2.2 2.1 0.002 0.009 20.1831 20.1831 12.06 560 760 
0.674 4 20.00 20.00 2.3 2.1 0.011 0.004 19.8863 20.1831 12.06 590 800 
0.675 4 20.00 20.00 2.2 2.2 0.007 0.007 20.4889 19.5981 12.06 570 780 
0.676 4 20.00 20.00 2.2 2.1 0.007 0.007 20.1831 20.1831 12.06 560 760 
0.677 4 20.00 20.00 2.2 2.1 0.007 0.002 20.1831 20.1831 12.06 570 760 
0.678 4 20.00 20.00 2.3 2.1 0.009 0.007 19.8863 19.8863 12.06 560 790 
0.679 4 20.00 20.00 2.2 2.2 0.007 0.004 20.4889 19.3181 12.04 590 810 
0.680 4 20.00 20.00 2.2 2.1 0.009 0.004 20.4889 19.8863 12.04 560 780 
0.681 4 20.00 20.00 2.2 2.1 0.009 0.007 20.4889 20.1831 12.04 560 770 
0.682 4 20.00 20.00 2.2 2.2 0.009 0.004 20.4889 19.5981 12.04 560 780 
0.683 4 20.00 20.00 2.3 2.1 0.009 0.004 19.3181 20.1831 12.04 560 790 
0.684 4 20.00 20.00 2.3 2.1 0.009 0.004 19.5981 20.1831 12.04 590 800 
0.685 4 20.00 20.00 2.2 2.2 0.009 0.007 20.1831 19.3181 12.04 560 780 
0.686 4 20.00 20.00 2.3 2.2 0.007 0.004 19.3181 19.3181 12.04 560 790 
0.687 4 20.00 20.00 2.3 2.1 0.007 0.004 19.5981 20.1831 12.04 560 780 
0.688 4 20.00 20.00 2.2 2.0 0.011 0.004 20.1831 20.8041 12.04 560 760 
0.689 4 20.00 20.00 2.3 2.1 0.009 0.009 19.5981 19.8863 12.06 590 820 
0.690 4 20.00 20.00 2.3 2.1 0.004 0.002 19.5981 20.4889 12.06 560 780 
0.691 4 20.00 20.00 2.3 2.1 0.007 0.004 19.8863 20.4889 12.06 560 780 
0.692 4 20.00 20.00 2.2 2.1 0.004 0.007 20.1831 20.1831 12.06 560 760 
0.693 4 20.00 20.00 2.3 2.1 0.009 0.009 19.8863 20.1831 12.06 560 770 
0.694 4 20.00 20.00 2.3 2.2 0.007 0.009 19.8863 19.5981 12.10 590 810 
0.695 4 20.00 20.00 2.3 2.1 0.002 0.009 19.8863 20.1831 12.10 570 780 
0.696 4 20.00 20.00 2.3 2.1 0.004 0.007 19.8863 20.4889 12.10 560 780 
0.697 4 20.00 20.00 2.3 2.1 0.007 0.004 19.5981 19.8863 12.10 570 790 
0.698 4 20.00 20.00 2.3 2.1 0.009 0.009 19.8863 20.1831 12.10 560 790 
0.699 4 20.00 20.00 2.3 2.1 0.011 0.009 19.8863 20.4889 12.04 590 800 
0.700 4 20.00 20.00 2.3 2.1 0.007 0.007 19.8863 20.1831 12.04 570 800 
0.701 4 20.00 20.00 2.3 2.2 0.009 0.009 19.8863 19.3181 12.04 560 800 
0.702 4 20.00 20.00 2.3 2.1 0.009 0.007 19.8863 19.8863 12.04 560 800 
0.703 4 20.00 20.00 2.2 2.0 0.009 0.007 20.1831 20.8041 12.04 560 760 
0.704 4 20.00 20.00 2.2 2.2 0.009 0.007 20.1831 19.0460 12.06 590 810 
0.705 4 20.00 20.00 2.2 2.2 0.007 0.007 20.1831 19.3181 12.06 560 770 
0.706 4 20.00 20.00 2.2 2.1 0.009 0.007 20.1831 20.1831 12.06 560 760 
0.707 4 20.00 20.00 2.3 2.1 0.007 0.011 19.8863 20.1831 12.06 560 780 
0.708 4 20.00 20.00 2.2 2.2 0.007 0.011 20.1831 19.5981 12.06 560 770 
0.709 4 20.00 20.00 2.3 2.1 0.007 0.007 19.8863 19.8863 12.06 590 820 
0.710 4 20.00 20.00 2.3 2.1 0.009 0.004 19.8863 19.8863 12.06 560 790 
0.711 4 20.00 20.00 2.3 2.1 0.007 0.004 19.5981 20.1831 12.06 570 780 
0.712 4 20.00 20.00 2.2 2.2 0.009 0.009 20.4889 19.0460 12.06 570 780 
0.713 4 20.00 20.00 2.2 2.2 0.009 0.004 20.4889 19.5981 12.06 570 790 
0.714 4 20.00 20.00 2.2 2.1 0.009 0.004 20.4889 20.4889 12.07 590 780 
0.715 4 20.00 20.00 2.2 2.2 0.007 0.007 20.4889 19.5981 12.07 560 790 
0.716 4 20.00 20.00 2.3 2.2 0.009 0.007 19.0460 19.5981 12.07 560 800 
0.717 4 20.00 20.00 2.3 2.1 0.007 0.007 19.5981 20.1831 12.07 560 780 
0.718 4 20.00 20.00 2.2 2.1 0.009 0.007 20.1831 19.8863 12.07 570 780 
0.719 4 20.00 20.00 2.3 2.2 0.007 0.007 19.3181 19.3181 12.06 590 820 
0.720 4 20.00 20.00 2.2 2.1 0.009 0.004 20.4889 20.4889 12.06 560 760 
0.721 4 20.00 20.00 2.2 2.1 0.009 0.009 20.1831 20.4889 12.06 560 760 
0.722 4 20.00 20.00 2.3 2.1 0.009 0.004 19.8863 20.4889 12.06 560 780 
0.723 4 20.00 20.00 2.3 2.1 0.009 0.004 19.5981 20.4889 12.06 560 780 
0.724 4 20.00 20.00 2.2 2.2 0.007 0.009 20.1831 19.5981 12.06 590 800 
0.725 4 20.00 20.00 2.2 2.1 0.004 0.004 20.1831 20.1831 12.06 560 760 
0.726 4 20.00 20.00 2.2 2.1 0.007 0.004 20.1831 20.4889 12.06 570 760 
0.727 4 20.00 20.00 2.3 2.2 0.007 0.009 19.8863 19.5981 12.06 560 790 
0.728 4 20.00 20.00 2.3 2.1 0.007 0.004 19.8863 20.1831 12.06 570 780 
0.729 4 20.00 20.00 2.2 2.1 0.007 0.009 20.1831 20.4889 12.06 590 780 
0.730 4 20.00 20.00 2.3 2.1 0.007 0.004 19.8863 19.8863 12.06 560 800 
0.731 4 20.00 20.00 2.3 2.1 0.011 0.009 19.8863 20.1831 12.06 560 770 
0.732 4 20.00 20.00 2.2 2.1 0.007 0.007 20.1831 20.1831 12.06 560 760 
0.733 4 20.00 20.00 2.2 2.1 0.009 0.009 20.1831 20.4889 12.06 560 760 
0.734 4 20.00 20.00 2.3 2.2 0.004 0.004 19.8863 19.3181 12.06 590 820 
0.735 4 20.00 20.00 2.2 2.0 0.007 0.007 20.1831 20.8041 12.06 560 760 
0.736 4 20.00 20.00 2.2 2.0 0.007 0.004 20.1831 20.8041 12.06 560 760 
0.737 4 20.00 20.00 2.2 2.2 0.007 0.011 20.1831 19.5981 12.06 560 780 
0.738 4 20.00 20.00 2.3 2.2 0.007 0.009 19.8863 19.5981 12.06 560 800 
0.739 4 20.00 20.00 2.3 2.1 0.004 0.009 19.5981 20.1831 12.06 590 800 
0.740 4 20.00 20.00 2.3 2.1 0.009 0.009 19.8863 20.1831 12.06 560 770 
0.741 4 20.00 20.00 2.2 2.1 0.007 0.007 20.1831 20.1831 12.06 560 760 
0.742 4 20.00 20.00 2.3 2.2 0.011 0.007 19.8863 19.5981 12.06 560 790 
0.743 4 20.00 20.00 2.3 2.2 0.009 0.007 19.8863 19.5981 12.06 570 800 
0.744 4 20.00 20.00 2.3 2.1 0.007 0.009 19.8863 20.1831 12.06 590 800 
0.745 4 20.00 20.00 2.2 2.2 0.004 0.011 20.4889 19.0460 12.06 560 790 
0.746 4 20.00 20.00 2.2 2.1 0.009 0.004 20.4889 19.8863 12.06 560 780 
0.747 4 20.00 20.00 2.2 2.1 0.007 0.007 20.4889 20.4889 12.06 570 770 
0.748 4 20.00 20.00 2.2 2.1 0.007 0.007 20.4889 19.8863 12.06 560 780 
0.749 4 20.00 20.00 2.3 2.2 0.004 0.009 19.0460 19.3181 12.06 590 820 
0.750 4 20.00 20.00 2.2 2.2 0.007 0.007 20.4889 19.3181 12.06 570 780 
0.751 4 20.00 20.00 2.2 2.1 0.004 0.002 20.4889 19.8863 12.06 570 790 
0.752 4 20.00 20.00 2.3 2.1 0.009 0.009 19.8863 20.1831 12.06 560 780 
0.753 4 20.00 20.00 2.2 2.1 0.009 0.007 20.4889 20.4889 12.06 560 760 
0.754 4 20.00 20.00 2.2 2.1 0.009 0.007 19.8863 19.8863 12.04 590 810 
0.755 4 20.00 20.00 2.3 2.1 0.009 0.009 19.8863 20.4889 12.04 560 770 
0.756 4 20.00 20.00 2.3 2.1 0.007 0.007 19.8863 20.4889 12.04 570 780 
0.757 4 20.00 20.00 2.2 2.2 0.007 0.004 20.1831 19.3181 12.04 560 780 
0.758 4 20.00 20.00 2.3 2.1 0.007 0.009 19.8863 20.1831 12.04 560 780 
0.759 4 20.00 20.00 2.2 2.1 0.007 0.011 20.1831 20.4889 12.06 590 780 
0.760 4 20.00 20.00 2.3 2.2 0.009 0.009 19.8863 19.5981 12.06 560 790 
0.761 4 20.00 20.00 2.3 2.1 0.007 0.007 19.8863 20.1831 12.06 560 770 
0.762 4 20.00 20.00 2.2 2.1 0.009 0.004 20.1831 20.1831 12.06 560 760 
0.763 4 20.00 20.00 2.3 2.1 0.004 0.002 19.8863 20.4889 12.06 560 780 
0.764 4 20.00 20.00 2.3 2.1 0.009 0.007 19.5981 19.8863 12.06 590 830 
0.765 4 20.00 20.00 2.3 2.1 0.009 0.007 19.8863 20.1831 12.06 560 780 
0.766 4 20.00 20.00 2.3 2.1 0.007 0.009 19.8863 20.4889 12.06 560 780 
0.767 4 20.00 20.00 2.3 2.1 0.009 0.007 19.8863 19.8863 12.06 560 790 
0.768 4 20.00 20.00 2.2 2.0 0.009 0.007 20.1831 20.8041 12.06 560 770 
0.769 4 20.00 20.00 2.2 2.2 0.007 0.009 20.1831 19.0460 12.06 590 800 
0.770 4 20.00 20.00 2.2 2.1 0.007 0.007 20.1831 19.8863 12.06 560 770 
0.771 4 20.00 20.00 2.2 2.1 0.007 0.009 20.1831 20.4889 12.06 570 760 
0.772 4 20.00 20.00 2.3 2.1 0.009 0.009 19.5981 20.4889 12.06 560 780 
0.773 4 20.00 20.00 2.2 2.1 0.007 0.004 20.1831 19.8863 12.06 570 780 
0.774 4 20.00 20.00 2.2 2.1 0.007 0.004 20.1831 20.1831 12.04 590 780 
0.775 4 20.00 20.00 2.3 2.1 0.009 0.013 19.8863 20.1831 12.04 570 780 
0.776 4 20.00 20.00 2.3 2.1 0.009 0.004 19.5981 19.8863 12.04 560 790 
0.777 4 20.00 20.00 2.3 2.1 0.009 0.009 19.8863 19.5981 12.04 560 800 
0.778 4 20.00 20.00 2.2 2.1 0.009 0.007 20.4889 19.8863 12.04 560 780 
0.779 4 20.00 20.00 2.2 2.1 0.007 0.002 20.4889 20.1831 12.06 590 790 
0.780 4 20.00 20.00 2.2 2.2 0.009 0.007 20.4889 19.5981 12.06 560 780 
0.781 4 20.00 20.00 2.2 2.1 0.007 0.013 20.4889 20.1831 12.06 560 760 
0.782 4 20.00 20.00 2.3 2.1 0.007 0.002 19.3181 20.1831 12.06 570 780 
0.783 4 20.00 20.00 2.2 2.2 0.009 0.007 20.1831 19.3181 12.06 560 780 
0.784 4 20.00 20.00 2.3 2.2 0.007 0.002 19.3181 19.0460 12.04 590 810 
0.785 4 20.00 20.00 2.3 2.1 0.009 0.002 19.5981 19.8863 12.04 570 800 
0.786 4 20.00 20.00 2.2 2.1 0.009 0.009 20.1831 20.1831 12.04 560 760 
0.787 4 20.00 20.00 2.3 2.2 0.007 0.009 19.5981 19.5981 12.04 560 790 
0.788 4 20.00 20.00 2.3 2.1 0.004 0.002 19.5981 20.4889 12.04 570 780 
0.789 4 20.00 20.00 2.3 2.1 0.007 0.002 19.8863 20.4889 12.04 590 800 
0.790 4 20.00 20.00 2.2 2.2 0.011 0.004 20.1831 19.3181 12.04 560 780 
0.791 4 20.00 20.00 2.3 2.1 0.009 0.009 19.8863 20.1831 12.04 570 780 
0.792 4 20.00 20.00 2.3 2.1 0.007 0.013 19.8863 20.1831 12.04 570 780 
0.793 4 20.00 20.00 2.3 2.1 0.007 0.011 19.8863 20.1831 12.04 560 770 
0.794 4 20.00 20.00 2.3 2.1 0.009 0.004 19.8863 19.8863 12.06 590 820 
0.795 4 20.00 20.00 2.3 2.1 0.007 0.007 19.8863 19.8863 12.06 560 790 
0.796 4 20.00 20.00 2.3 2.1 0.011 0.007 19.8863 20.1831 12.06 560 780 
0.797 4 20.00 20.00 2.2 2.1 0.009 0.004 20.1831 20.1831 12.06 560 760 
0.798 4 20.00 20.00 2.2 2.1 0.011 0.004 20.1831 19.8863 12.06 570 790 
0.799 4 20.00 20.00 2.2 2.2 0.007 0.013 20.1831 19.3181 12.06 590 800 
0.800 4 20.00 20.00 2.2 2.1 0.009 0.009 20.1831 19.8863 12.06 560 780 
0.801 4 20.00 20.00 2.2 2.0 0.007 0.004 20.1831 20.8041 12.06 560 760 
0.802 4 20.00 20.00 2.2 2.2 0.007 0.004 20.1831 19.0460 12.06 560 780 
0.803 4 20.00 20.00 2.2 2.2 0.007 0.007 20.1831 19.0460 12.06 560 780 
0.804 4 20.00 20.00 2.2 2.1 0.007 0.007 20.1831 20.1831 12.06 590 780 
0.805 4 20.00 20.00 2.3 2.1 0.009 0.004 19.8863 20.4889 12.06 560 780 
0.806 4 20.00 20.00 2.2 2.2 0.009 0.007 20.1831 19.5981 12.06 560 770 
0.807 4 20.00 20.00 2.3 2.1 0.007 0.004 19.8863 20.1831 12.06 570 790 
0.808 4 20.00 20.00 2.3 2.1 0.009 0.002 19.8863 20.1831 12.06 560 780 
0.809 4 20.00 20.00 2.3 2.1 0.007 0.007 19.5981 20.1831 12.06 590 800 
0.810 4 20.00 20.00 2.2 2.2 0.007 0.013 20.4889 19.3181 12.06 570 780 
0.811 4 20.00 20.00 2.2 2.1 0.009 0.009 20.4889 19.8863 12.06 560 790 
0.812 4 20.00 20.00 2.2 2.0 0.009 0.011 20.4889 20.8041 12.06 560 770 
0.813 4 20.00 20.00 2.2 2.1 0.007 0.007 20.4889 19.8863 12.06 570 800 
0.814 4 20.00 20.00 2.3 2.1 0.007 0.007 19.0460 19.8863 12.06 590 820 
0.815 4 20.00 20.00 2.3 2.1 0.009 0.004 19.5981 20.4889 12.06 560 780 
0.816 4 20.00 20.00 2.2 2.1 0.009 0.004 20.4889 20.1831 12.06 560 760 
0.817 4 20.00 20.00 2.3 2.2 0.009 0.004 19.5981 19.3181 12.06 570 800 
0.818 4 20.00 20.00 2.2 2.0 0.004 0.009 20.4889 20.8041 12.06 560 760 
0.819 4 20.00 20.00 2.2 2.0 0.011 0.007 20.1831 20.8041 12.07 590 790 
0.820 4 20.00 20.00 2.2 2.1 0.009 0.011 19.8863 20.4889 12.07 560 780 
0.821 4 20.00 20.00 2.3 2.1 0.007 0.007 19.5981 20.4889 12.07 560 770 
0.822 4 20.00 20.00 2.2 2.2 0.007 0.004 20.1831 19.5981 12.07 560 780 
0.823 4 20.00 20.00 2.2 2.1 0.004 0.007 20.1831 20.1831 12.07 560 760 
0.824 4 20.00 20.00 2.2 2.1 0.004 0.007 20.1831 20.4889 12.06 590 790 
0.825 4 20.00 20.00 2.3 2.1 0.007 0.002 19.5981 19.8863 12.06 560 790 
0.826 4 20.00 20.00 2.2 2.1 0.007 0.004 19.8863 20.1831 12.06 560 790 
0.827 4 20.00 20.00 2.2 2.1 0.007 0.004 19.8863 20.4889 12.06 560 780 
0.828 4 20.00 20.00 2.3 2.1 0.009 0.004 19.5981 20.1831 12.06 560 790 
0.829 4 20.00 20.00 2.3 2.1 0.013 0.009 19.5981 20.1831 12.06 590 800 
0.830 4 20.00 20.00 2.3 2.1 0.007 0.009 19.8863 20.4889 12.06 570 790 
0.831 4 20.00 20.00 2.3 2.0 0.007 0.007 19.8863 20.4889 12.06 560 770 
0.832 4 20.00 20.00 2.3 2.2 0.007 0.011 19.8863 19.3181 12.06 560 800 
0.833 4 20.00 20.00 2.2 2.0 0.007 0.009 20.1831 20.8041 12.06 560 760 
0.834 4 20.00 20.00 2.2 2.0 0.004 0.007 20.1831 20.8041 12.06 590 790 
0.835 4 20.00 20.00 2.2 2.1 0.004 0.011 20.1831 19.5981 12.06 560 780 
0.836 4 20.00 20.00 2.2 2.2 0.007 0.004 20.1831 19.3181 12.06 560 780 
0.837 4 20.00 20.00 2.3 2.1 0.009 0.004 19.5981 20.1831 12.06 570 780 
0.838 4 20.00 20.00 2.3 2.1 0.009 0.011 19.8863 20.1831 12.06 560 780 
0.839 4 20.00 20.00 2.2 2.1 0.007 0.009 20.1831 19.8863 12.06 590 800 
0.840 4 20.00 20.00 2.3 2.1 0.009 0.007 19.8863 19.5981 12.06 560 790 
0.841 4 20.00 20.00 2.3 2.1 0.009 0.007 19.8863 19.8863 12.06 560 800 
0.842 4 20.00 20.00 2.3 2.1 0.007 0.011 19.8863 20.1831 12.06 560 780 
0.843 4 20.00 20.00 2.2 2.2 0.007 0.004 20.4889 19.0460 12.06 560 790 
0.844 4 20.00 20.00 2.2 2.1 0.007 0.007 20.8041 19.8863 12.06 590 800 
0.845 4 20.00 20.00 2.2 2.1 0.009 0.004 20.4889 20.4889 12.06 570 770 
0.846 4 20.00 20.00 2.2 2.1 0.009 0.009 20.1831 19.8863 12.06 560 780 
0.847 4 20.00 20.00 2.3 2.1 0.007 0.009 19.0460 19.5981 12.06 570 790 
0.848 4 20.00 20.00 2.2 2.2 0.009 0.009 20.1831 19.3181 12.06 570 780 
0.849 4 20.00 20.00 2.2 2.1 0.007 0.009 20.1831 19.8863 12.06 590 800 
0.850 4 20.00 20.00 2.3 2.2 0.004 0.007 19.5981 19.3181 12.06 560 790 
0.851 4 20.00 20.00 2.2 2.1 0.004 0.004 20.1831 20.4889 12.06 570 770 
0.852 4 20.00 20.00 2.3 2.1 0.009 0.007 19.5981 20.4889 12.06 560 780 
0.853 4 20.00 20.00 2.3 2.1 0.009 0.009 19.5981 20.1831 12.06 560 780 
0.854 4 20.00 20.00 2.3 2.1 0.002 0.011 19.8863 20.4889 12.06 590 800 
0.855 4 20.00 20.00 2.2 2.2 0.009 0.004 20.1831 19.3181 12.06 570 780 
0.856 4 20.00 20.00 2.3 2.1 0.007 0.011 19.8863 20.1831 12.06 570 790 
0.857 4 20.00 20.00 2.3 2.1 0.009 0.009 19.8863 20.1831 12.06 560 780 
0.858 4 20.00 20.00 2.3 2.1 0.007 0.002 19.5981 19.5981 12.06 560 800 
0.859 4 20.00 20.00 2.3 2.1 0.007 0.007 19.8863 20.1831 12.06 590 800 
0.860 4 20.00 20.00 2.3 2.1 0.009 0.009 19.8863 20.1831 12.06 560 780 
0.861 4 20.00 20.00 2.3 2.1 0.002 0.002 19.8863 20.4889 12.06 560 780 
0.862 4 20.00 20.00 2.3 2.1 0.013 0.009 19.8863 19.8863 12.06 560 790 
0.863 4 20.00 20.00 2.2 2.1 0.007 0.018 20.1831 19.8863 12.06 560 770 
0.864 4 20.00 20.00 2.2 2.1 0.007 0.011 20.1831 20.4889 12.04 590 780 
0.865 4 20.00 20.00 2.2 2.1 0.007 0.004 20.1831 19.8863 12.04 570 780 
0.866 4 20.00 20.00 2.2 2.0 0.007 0.002 20.1831 20.8041 12.04 570 760 
0.867 4 20.00 20.00 2.2 2.3 0.007 0.009 20.1831 17.7930 12.04 570 780 
0.868 4 20.00 20.00 2.2 2.2 0.007 0.011 20.1831 19.5981 12.04 560 770 
0.869 4 20.00 20.00 2.2 2.2 0.009 0.009 20.1831 19.5981 12.06 590 800 
0.870 4 20.00 20.00 2.3 2.1 0.009 0.004 19.8863 20.1831 12.06 560 780 
0.871 4 20.00 20.00 2.2 2.1 0.004 0.004 20.4889 20.4889 12.06 570 770 
0.872 4 20.00 20.00 2.2 2.1 0.007 0.004 20.4889 20.1831 12.06 560 760 
0.873 4 20.00 20.00 2.2 2.1 0.009 0.007 19.8863 19.8863 12.06 560 800 
0.874 4 20.00 20.00 2.2 2.1 0.007 0.009 19.8863 19.8863 12.06 590 820 
0.875 4 20.00 20.00 2.2 2.1 0.009 0.007 19.8863 20.4889 12.06 560 790 
0.876 4 20.00 20.00 2.2 2.1 0.007 0.016 20.4889 19.8863 12.06 560 780 
0.877 4 20.00 20.00 2.2 2.1 0.007 0.009 20.4889 20.1831 12.06 560 770 
0.878 4 20.00 20.00 2.2 2.1 0.009 0.004 20.4889 19.5981 12.06 560 780 
0.879 4 20.00 20.00 2.2 2.1 0.007 0.013 20.1831 20.1831 12.06 590 780 
0.880 4 20.00 20.00 2.3 2.1 0.009 0.011 19.5981 20.1831 12.06 570 780 
0.881 4 20.00 20.00 2.2 2.1 0.007 0.011 20.4889 19.5981 12.06 560 780 
0.882 4 20.00 20.00 2.3 2.2 0.007 0.007 19.5981 19.0460 12.06 560 800 
0.883 4 20.00 20.00 2.2 2.1 0.007 0.007 19.8863 20.1831 12.06 570 790 
0.884 4 20.00 20.00 2.2 2.1 0.009 0.009 20.1831 20.4889 12.06 590 780 
0.885 4 20.00 20.00 2.2 2.1 0.007 0.013 19.8863 19.8863 12.06 560 790 
0.886 4 20.00 20.00 2.3 2.1 0.009 0.004 19.5981 20.4889 12.06 560 780 
0.887 4 20.00 20.00 2.2 2.1 0.004 0.004 19.8863 20.4889 12.06 560 780 
0.888 4 20.00 20.00 2.2 2.2 0.007 0.011 20.1831 19.3181 12.06 570 790 
0.889 4 20.00 20.00 2.2 2.1 0.007 0.004 19.8863 20.1831 12.06 590 800 
0.890 4 20.00 20.00 2.3 2.1 0.007 0.013 19.5981 20.1831 12.06 560 790 
0.891 4 20.00 20.00 2.2 2.1 0.007 0.004 19.8863 20.1831 12.06 570 790 
0.892 4 20.00 20.00 2.2 2.1 0.009 0.007 19.8863 19.8863 12.06 560 800 
0.893 4 20.00 20.00 2.3 2.1 0.007 0.007 19.5981 19.8863 12.06 560 800 
0.894 4 20.00 20.00 2.3 2.1 0.009 0.009 19.8863 20.4889 12.06 590 810 
0.895 4 20.00 20.00 2.3 2.1 0.009 0.007 19.8863 20.1831 12.06 560 780 
0.896 4 20.00 20.00 2.3 2.1 0.004 0.004 19.8863 19.8863 12.06 560 800 
0.897 4 20.00 20.00 2.3 2.2 0.009 0.011 19.8863 19.3181 12.06 560 790 
0.898 4 20.00 20.00 2.2 2.1 0.004 0.004 20.1831 19.8863 12.06 570 790 
0.899 4 20.00 20.00 2.2 2.0 0.004 0.007 20.1831 20.8041 12.06 590 780 
0.900 4 20.00 20.00 2.2 2.2 0.004 0.000 20.1831 19.0460 12.06 560 770 
0.901 4 20.00 20.00 2.3 2.2 0.007 0.009 19.8863 19.5981 12.06 560 800 
0.902 4 20.00 20.00 2.3 2.1 0.009 0.009 19.8863 20.1831 12.06 560 780 
0.903 4 20.00 20.00 2.3 2.1 0.007 0.009 19.8863 20.4889 12.06 570 780 
0.904 4 20.00 20.00 2.2 2.2 0.009 0.007 20.1831 19.5981 12.06 590 800 
0.905 4 20.00 20.00 2.3 2.1 0.009 0.004 19.8863 20.1831 12.06 570 790 
0.906 4 20.00 20.00 2.2 2.1 0.007 0.004 20.1831 20.1831 12.06 560 760 
0.907 4 20.00 20.00 2.3 2.1 0.004 0.009 19.5981 19.8863 12.06 560 800 
0.908 4 20.00 20.00 2.2 2.2 0.009 0.004 20.4889 19.3181 12.06 560 770 
0.909 4 20.00 20.00 2.2 2.1 0.011 0.004 20.8041 19.8863 12.06 600 820 
0.910 4 20.00 20.00 2.2 2.0 0.009 0.004 20.4889 20.8041 12.06 560 770 
0.911 4 20.00 20.00 2.2 2.2 0.009 0.007 20.4889 19.5981 12.06 570 800 
0.912 4 20.00 20.00 2.3 2.2 0.007 0.013 19.0460 19.5981 12.06 560 800 
0.913 4 20.00 20.00 2.3 2.1 0.009 0.007 19.5981 20.4889 12.06 560 780 
0.914 4 20.00 20.00 2.2 2.1 0.007 0.007 20.4889 19.8863 12.06 590 800 
0.915 4 20.00 20.00 2.3 2.2 0.007 0.004 19.5981 19.3181 12.06 570 800 
0.916 4 20.00 20.00 2.2 2.1 0.007 0.009 20.4889 20.4889 12.06 560 760 
0.917 4 20.00 20.00 2.2 2.1 0.004 0.007 20.4889 20.4889 12.06 570 770 
0.918 4 20.00 20.00 2.2 2.1 0.009 0.011 19.8863 20.4889 12.06 560 780 
0.919 4 20.00 20.00 2.3 2.1 0.004 0.007 19.5981 20.4889 12.06 590 800 
0.920 4 20.00 20.00 2.2 2.2 0.004 0.007 20.1831 19.3181 12.06 560 780 
0.921 4 20.00 20.00 2.2 2.1 0.007 0.004 20.1831 20.1831 12.06 560 760 
0.922 4 20.00 20.00 2.2 2.1 0.007 0.009 19.8863 20.1831 12.06 570 780 
0.923 4 20.00 20.00 2.3 2.1 0.007 0.007 19.5981 19.5981 12.06 560 790 
0.924 4 20.00 20.00 2.2 2.1 0.009 0.007 19.8863 20.1831 12.07 590 800 
0.925 4 20.00 20.00 2.2 2.1 0.009 0.002 20.1831 20.1831 12.07 570 760 
0.926 4 20.00 20.00 2.3 2.1 0.007 0.009 19.5981 19.8863 12.07 560 800 
0.927 4 20.00 20.00 2.3 2.1 0.011 0.007 19.5981 19.8863 12.07 560 800 
0.928 4 20.00 20.00 2.3 2.1 0.011 0.016 19.8863 20.1831 12.07 560 780 
0.929 4 20.00 20.00 2.3 2.1 0.007 0.007 19.8863 20.4889 12.06 590 800 
0.930 4 20.00 20.00 2.3 2.2 0.007 0.007 19.8863 19.3181 12.06 570 800 
0.931 4 20.00 20.00 2.2 2.0 0.007 0.007 20.1831 20.8041 12.06 560 760 
0.932 4 20.00 20.00 2.2 2.0 0.007 0.007 20.1831 20.8041 12.06 560 760 
0.933 4 20.00 20.00 2.2 2.1 0.007 0.009 20.1831 19.5981 12.06 560 770 
0.934 4 20.00 20.00 2.2 2.1 0.009 0.009 20.1831 19.5981 12.07 590 800 
0.935 4 20.00 20.00 2.3 2.1 0.009 0.007 19.5981 20.1831 12.07 560 780 
0.936 4 20.00 20.00 2.3 2.1 0.007 0.002 19.8863 20.1831 12.07 560 780 
0.937 4 20.00 20.00 2.2 2.1 0.004 0.002 20.1831 20.1831 12.07 570 760 
0.938 4 20.00 20.00 2.2 2.1 0.007 0.009 19.8863 19.8863 12.07 560 790 
0.939 4 20.00 20.00 2.3 2.1 0.007 0.004 19.8863 19.8863 12.06 590 820 
0.940 4 20.00 20.00 2.3 2.1 0.009 0.007 19.8863 20.4889 12.06 560 780 
0.941 4 20.00 20.00 2.2 2.2 0.007 0.007 20.4889 19.3181 12.06 570 780 
0.942 4 20.00 20.00 2.2 2.1 0.007 0.004 20.4889 20.1831 12.06 560 760 
0.943 4 20.00 20.00 2.2 2.1 0.009 0.007 20.4889 20.4889 12.06 560 760 
0.944 4 20.00 20.00 2.2 2.1 0.004 0.004 20.1831 19.8863 12.06 590 800 
0.945 4 20.00 20.00 2.3 2.1 0.009 0.011 19.0460 19.5981 12.06 560 800 
0.946 4 20.00 20.00 2.2 2.2 0.007 0.007 20.4889 19.3181 12.06 560 780 
0.947 4 20.00 20.00 2.2 2.1 0.007 0.009 20.1831 19.8863 12.06 560 780 
0.948 4 20.00 20.00 2.2 2.1 0.007 0.007 19.8863 19.8863 12.06 560 790 
0.949 4 20.00 20.00 2.2 2.1 0.009 0.004 20.4889 20.4889 12.06 590 780 
0.950 4 20.00 20.00 2.2 2.1 0.007 0.007 19.8863 19.8863 12.06 560 790 
0.951 4 20.00 20.00 2.2 2.1 0.009 0.004 19.8863 20.1831 12.06 560 780 
0.952 4 20.00 20.00 2.2 2.1 0.007 0.002 19.8863 20.4889 12.06 570 780 
0.953 4 20.00 20.00 2.2 2.2 0.007 0.007 20.1831 19.3181 12.06 560 780 
0.954 4 20.00 20.00 2.2 2.1 0.004 0.007 19.8863 20.1831 12.06 590 800 
0.955 4 20.00 20.00 2.2 2.1 0.004 0.011 19.8863 20.1831 12.06 570 780 
0.956 4 20.00 20.00 2.3 2.1 0.004 0.002 19.5981 19.5981 12.06 560 800 
0.957 4 20.00 20.00 2.2 2.1 0.007 0.004 19.8863 19.8863 12.06 560 800 
0.958 4 20.00 20.00 2.2 2.1 0.009 0.004 20.1831 20.1831 12.06 570 770 
0.959 4 20.00 20.00 2.2 2.1 0.004 0.004 19.8863 20.1831 12.06 590 800 
0.960 4 20.00 20.00 2.2 2.1 0.013 0.007 19.8863 19.8863 12.06 560 800 
0.961 4 20.00 20.00 2.2 2.1 0.007 0.007 20.1831 20.1831 12.06 560 760 
0.962 4 20.00 20.00 2.2 2.1 0.007 0.009 20.1831 20.4889 12.06 560 760 
0.963 4 20.00 20.00 2.2 2.1 0.009 0.007 20.1831 19.8863 12.06 560 770 
0.964 4 20.00 20.00 2.2 2.0 0.007 0.007 20.1831 20.8041 12.06 590 780 
0.965 4 20.00 20.00 2.2 2.2 0.009 0.009 20.1831 19.0460 12.06 560 780 
0.966 4 20.00 20.00 2.2 2.1 0.004 0.011 20.1831 19.8863 12.06 560 770 
0.967 4 20.00 20.00 2.2 2.1 0.007 0.004 20.1831 20.1831 12.06 570 760 
0.968 4 20.00 20.00 2.3 2.1 0.009 0.009 19.5981 20.1831 12.06 560 780 
0.969 4 20.00 20.00 2.2 2.1 0.007 0.004 20.1831 19.5981 12.06 590 800 
0.970 4 20.00 20.00 2.2 2.1 0.007 0.011 20.1831 20.1831 12.06 560 760 
0.971 4 20.00 20.00 2.2 2.1 0.009 0.002 19.8863 20.1831 12.06 560 790 
0.972 4 20.00 20.00 2.3 2.1 0.007 0.011 19.5981 19.8863 12.06 560 800 
0.973 4 20.00 20.00 2.2 2.1 0.009 0.004 19.8863 20.1831 12.06 560 780 
