%  1    time 0.001 sec
%  2    mission (0) state 2
%  3  4 Motor velocity ref left, right: 2.00 2.00
%  5  6 Motor voltage [V] left, right: 2.0 2.0
%  7  8 Motor current left, right [A]: 0.029 0.033
%  9 10 Wheel velocity [r/s] left, right: 0.0000 0.0000
% 11    Battery voltage [V]: 11.80
% 12 13 Get data time [us]: 590 +ctrl 670
0.003 2 2.00 2.00 2.0 2.0 0.163 0.156 0.0000 0.0000 11.80 560 650 
0.005 2 2.00 2.00 2.0 2.0 0.188 0.179 0.0000 0.0000 11.80 570 650 
0.007 2 2.00 2.00 2.0 2.0 0.183 0.165 0.0000 0.0000 11.71 560 710 
0.009 2 2.00 2.00 2.0 2.0 0.172 0.172 0.0000 0.0000 11.71 570 650 
0.011 2 2.00 2.00 2.0 2.0 0.163 0.176 3.4235 2.6309 11.74 590 810 
0.013 2 2.00 2.00 2.0 2.0 0.147 0.170 3.4235 2.6309 11.74 560 790 
0.015 2 2.00 2.00 2.0 2.0 0.143 0.156 4.5531 2.6309 11.74 560 860 
0.017 2 2.00 2.00 2.0 2.0 0.145 0.154 4.4629 2.8055 11.74 560 860 
0.019 2 2.00 2.00 2.0 2.0 0.152 0.154 4.3622 2.8055 11.74 560 840 
0.021 2 2.00 2.00 2.0 2.0 0.154 0.158 3.8200 3.1015 11.74 590 870 
0.023 2 2.00 2.00 2.0 2.0 0.147 0.152 3.8200 3.1015 11.74 560 840 
0.025 2 2.00 2.00 2.0 2.0 0.141 0.147 3.4674 3.4148 11.74 570 860 
0.027 2 2.00 2.00 2.0 2.0 0.132 0.138 3.4674 4.4629 11.75 560 850 
0.029 2 2.00 2.00 2.0 2.0 0.125 0.114 3.0117 4.4629 11.75 560 790 
0.031 2 2.00 2.00 2.0 2.0 0.163 0.114 2.7319 4.1996 11.75 590 810 
0.033 2 2.00 2.00 2.0 2.0 0.190 0.125 2.7319 4.1996 11.75 560 850 
0.035 2 2.00 2.00 2.0 2.0 0.129 0.152 2.4365 4.1996 11.75 570 850 
0.037 2 2.00 2.00 2.0 2.0 0.158 0.167 1.9712 3.2902 11.74 560 860 
0.039 2 2.00 2.00 2.0 2.0 0.181 0.170 1.9712 3.2506 11.74 560 840 
0.041 2 2.00 2.00 2.0 2.0 0.172 0.170 1.9712 3.2506 11.74 590 880 
0.043 2 2.00 2.00 2.0 2.0 0.161 0.170 2.5563 3.3144 11.74 570 850 
0.045 2 2.00 2.00 2.0 2.0 0.158 0.170 2.5563 3.5307 11.74 570 860 
0.047 2 2.00 2.00 2.0 2.0 0.154 0.167 3.6351 3.5307 11.74 560 840 
0.049 2 2.00 2.00 2.0 2.0 0.156 0.158 4.0246 3.9425 11.74 560 850 
0.051 2 2.00 2.00 2.0 2.0 0.152 0.138 4.0246 3.9425 11.74 590 870 
0.053 2 2.00 2.00 2.0 2.0 0.152 0.127 4.1102 4.1866 11.74 560 840 
0.055 2 2.00 2.00 2.0 2.0 0.152 0.116 4.1102 4.8295 11.74 570 860 
0.057 2 2.00 2.00 2.0 2.0 0.154 0.109 3.8858 4.8295 11.77 560 840 
0.059 2 2.00 2.00 2.0 2.0 0.136 0.127 4.0609 4.7117 11.77 560 860 
0.061 2 2.00 2.00 2.0 2.0 0.152 0.132 4.0609 4.7117 11.75 590 880 
0.063 2 2.00 2.00 2.0 2.0 0.100 0.145 4.2391 4.7117 11.75 560 840 
0.065 2 2.00 2.00 2.0 2.0 0.098 0.145 4.2391 4.2929 11.75 560 860 
0.067 2 2.00 2.00 2.0 2.0 0.112 0.138 4.3905 5.1417 11.77 560 840 
0.069 2 2.00 2.00 2.0 2.0 0.138 0.132 4.3342 5.1613 11.77 560 850 
0.071 2 2.00 2.00 2.0 2.0 0.143 0.132 4.3342 5.5195 11.75 590 880 
0.073 2 2.00 2.00 2.0 2.0 0.141 0.129 4.6954 5.5195 11.75 560 840 
0.075 2 2.00 2.00 2.0 2.0 0.134 0.125 4.9173 5.3875 11.75 560 840 
0.077 2 2.00 2.00 2.0 2.0 0.123 0.129 5.5879 6.0101 11.77 560 850 
0.079 2 2.00 2.00 2.0 2.0 0.118 0.098 6.2896 5.8037 11.77 560 850 
0.081 2 2.00 2.00 2.0 2.0 0.083 0.127 6.1189 6.0101 11.79 590 870 
0.083 2 2.00 2.00 2.0 2.0 0.078 0.134 6.1747 5.8794 11.79 560 850 
0.085 2 2.00 2.00 2.0 2.0 0.087 0.123 6.0913 6.5013 11.79 560 860 
0.087 2 2.00 2.00 2.0 2.0 0.103 0.116 5.7543 6.3487 11.79 560 850 
0.089 2 2.00 2.00 2.0 2.0 0.125 0.105 5.7300 6.8296 11.79 560 810 
0.091 2 2.00 2.00 2.0 2.0 0.127 0.100 5.5879 6.6944 11.79 590 880 
0.093 2 2.00 2.00 2.0 2.0 0.127 0.103 5.1811 7.0799 11.79 560 810 
0.095 2 2.00 2.00 2.0 2.0 0.121 0.116 6.0369 6.1189 11.79 570 850 
0.097 2 2.00 2.00 2.0 2.0 0.109 0.100 6.6944 6.8296 11.79 570 810 
0.101 2 2.00 2.00 2.0 2.0 0.080 0.109 6.5327 7.1172 11.79 570 810 
0.102 2 2.00 2.00 2.0 2.0 0.107 0.109 6.2896 6.8296 11.79 580 820 
0.103 2 2.00 2.00 2.0 2.0 0.071 0.109 6.9705 5.9051 11.82 560 810 
0.105 2 2.00 2.00 2.0 2.0 0.098 0.107 7.3895 5.8540 11.82 560 810 
0.107 2 2.00 2.00 2.0 2.0 0.109 0.094 6.9705 6.9705 11.80 590 790 
0.109 2 2.00 2.00 2.0 2.0 0.112 0.094 6.6288 7.8620 11.80 560 810 
0.111 2 2.00 2.00 2.0 2.0 0.107 0.069 6.8643 7.6833 11.80 560 770 
0.113 2 2.00 2.00 2.0 2.0 0.105 0.098 6.7613 7.6399 11.80 560 800 
0.115 2 2.00 2.00 2.0 2.0 0.098 0.105 7.1549 7.1549 11.80 560 760 
0.117 2 2.00 2.00 2.0 2.0 0.092 0.094 7.3493 7.9080 11.80 590 790 
0.119 2 2.00 2.00 2.0 2.0 0.069 0.098 7.3096 7.4301 11.80 560 770 
0.121 2 2.00 2.00 2.0 2.0 0.100 0.094 7.3493 8.0016 11.80 560 770 
0.123 2 2.00 2.00 2.0 2.0 0.096 0.092 7.6833 8.6132 11.77 560 770 
0.125 2 2.00 2.00 2.0 2.0 0.098 0.089 7.5546 7.5546 11.77 560 770 
0.127 2 2.00 2.00 2.0 2.0 0.094 0.087 7.9080 8.5048 11.80 590 780 
0.129 2 2.00 2.00 2.0 2.0 0.083 0.094 8.0492 8.4517 11.80 560 770 
0.131 2 2.00 2.00 2.0 2.0 0.092 0.089 7.5970 7.8620 11.80 560 770 
0.133 2 2.00 2.00 2.0 2.0 0.087 0.085 7.9545 8.5587 11.82 560 770 
0.135 2 2.00 2.00 2.0 2.0 0.105 0.087 7.7273 8.1462 11.82 560 770 
0.137 2 2.00 2.00 2.0 2.0 0.100 0.080 8.0492 8.9554 11.80 590 780 
0.139 2 2.00 2.00 2.0 2.0 0.089 0.071 8.2961 8.6684 11.80 570 770 
0.141 2 2.00 2.00 2.0 2.0 0.089 0.098 8.3473 7.8620 11.80 560 770 
0.143 2 2.00 2.00 2.0 2.0 0.074 0.098 8.5587 8.8384 11.80 560 770 
0.145 2 2.00 2.00 2.0 2.0 0.074 0.096 8.3992 8.8384 11.80 560 760 
0.147 2 2.00 2.00 2.0 2.0 0.092 0.078 8.2455 8.5048 11.80 590 800 
0.149 2 2.00 2.00 2.0 2.0 0.094 0.076 8.2961 9.5230 11.80 560 770 
0.151 2 2.00 2.00 2.0 2.0 0.094 0.065 8.2455 9.3908 11.80 560 770 
0.153 2 2.00 2.00 2.0 2.0 0.089 0.087 8.5048 8.5587 11.80 560 770 
0.155 2 2.00 2.00 2.0 2.0 0.080 0.080 8.2961 9.7991 11.80 560 760 
0.157 2 2.00 2.00 2.0 2.0 0.087 0.076 9.0151 9.8706 11.82 590 790 
0.159 2 2.00 2.00 2.0 2.0 0.065 0.071 8.7243 9.4564 11.82 560 770 
0.161 2 2.00 2.00 2.0 2.0 0.094 0.054 8.5048 10.0168 11.82 560 770 
0.163 2 2.00 2.00 2.0 2.0 0.089 0.069 8.6132 10.3227 11.82 560 770 
0.165 2 2.00 2.00 2.0 2.0 0.076 0.083 9.2621 10.4021 11.82 560 770 
0.167 2 2.00 2.00 2.0 2.0 0.060 0.076 9.9432 9.6591 11.82 590 790 
0.169 2 2.00 2.00 2.0 2.0 0.056 0.065 9.6591 9.8706 11.82 580 780 
0.171 2 2.00 2.00 2.0 2.0 0.062 0.062 9.2621 10.4827 11.82 570 770 
0.173 2 2.00 2.00 2.0 2.0 0.083 0.071 9.1370 9.1370 11.82 560 770 
0.175 2 2.00 2.00 2.0 2.0 0.078 0.065 8.2961 10.9941 11.82 560 770 
0.177 2 2.00 2.00 2.0 2.0 0.076 0.069 9.4564 9.1991 11.80 590 790 
0.179 2 2.00 2.00 2.0 2.0 0.051 0.062 9.8706 10.5646 11.80 560 760 
0.181 2 2.00 2.00 2.0 2.0 0.042 0.051 9.1991 11.1758 11.80 560 770 
0.183 2 2.00 2.00 2.0 2.0 0.067 0.056 10.3227 10.9941 11.82 560 770 
0.185 2 2.00 2.00 2.0 2.0 0.078 0.071 9.7991 10.3227 11.82 560 770 
0.187 2 2.00 2.00 2.0 2.0 0.071 0.060 9.7991 11.3636 11.82 590 800 
0.189 2 2.00 2.00 2.0 2.0 0.069 0.062 9.7991 11.1758 11.82 560 770 
0.191 2 2.00 2.00 2.0 2.0 0.065 0.056 10.6478 11.4599 11.82 570 770 
0.193 2 2.00 2.00 2.0 2.0 0.051 0.042 10.3227 10.0916 11.83 570 770 
0.195 2 2.00 2.00 2.0 2.0 0.069 0.065 10.0916 11.2689 11.83 570 780 
0.197 2 2.00 2.00 2.0 2.0 0.071 0.056 9.7286 10.4021 11.82 590 790 
0.199 2 2.00 2.00 2.0 2.0 0.069 0.054 9.9432 11.3636 11.82 570 770 
0.201 2 2.00 2.00 2.0 2.0 0.062 0.045 10.1674 11.8620 11.82 560 770 
0.203 2 2.00 2.00 2.0 2.0 0.045 0.054 9.8706 11.7589 11.82 570 780 
0.205 2 2.00 2.00 2.0 2.0 0.078 0.062 10.0916 10.7323 11.82 560 770 
0.207 2 2.00 2.00 2.0 2.0 0.067 0.058 10.4021 12.1826 11.83 590 790 
0.209 2 2.00 2.00 2.0 2.0 0.058 0.049 10.6478 11.0842 11.83 560 770 
0.211 2 2.00 2.00 2.0 2.0 0.054 0.047 10.9054 12.1826 11.83 560 770 
0.213 2 2.00 2.00 2.0 2.0 0.042 0.047 10.9941 11.8620 11.82 560 770 
0.215 2 2.00 2.00 2.0 2.0 0.060 0.060 10.6478 11.9670 11.82 560 770 
0.217 2 2.00 2.00 2.0 2.0 0.067 0.056 10.7323 11.8620 11.82 590 790 
0.219 2 2.00 2.00 2.0 2.0 0.065 0.040 10.4827 11.1758 11.82 560 770 
0.221 2 2.00 2.00 2.0 2.0 0.060 0.033 10.6478 11.7589 11.82 570 770 
0.223 2 2.00 2.00 2.0 2.0 0.042 0.067 10.9941 11.5579 11.72 560 770 
0.225 2 2.00 2.00 2.0 2.0 0.062 0.047 10.5646 11.7589 11.72 560 760 
0.227 2 2.00 2.00 2.0 2.0 0.067 0.045 10.9054 12.4061 11.83 590 790 
0.229 2 2.00 2.00 2.0 2.0 0.058 0.038 11.0842 12.8788 11.83 560 770 
0.231 2 2.00 2.00 2.0 2.0 0.038 0.020 11.4599 12.6380 11.83 560 770 
0.233 2 2.00 2.00 2.0 2.0 0.045 0.042 11.7589 12.8788 11.85 560 770 
0.235 2 2.00 2.00 2.0 2.0 0.047 0.040 11.6575 12.5210 11.85 560 770 
0.237 2 2.00 2.00 2.0 2.0 0.058 0.038 10.1674 12.8788 11.83 590 790 
0.239 2 2.00 2.00 2.0 2.0 0.054 0.042 11.2689 12.5210 11.83 560 780 
0.241 2 2.00 2.00 2.0 2.0 0.045 0.058 11.3636 11.4599 11.83 570 770 
0.243 2 2.00 2.00 2.0 2.0 0.031 0.049 11.2689 11.6575 11.83 560 770 
0.245 2 2.00 2.00 2.0 2.0 0.060 0.038 11.8620 12.0738 11.83 570 770 
0.247 2 2.00 2.00 2.0 2.0 0.056 0.038 10.8182 11.6575 11.83 590 780 
0.249 2 2.00 2.00 2.0 2.0 0.049 0.045 11.0842 12.8788 11.83 560 770 
0.251 2 2.00 2.00 2.0 2.0 0.047 0.045 11.5579 13.3888 11.83 560 770 
0.253 2 2.00 2.00 2.0 2.0 0.040 0.027 11.6575 13.1288 11.85 570 770 
0.255 2 2.00 2.00 2.0 2.0 0.056 0.033 11.6575 13.5227 11.85 560 760 
0.257 2 2.00 2.00 2.0 2.0 0.049 0.031 11.6575 13.2575 11.83 590 790 
0.259 2 2.00 2.00 2.0 2.0 0.047 0.045 11.7589 13.3888 11.83 560 770 
0.261 2 2.00 2.00 2.0 2.0 0.038 0.042 11.1758 13.1288 11.83 570 780 
0.263 2 2.00 2.00 2.0 2.0 0.062 0.033 11.4599 13.5227 11.85 560 760 
0.265 2 2.00 2.00 2.0 2.0 0.058 0.036 11.6575 13.1288 11.85 560 770 
0.267 2 2.00 2.00 2.0 2.0 0.045 0.045 11.7589 13.5227 11.83 590 780 
0.269 2 2.00 2.00 2.0 2.0 0.042 0.029 11.7589 12.8788 11.83 560 770 
0.271 2 2.00 2.00 2.0 2.0 0.025 0.029 11.8620 12.5210 11.83 560 770 
0.273 2 2.00 2.00 2.0 2.0 0.051 0.040 11.7589 13.2575 11.83 560 770 
0.275 2 2.00 2.00 2.0 2.0 0.049 0.049 11.8620 13.1288 11.83 560 770 
0.277 2 2.00 2.00 2.0 2.0 0.045 0.038 11.6575 13.0026 11.85 590 790 
0.279 2 2.00 2.00 2.0 2.0 0.054 0.031 12.4061 13.1288 11.85 570 770 
0.281 2 2.00 2.00 2.0 2.0 0.045 0.038 12.0738 11.9670 11.85 560 770 
0.283 2 2.00 2.00 2.0 2.0 0.051 0.038 11.9670 13.9409 11.85 560 770 
0.285 2 2.00 2.00 2.0 2.0 0.047 0.038 11.9670 11.4599 11.85 560 770 
0.287 2 2.00 2.00 2.0 2.0 0.031 0.031 12.1826 12.7573 11.85 590 790 
0.289 2 2.00 2.00 2.0 2.0 0.025 0.025 12.1826 13.5227 11.85 560 760 
0.291 2 2.00 2.00 2.0 2.0 0.045 0.047 12.5210 13.0026 11.85 560 770 
0.293 2 2.00 2.00 2.0 2.0 0.040 0.031 10.9941 13.3888 11.85 560 770 
0.295 2 2.00 2.00 2.0 2.0 0.033 0.025 13.1288 13.7987 11.85 560 770 
0.297 2 2.00 2.00 2.0 2.0 0.045 0.020 11.5579 12.7573 11.85 590 790 
0.299 2 2.00 2.00 2.0 2.0 0.038 0.033 12.8788 13.9409 11.85 560 770 
0.301 2 2.00 2.00 2.0 2.0 0.051 0.029 12.0738 12.8788 11.85 570 780 
0.303 2 2.00 2.00 2.0 2.0 0.045 0.022 11.9670 12.8788 11.85 560 770 
0.305 2 2.00 2.00 2.0 2.0 0.045 0.031 12.2934 12.5210 11.85 560 770 
0.307 2 2.00 2.00 2.0 2.0 0.022 0.040 12.6380 12.5210 11.85 590 790 
0.309 2 2.00 2.00 2.0 2.0 0.045 0.029 12.7573 13.7987 11.85 560 770 
0.311 2 2.00 2.00 2.0 2.0 0.038 0.016 12.7573 13.2575 11.85 560 770 
0.313 2 2.00 2.00 2.0 2.0 0.036 0.020 12.7573 14.2344 11.85 560 770 
0.315 2 2.00 2.00 2.0 2.0 0.018 0.033 12.2934 13.9409 11.85 570 780 
0.317 2 2.00 2.00 2.0 2.0 0.051 0.013 12.4061 14.2344 11.85 590 790 
0.319 2 2.00 2.00 2.0 2.0 0.045 0.018 12.5210 14.0861 11.85 570 770 
0.321 2 2.00 2.00 2.0 2.0 0.036 0.036 12.5210 14.0861 11.85 570 770 
0.323 2 2.00 2.00 2.0 2.0 0.031 0.040 12.7573 13.9409 11.83 560 770 
0.325 2 2.00 2.00 2.0 2.0 0.036 0.025 12.8788 13.7987 11.83 560 770 
0.327 2 2.00 2.00 2.0 2.0 0.040 0.022 13.0026 14.2344 11.87 590 790 
0.329 2 2.00 2.00 2.0 2.0 0.031 0.011 13.0026 13.5227 11.87 560 770 
0.331 2 2.00 2.00 2.0 2.0 0.036 0.022 13.1288 14.6986 11.87 560 770 
0.333 2 2.00 2.00 2.0 2.0 0.031 0.016 13.0026 13.3888 11.87 570 770 
0.335 2 2.00 2.00 2.0 2.0 0.042 0.029 12.8788 14.2344 11.87 560 770 
0.337 2 2.00 2.00 2.0 2.0 0.040 0.040 12.7573 14.3858 11.85 590 790 
0.339 2 2.00 2.00 2.0 2.0 0.020 0.027 12.8788 13.9409 11.85 560 770 
0.341 2 2.00 2.00 2.0 2.0 0.022 0.027 12.8788 13.7987 11.85 560 770 
0.343 2 2.00 2.00 2.0 2.0 0.038 0.027 13.1288 13.5227 11.85 560 770 
0.345 2 2.00 2.00 2.0 2.0 0.033 0.029 13.3888 14.0861 11.85 560 770 
0.347 2 2.00 2.00 2.0 2.0 0.018 0.022 13.5227 13.5227 11.87 590 770 
0.349 2 2.00 2.00 2.0 2.0 0.022 0.016 13.1288 14.2344 11.87 560 770 
0.351 2 2.00 2.00 2.0 2.0 0.038 0.018 13.6593 14.3858 11.87 560 770 
0.353 2 2.00 2.00 2.0 2.0 0.033 0.031 13.2575 14.2344 11.85 560 770 
0.355 2 2.00 2.00 2.0 2.0 0.036 0.020 13.2575 15.0252 11.85 560 770 
0.357 2 2.00 2.00 2.0 2.0 0.018 0.020 13.1288 14.6986 11.85 590 800 
0.359 2 2.00 2.00 2.0 2.0 0.040 0.020 12.6380 14.6986 11.85 560 770 
0.361 2 2.00 2.00 2.0 2.0 0.036 0.027 12.6380 14.2344 11.85 560 770 
0.363 2 2.00 2.00 2.0 2.0 0.022 0.020 13.2575 14.6986 11.85 560 770 
0.365 2 2.00 2.00 2.0 2.0 0.018 0.020 13.0026 14.8601 11.85 560 770 
0.367 2 2.00 2.00 2.0 2.0 0.042 0.036 13.3888 15.0252 11.85 590 790 
0.369 2 2.00 2.00 2.0 2.0 0.027 0.025 13.7987 15.0252 11.85 570 770 
0.371 2 2.00 2.00 2.0 2.0 0.025 0.009 13.7987 15.0252 11.85 570 770 
0.373 2 2.00 2.00 2.0 2.0 0.018 0.016 13.5227 13.5227 11.87 560 760 
0.375 2 2.00 2.00 2.0 2.0 0.038 0.018 13.1288 15.1940 11.87 570 770 
0.377 2 2.00 2.00 2.0 2.0 0.036 0.016 13.0026 12.8788 11.87 590 790 
0.379 2 2.00 2.00 2.0 2.0 0.036 0.011 12.5210 14.8601 11.87 560 770 
0.381 2 2.00 2.00 2.0 2.0 0.022 0.022 13.5227 15.1940 11.87 560 760 
0.383 2 2.00 2.00 2.0 2.0 0.040 0.027 13.0026 15.1940 11.85 570 770 
0.385 2 2.00 2.00 2.0 2.0 0.036 0.013 12.8788 15.1940 11.85 570 770 
0.387 2 2.00 2.00 2.0 2.0 0.022 0.013 13.7987 15.3667 11.87 590 790 
0.389 2 2.00 2.00 2.0 2.0 0.027 0.025 14.0861 15.1940 11.87 560 770 
0.391 2 2.00 2.00 2.0 2.0 0.027 0.013 14.0861 14.6986 11.87 560 770 
0.393 2 2.00 2.00 2.0 2.0 0.029 0.011 12.1826 14.5405 11.87 560 770 
0.395 2 2.00 2.00 2.0 2.0 0.018 0.018 13.6593 14.5405 11.87 560 770 
0.397 2 2.00 2.00 2.0 2.0 0.016 0.025 12.7573 14.3858 11.87 590 790 
0.399 2 2.00 2.00 2.0 2.0 0.036 0.013 13.9409 15.5433 11.87 560 770 
0.401 2 2.00 2.00 2.0 2.0 0.025 0.009 13.2575 15.5433 11.87 570 770 
0.403 2 2.00 2.00 2.0 2.0 0.027 0.016 13.5227 15.7241 11.87 570 760 
0.405 2 2.00 2.00 2.0 2.0 0.011 0.016 14.2344 15.5433 11.87 570 770 
0.407 2 2.00 2.00 2.0 2.0 0.031 0.009 14.0861 15.1940 11.87 590 790 
0.409 2 2.00 2.00 2.0 2.0 0.020 0.011 13.9409 15.5433 11.87 560 770 
0.411 2 2.00 2.00 2.0 2.0 0.020 0.031 13.9409 15.3667 11.87 560 770 
0.413 2 2.00 2.00 2.0 2.0 0.020 0.013 13.7987 15.5433 11.85 570 770 
0.415 2 2.00 2.00 2.0 2.0 0.036 0.009 13.7987 15.9091 11.85 560 770 
0.417 2 2.00 2.00 2.0 2.0 0.029 0.004 13.7987 15.5433 11.85 590 790 
0.419 2 2.00 2.00 2.0 2.0 0.022 0.011 13.9409 15.1940 11.85 560 770 
0.421 2 2.00 2.00 2.0 2.0 0.016 0.007 13.9409 14.8601 11.85 560 770 
0.423 2 2.00 2.00 2.0 2.0 0.029 0.016 14.0861 15.5433 11.87 560 770 
0.425 2 2.00 2.00 2.0 2.0 0.025 0.031 14.0861 15.0252 11.87 560 770 
0.427 2 2.00 2.00 2.0 2.0 0.022 0.016 14.0861 15.0252 11.87 590 800 
0.429 2 2.00 2.00 2.0 2.0 0.022 0.009 14.3858 15.7241 11.87 560 770 
0.431 2 2.00 2.00 2.0 2.0 0.031 0.020 14.2344 15.3667 11.87 560 770 
0.433 2 2.00 2.00 2.0 2.0 0.022 0.013 14.0861 15.9091 11.87 560 770 
0.435 2 2.00 2.00 2.0 2.0 0.009 0.004 14.6986 15.3667 11.87 570 770 
0.437 2 2.00 2.00 2.0 2.0 0.020 0.009 14.5405 15.3667 11.88 590 790 
0.439 2 2.00 2.00 2.0 2.0 0.025 0.016 12.6380 15.1940 11.88 560 770 
0.441 2 2.00 2.00 2.0 2.0 0.016 0.009 14.2344 16.0984 11.88 570 770 
0.443 2 2.00 2.00 2.0 2.0 0.016 0.007 13.2575 15.9091 11.88 560 770 
0.445 2 2.00 2.00 2.0 2.0 0.031 0.013 14.3858 16.0984 11.88 560 770 
0.447 2 2.00 2.00 2.0 2.0 0.020 0.013 14.0861 15.7241 11.87 590 800 
0.449 2 2.00 2.00 2.0 2.0 0.020 0.009 13.9409 15.3667 11.87 570 770 
0.451 2 2.00 2.00 2.0 2.0 0.022 0.011 14.2344 15.7241 11.87 560 770 
0.453 2 2.00 2.00 2.0 2.0 0.029 0.027 14.0861 15.7241 11.85 560 770 
0.455 2 2.00 2.00 2.0 2.0 0.022 0.007 13.9409 16.0984 11.85 560 770 
0.457 2 2.00 2.00 2.0 2.0 0.018 0.004 14.3858 16.2924 11.87 590 790 
0.459 2 2.00 2.00 2.0 2.0 0.016 0.002 14.2344 16.6947 11.87 570 770 
0.461 2 2.00 2.00 2.0 2.0 0.029 0.009 14.3858 15.1940 11.87 570 770 
0.463 2 2.00 2.00 2.0 2.0 0.020 0.007 14.3858 15.3667 11.87 570 770 
0.465 2 2.00 2.00 2.0 2.0 0.016 0.016 14.5405 16.0984 11.87 570 780 
0.467 2 2.00 2.00 2.0 2.0 0.018 0.020 14.3858 15.9091 11.85 590 790 
0.469 2 2.00 2.00 2.0 2.0 0.027 0.007 14.2344 15.9091 11.85 570 780 
0.471 2 2.00 2.00 2.0 2.0 0.025 0.011 14.0861 16.0984 11.85 560 770 
0.473 2 2.00 2.00 2.0 2.0 0.020 0.016 13.9409 15.9091 11.87 560 770 
0.475 2 2.00 2.00 2.0 2.0 0.029 0.009 14.2344 15.5433 11.87 560 770 
0.477 2 2.00 2.00 2.0 2.0 0.027 0.004 14.2344 15.3667 11.87 590 790 
0.479 2 2.00 2.00 2.0 2.0 0.020 0.011 14.8601 15.7241 11.87 560 770 
0.481 2 2.00 2.00 2.0 2.0 0.009 0.013 15.0252 15.9091 11.87 570 770 
0.483 2 2.00 2.00 2.0 2.0 0.020 0.007 14.8601 16.2924 11.87 570 770 
0.485 2 2.00 2.00 2.0 2.0 0.020 0.009 13.0026 16.2924 11.87 560 770 
0.487 2 2.00 2.00 2.0 2.0 0.011 0.018 14.3858 15.5433 11.87 590 790 
0.489 2 2.00 2.00 2.0 2.0 0.009 0.004 13.5227 16.0984 11.87 560 760 
0.491 2 2.00 2.00 2.0 2.0 0.029 0.007 14.5405 16.0984 11.87 560 770 
0.493 2 2.00 2.00 2.0 2.0 0.020 0.025 14.2344 16.0984 11.87 560 770 
0.495 2 2.00 2.00 2.0 2.0 0.025 0.018 14.3858 15.9091 11.87 560 780 
0.497 2 2.00 2.00 2.0 2.0 0.013 0.007 14.5405 15.7241 11.87 590 790 
0.501 2 2.00 2.00 2.0 2.0 0.025 0.013 14.5405 15.1940 11.87 560 770 
0.502 2 2.00 2.00 2.0 2.0 0.016 0.011 14.5405 16.4911 11.87 560 770 
0.503 2 2.00 2.00 2.0 2.0 0.013 0.004 14.6986 15.7241 11.75 590 800 
0.505 2 2.00 2.00 2.0 2.0 0.031 0.016 14.6986 16.2924 11.75 570 770 
0.507 2 2.00 2.00 2.0 2.0 0.025 0.029 14.8601 15.7241 11.75 570 770 
0.509 2 2.00 2.00 2.0 2.0 0.018 0.011 14.8601 15.9091 11.87 570 770 
0.511 2 2.00 2.00 2.0 2.0 0.016 0.002 14.8601 16.0984 11.87 560 770 
0.513 2 2.00 2.00 2.0 2.0 0.022 0.004 14.8601 16.0984 11.87 590 800 
0.515 2 2.00 2.00 2.0 2.0 0.020 0.007 14.6986 16.6947 11.87 560 780 
0.517 2 2.00 2.00 2.0 2.0 0.013 0.004 14.6986 16.2924 11.87 560 780 
0.519 2 2.00 2.00 2.0 2.0 0.018 0.007 14.8601 15.9091 11.87 560 770 
0.521 2 2.00 2.00 2.0 2.0 0.027 0.016 14.6986 15.7241 11.87 560 770 
0.523 2 2.00 2.00 2.0 2.0 0.018 0.007 14.5405 16.4911 11.82 590 790 
0.525 2 2.00 2.00 2.0 2.0 0.007 0.004 14.8601 16.2924 11.82 560 770 
0.527 2 2.00 2.00 2.0 2.0 0.011 0.016 14.6986 16.2924 11.82 560 780 
0.529 2 2.00 2.00 2.0 2.0 0.022 0.009 13.2575 16.0984 11.77 560 770 
0.531 2 2.00 2.00 2.0 2.0 0.011 0.004 14.8601 15.7241 11.77 560 770 
0.533 2 2.00 2.00 2.0 2.0 0.016 0.011 14.3858 16.4911 11.87 590 800 
0.535 2 2.00 2.00 2.0 2.0 0.025 0.016 15.3667 16.6947 11.87 560 770 
0.537 2 2.00 2.00 2.0 2.0 0.018 0.007 14.8601 16.6947 11.87 560 770 
0.539 2 2.00 2.00 2.0 2.0 0.009 0.007 15.0252 15.9091 11.87 570 770 
0.541 2 2.00 2.00 2.0 2.0 0.009 0.007 15.0252 17.1173 11.87 560 770 
0.543 2 2.00 2.00 2.0 2.0 0.022 0.004 14.6986 16.0984 11.87 590 790 
0.545 2 2.00 2.00 2.0 2.0 0.020 0.009 14.5405 16.4911 11.87 570 780 
0.547 2 2.00 2.00 2.0 2.0 0.013 0.020 14.8601 16.6947 11.87 560 770 
0.549 2 2.00 2.00 2.0 2.0 0.027 0.009 14.8601 16.2924 11.87 570 770 
0.551 2 2.00 2.00 2.0 2.0 0.022 0.007 14.8601 16.2924 11.87 560 770 
0.553 2 2.00 2.00 2.0 2.0 0.009 0.004 15.0252 16.2924 11.87 590 790 
0.555 2 2.00 2.00 2.0 2.0 0.018 0.007 15.1940 16.9034 11.87 560 760 
0.557 2 2.00 2.00 2.0 2.0 0.022 0.004 14.8601 16.2924 11.87 570 780 
0.559 2 2.00 2.00 2.0 2.0 0.018 0.004 14.6986 15.9091 11.87 560 770 
0.561 2 2.00 2.00 2.0 2.0 0.013 0.013 14.6986 15.7241 11.87 570 770 
0.563 2 2.00 2.00 2.0 2.0 0.011 0.011 15.0252 16.6947 11.87 590 790 
0.565 2 2.00 2.00 2.0 2.0 0.025 0.004 15.0252 16.6947 11.87 560 770 
0.567 2 2.00 2.00 2.0 2.0 0.016 0.009 15.0252 15.3667 11.87 560 770 
0.569 2 2.00 2.00 2.0 2.0 0.007 0.009 15.5433 16.4911 11.87 560 770 
0.571 2 2.00 2.00 2.0 2.0 0.011 0.004 15.5433 16.0984 11.87 570 770 
0.573 2 2.00 2.00 2.0 2.0 0.016 0.020 14.5405 16.6947 11.87 590 790 
0.575 2 2.00 2.00 2.0 2.0 0.007 0.011 15.5433 16.6947 11.87 560 770 
0.577 2 2.00 2.00 2.0 2.0 0.007 0.004 14.8601 16.6947 11.87 560 770 
0.579 2 2.00 2.00 2.0 2.0 0.025 0.004 15.5433 16.0984 11.87 560 770 
0.581 2 2.00 2.00 2.0 2.0 0.011 0.004 15.1940 17.5619 11.87 560 770 
0.583 2 2.00 2.00 2.0 2.0 0.013 0.004 15.1940 16.4911 11.88 590 790 
0.585 2 2.00 2.00 2.0 2.0 0.009 0.007 15.5433 16.9034 11.88 570 770 
0.587 2 2.00 2.00 2.0 2.0 0.016 0.018 15.0252 16.2924 11.88 560 770 
0.589 2 2.00 2.00 2.0 2.0 0.016 0.004 15.1940 16.2924 11.75 560 770 
0.591 2 2.00 2.00 2.0 2.0 0.011 0.007 14.8601 16.4911 11.75 570 770 
0.593 2 2.00 2.00 2.0 2.0 0.031 0.011 14.6986 16.0984 11.85 590 790 
0.595 2 2.00 2.00 2.0 2.0 0.020 0.004 15.0252 15.3667 11.85 560 770 
0.597 2 2.00 2.00 2.0 2.0 0.013 0.004 15.1940 16.0984 11.85 560 770 
0.599 2 2.00 2.00 2.0 2.0 0.009 0.007 15.3667 16.0984 11.88 560 770 
0.601 2 2.00 2.00 2.0 2.0 0.011 0.007 15.3667 16.9034 11.88 560 760 
0.603 2 2.00 2.00 2.0 2.0 0.009 0.004 15.1940 17.1173 11.88 590 800 
0.605 2 2.00 2.00 2.0 2.0 0.013 0.004 15.7241 17.1173 11.88 560 770 
0.607 2 2.00 2.00 2.0 2.0 0.022 0.011 15.1940 16.2924 11.88 560 770 
0.609 2 2.00 2.00 2.0 2.0 0.018 0.002 14.8601 16.9034 11.88 560 760 
0.611 2 2.00 2.00 2.0 2.0 0.007 0.007 15.3667 16.9034 11.88 560 770 
0.613 2 2.00 2.00 2.0 2.0 0.007 0.018 15.1940 16.4911 11.87 590 800 
0.615 2 2.00 2.00 2.0 2.0 0.016 0.007 15.3667 16.6947 11.87 560 770 
0.617 2 2.00 2.00 2.0 2.0 0.009 0.007 14.8601 17.1173 11.87 560 770 
0.619 2 2.00 2.00 2.0 2.0 0.011 0.004 15.5433 16.6947 11.87 560 770 
0.621 2 2.00 2.00 2.0 2.0 0.016 0.004 15.9091 16.2924 11.87 560 770 
0.623 2 2.00 2.00 2.0 2.0 0.013 0.004 15.3667 16.0984 11.87 590 790 
0.625 2 2.00 2.00 2.0 2.0 0.007 0.011 15.3667 16.6947 11.87 560 770 
0.627 2 2.00 2.00 2.0 2.0 0.007 0.018 15.5433 16.6947 11.87 570 770 
0.629 2 2.00 2.00 2.0 2.0 0.018 0.004 15.3667 16.4911 11.87 560 770 
0.631 2 2.00 2.00 2.0 2.0 0.013 0.004 15.0252 15.9091 11.87 560 770 
0.633 2 2.00 2.00 2.0 2.0 0.011 0.013 15.1940 16.6947 11.87 590 790 
0.635 2 2.00 2.00 2.0 2.0 0.027 0.004 15.1940 16.0984 11.87 560 770 
0.637 2 2.00 2.00 2.0 2.0 0.020 0.002 15.1940 16.6947 11.87 570 770 
0.639 2 2.00 2.00 2.0 2.0 0.009 0.004 15.1940 16.4911 11.87 570 770 
0.641 2 2.00 2.00 2.0 2.0 0.016 0.007 15.3667 16.9034 11.87 570 770 
0.643 2 2.00 2.00 2.0 2.0 0.020 0.004 15.1940 16.2924 11.87 590 800 
0.645 2 2.00 2.00 2.0 2.0 0.011 0.004 15.1940 17.1173 11.87 570 770 
0.647 2 2.00 2.00 2.0 2.0 0.007 0.007 15.1940 16.9034 11.87 560 760 
0.649 2 2.00 2.00 2.0 2.0 0.011 0.002 15.5433 17.1173 11.87 570 770 
0.651 2 2.00 2.00 2.0 2.0 0.018 0.007 15.5433 16.9034 11.87 560 760 
0.653 2 2.00 2.00 2.0 2.0 0.009 0.018 16.0984 16.6947 11.87 590 800 
0.655 2 2.00 2.00 2.0 2.0 0.007 0.002 16.0984 16.9034 11.87 560 760 
0.657 2 2.00 2.00 2.0 2.0 0.013 0.004 15.9091 17.1173 11.87 560 780 
0.659 2 2.00 2.00 2.0 2.0 0.009 0.004 15.0252 17.3368 11.88 560 770 
0.661 2 2.00 2.00 2.0 2.0 0.004 0.002 15.3667 15.9091 11.88 560 770 
0.663 2 2.00 2.00 2.0 2.0 0.011 0.004 15.0252 16.9034 11.77 600 790 
0.665 2 2.00 2.00 2.0 2.0 0.020 0.016 15.5433 17.1173 11.77 560 770 
0.667 2 2.00 2.00 2.0 2.0 0.016 0.009 15.0252 16.4911 11.77 560 770 
0.669 2 2.00 2.00 2.0 2.0 0.013 0.004 15.5433 16.4911 11.88 560 770 
0.671 2 2.00 2.00 2.0 2.0 0.016 0.004 15.3667 16.4911 11.88 570 770 
0.673 2 2.00 2.00 2.0 2.0 0.009 0.007 15.3667 17.1173 11.88 590 790 
0.675 2 2.00 2.00 2.0 2.0 0.004 0.002 15.5433 16.4911 11.88 560 780 
0.677 2 2.00 2.00 2.0 2.0 0.009 0.002 15.3667 16.4911 11.88 560 770 
0.679 2 2.00 2.00 2.0 2.0 0.022 0.004 15.3667 16.4911 11.80 560 770 
0.681 2 2.00 2.00 2.0 2.0 0.013 0.004 15.3667 17.3368 11.80 560 770 
0.683 2 2.00 2.00 2.0 2.0 0.009 0.007 15.3667 17.3368 11.88 590 800 
0.685 2 2.00 2.00 2.0 2.0 0.013 0.009 15.1940 16.4911 11.88 560 770 
0.687 2 2.00 2.00 2.0 2.0 0.013 0.002 15.3667 16.9034 11.88 560 770 
0.689 2 2.00 2.00 2.0 2.0 0.009 0.004 15.1940 16.9034 11.87 560 760 
0.691 2 2.00 2.00 2.0 2.0 0.009 0.013 15.7241 17.1173 11.87 560 780 
0.693 2 2.00 2.00 2.0 2.0 0.022 0.004 15.5433 16.9034 11.87 590 780 
0.695 2 2.00 2.00 2.0 2.0 0.011 0.004 15.3667 17.5619 11.87 560 770 
0.697 2 2.00 2.00 2.0 2.0 0.002 0.004 15.9091 17.1173 11.87 560 770 
0.700 2 2.00 2.00 2.0 2.0 0.011 0.004 15.5433 16.2924 11.88 570 770 
0.701 2 2.00 2.00 2.0 2.0 0.016 0.004 13.5227 16.6947 11.88 560 760 
0.703 2 2.00 2.00 2.0 2.0 0.007 0.011 15.1940 17.3368 11.88 590 790 
0.705 2 2.00 2.00 2.0 2.0 0.009 0.004 14.6986 17.3368 11.88 570 780 
0.707 2 2.00 2.00 2.0 2.0 0.022 0.007 15.5433 17.1173 11.88 560 770 
0.709 2 2.00 2.00 2.0 2.0 0.009 0.004 15.1940 16.4911 11.87 570 780 
0.711 2 2.00 2.00 2.0 2.0 0.011 0.000 15.3667 17.7930 11.87 560 770 
0.713 2 2.00 2.00 2.0 2.0 0.011 0.002 15.5433 17.1173 11.87 590 800 
0.715 2 2.00 2.00 2.0 2.0 0.016 0.002 15.1940 16.6947 11.87 560 770 
0.717 2 2.00 2.00 2.0 2.0 0.009 0.007 15.3667 16.4911 11.87 560 770 
0.719 2 2.00 2.00 2.0 2.0 0.011 0.002 15.0252 17.3368 11.85 570 770 
0.721 2 2.00 2.00 2.0 2.0 0.029 0.004 15.1940 17.3368 11.85 560 770 
0.723 2 2.00 2.00 2.0 2.0 0.009 0.007 15.3667 16.6947 11.87 590 790 
0.725 2 2.00 2.00 2.0 2.0 0.011 0.002 15.5433 17.3368 11.87 570 770 
0.727 2 2.00 2.00 2.0 2.0 0.011 0.004 15.5433 17.5619 11.87 570 770 
0.729 2 2.00 2.00 2.0 2.0 0.016 0.011 15.3667 17.3368 11.87 570 770 
0.731 2 2.00 2.00 2.0 2.0 0.011 0.004 15.0252 17.3368 11.87 560 770 
0.733 2 2.00 2.00 2.0 2.0 0.011 0.002 15.3667 18.0303 11.88 590 790 
0.735 2 2.00 2.00 2.0 2.0 0.027 0.007 15.0252 17.5619 11.88 560 770 
0.737 2 2.00 2.00 2.0 2.0 0.018 0.002 14.8601 16.6947 11.88 560 770 
0.739 2 2.00 2.00 2.0 2.0 0.007 0.007 15.3667 17.1173 11.87 560 770 
0.741 2 2.00 2.00 2.0 2.0 0.007 0.013 15.3667 17.7930 11.87 560 770 
0.743 2 2.00 2.00 2.0 2.0 0.016 0.004 15.3667 17.3368 11.88 590 790 
0.745 2 2.00 2.00 2.0 2.0 0.004 0.002 14.8601 17.3368 11.88 560 770 
0.747 2 2.00 2.00 2.0 2.0 0.011 0.004 14.8601 17.1173 11.88 560 770 
0.749 2 2.00 2.00 2.0 2.0 0.018 0.004 15.5433 17.7930 11.87 560 770 
0.751 2 2.00 2.00 2.0 2.0 0.013 0.007 15.1940 16.9034 11.87 560 760 
0.753 2 2.00 2.00 2.0 2.0 0.016 0.004 15.0252 16.6947 11.87 590 790 
0.755 2 2.00 2.00 2.0 2.0 0.004 0.002 15.3667 17.3368 11.87 560 770 
0.757 2 2.00 2.00 2.0 2.0 0.018 0.004 15.1940 17.7930 11.87 560 770 
0.759 2 2.00 2.00 2.0 2.0 0.011 0.004 15.1940 17.5619 11.88 560 770 
0.761 2 2.00 2.00 2.0 2.0 0.011 0.007 15.3667 16.6947 11.88 560 770 
0.763 2 2.00 2.00 2.0 2.0 0.022 0.004 14.5405 17.5619 11.79 590 810 
0.765 2 2.00 2.00 2.0 2.0 0.027 0.002 15.0252 17.3368 11.79 560 770 
0.767 2 2.00 2.00 2.0 2.0 0.016 0.011 15.0252 17.3368 11.79 560 770 
0.769 2 2.00 2.00 2.0 2.0 0.022 0.007 15.0252 17.7930 11.87 560 770 
0.771 2 2.00 2.00 2.0 2.0 0.020 0.002 15.0252 18.0303 11.87 560 770 
0.773 2 2.00 2.00 2.0 2.0 0.016 0.007 15.0252 18.2739 11.87 590 800 
0.775 2 2.00 2.00 2.0 2.0 0.007 0.004 15.1940 16.4911 11.87 570 770 
0.777 2 2.00 2.00 2.0 2.0 0.016 0.002 15.3667 17.3368 11.87 560 770 
0.779 2 2.00 2.00 2.0 2.0 0.025 0.016 15.1940 17.3368 11.87 560 770 
0.781 2 2.00 2.00 2.0 2.0 0.013 0.004 15.0252 16.9034 11.87 570 770 
0.783 2 2.00 2.00 2.0 2.0 0.009 0.002 15.5433 17.1173 11.88 590 800 
0.785 2 2.00 2.00 2.0 2.0 0.016 0.002 15.1940 17.1173 11.88 560 770 
0.787 2 2.00 2.00 2.0 2.0 0.018 0.002 13.2575 17.1173 11.88 560 770 
0.789 2 2.00 2.00 2.0 2.0 0.007 0.004 14.8601 17.1173 11.85 570 780 
0.791 2 2.00 2.00 2.0 2.0 0.007 0.002 14.3858 17.3368 11.85 570 770 
0.793 2 2.00 2.00 2.0 2.0 0.022 0.004 15.1940 17.3368 11.85 590 790 
0.795 2 2.00 2.00 2.0 2.0 0.013 0.004 15.0252 17.1173 11.85 560 770 
0.797 2 2.00 2.00 2.0 2.0 0.013 0.004 15.1940 17.7930 11.85 560 770 
0.799 2 2.00 2.00 2.0 2.0 0.011 0.007 15.3667 17.5619 11.90 560 770 
0.801 4 4.00 4.00 4.0 4.0 0.016 0.007 14.8601 17.7930 11.90 560 770 
0.803 4 4.00 4.00 4.0 4.0 0.212 0.161 15.1940 17.7930 11.45 590 790 
0.805 4 4.00 4.00 4.0 4.0 0.241 0.277 15.3667 18.5242 11.45 560 770 
0.807 4 4.00 4.00 4.0 4.0 0.306 0.292 16.2924 19.0460 11.45 570 770 
0.809 4 4.00 4.00 4.0 4.0 0.308 0.281 16.6947 18.7815 11.42 560 770 
0.811 4 4.00 4.00 4.0 4.0 0.297 0.241 17.5619 19.3181 11.42 560 770 
0.813 4 4.00 4.00 4.0 4.0 0.263 0.252 17.5619 19.5981 11.49 590 800 
0.815 4 4.00 4.00 4.0 4.0 0.288 0.246 17.7930 20.8041 11.49 560 750 
0.817 4 4.00 4.00 4.0 4.0 0.295 0.254 19.0460 20.1831 11.49 560 760 
0.819 4 4.00 4.00 4.0 4.0 0.252 0.257 18.7815 20.8041 11.50 560 750 
0.821 4 4.00 4.00 4.0 4.0 0.268 0.232 19.3181 20.4889 11.50 560 760 
0.823 4 4.00 4.00 4.0 4.0 0.250 0.237 20.4889 20.4889 11.52 590 760 
0.825 4 4.00 4.00 4.0 4.0 0.225 0.257 20.8041 20.1831 11.52 560 740 
0.827 4 4.00 4.00 4.0 4.0 0.228 0.237 21.1292 21.4646 11.52 560 730 
0.829 4 4.00 4.00 4.0 4.0 0.188 0.243 20.4889 21.1292 11.55 570 730 
0.831 4 4.00 4.00 4.0 4.0 0.241 0.219 20.1831 20.4889 11.55 560 740 
0.833 4 4.00 4.00 4.0 4.0 0.259 0.234 19.8863 21.4646 11.52 590 780 
0.835 4 4.00 4.00 4.0 4.0 0.223 0.194 19.8863 21.4646 11.52 560 760 
0.837 4 4.00 4.00 4.0 4.0 0.250 0.246 19.8863 22.1684 11.52 560 750 
0.839 4 4.00 4.00 4.0 4.0 0.212 0.234 19.8863 22.9198 11.49 570 770 
0.841 4 4.00 4.00 4.0 4.0 0.250 0.174 20.4889 23.3150 11.49 570 740 
0.843 4 4.00 4.00 4.0 4.0 0.246 0.212 20.8041 22.1684 11.52 590 760 
0.845 4 4.00 4.00 4.0 4.0 0.185 0.185 21.1292 22.9198 11.52 560 730 
0.847 4 4.00 4.00 4.0 4.0 0.230 0.234 21.1292 22.5378 11.52 570 740 
0.849 4 4.00 4.00 4.0 4.0 0.248 0.219 20.8041 23.3150 11.56 560 740 
0.851 4 4.00 4.00 4.0 4.0 0.234 0.201 20.1831 22.9198 11.56 560 740 
0.853 4 4.00 4.00 4.0 4.0 0.250 0.208 19.8863 22.5378 11.52 590 780 
0.855 4 4.00 4.00 4.0 4.0 0.259 0.181 20.8041 23.3150 11.52 560 740 
0.857 4 4.00 4.00 4.0 4.0 0.234 0.203 20.4889 23.7240 11.52 560 740 
0.859 4 4.00 4.00 4.0 4.0 0.232 0.221 20.8041 24.1477 11.55 560 740 
0.861 4 4.00 4.00 4.0 4.0 0.188 0.199 20.8041 24.1477 11.55 560 740 
0.863 4 4.00 4.00 4.0 4.0 0.230 0.201 21.4646 24.5867 11.56 590 760 
0.865 4 4.00 4.00 4.0 4.0 0.239 0.201 21.8108 25.0420 11.56 560 730 
0.867 4 4.00 4.00 4.0 4.0 0.214 0.185 21.4646 25.5145 11.56 560 740 
0.869 4 4.00 4.00 4.0 4.0 0.228 0.147 21.4646 26.0052 11.56 560 740 
0.871 4 4.00 4.00 4.0 4.0 0.196 0.179 21.8108 24.5867 11.56 570 750 
0.873 4 4.00 4.00 4.0 4.0 0.223 0.185 21.8108 24.5867 11.55 600 770 
0.875 4 4.00 4.00 4.0 4.0 0.223 0.183 22.5378 25.5145 11.55 560 740 
0.877 4 4.00 4.00 4.0 4.0 0.205 0.150 22.5378 25.0420 11.55 570 740 
0.879 4 4.00 4.00 4.0 4.0 0.217 0.172 22.1684 25.5145 11.56 570 750 
0.881 4 4.00 4.00 4.0 4.0 0.185 0.188 22.5378 24.5867 11.56 560 740 
0.883 4 4.00 4.00 4.0 4.0 0.214 0.165 22.5378 26.5151 11.58 590 750 
0.885 4 4.00 4.00 4.0 4.0 0.217 0.192 23.3150 26.5151 11.58 570 750 
0.887 4 4.00 4.00 4.0 4.0 0.199 0.167 21.8108 26.0052 11.58 560 730 
0.889 4 4.00 4.00 4.0 4.0 0.196 0.174 22.9198 26.5151 11.61 560 730 
0.891 4 4.00 4.00 4.0 4.0 0.190 0.181 23.3150 26.5151 11.61 560 750 
0.893 4 4.00 4.00 4.0 4.0 0.196 0.163 22.9198 26.5151 11.63 590 760 
0.895 4 4.00 4.00 4.0 4.0 0.152 0.145 23.7240 26.5151 11.63 560 740 
0.897 4 4.00 4.00 4.0 4.0 0.185 0.165 23.7240 26.0052 11.63 560 730 
0.899 4 4.00 4.00 4.0 4.0 0.156 0.179 23.7240 26.5151 11.63 560 740 
0.901 4 4.00 4.00 4.0 4.0 0.192 0.167 24.1477 27.0454 11.63 560 730 
0.903 4 4.00 4.00 4.0 4.0 0.188 0.147 24.1477 27.5973 11.63 590 770 
0.905 4 4.00 4.00 4.0 4.0 0.176 0.154 24.1477 26.0052 11.63 560 740 
0.907 4 4.00 4.00 4.0 4.0 0.179 0.141 23.7240 25.5145 11.63 560 750 
0.909 4 4.00 4.00 4.0 4.0 0.167 0.152 24.5867 26.5151 11.66 560 740 
0.911 4 4.00 4.00 4.0 4.0 0.181 0.145 25.0420 26.5151 11.66 560 740 
0.913 4 4.00 4.00 4.0 4.0 0.132 0.150 25.0420 26.5151 11.64 590 770 
0.915 4 4.00 4.00 4.0 4.0 0.167 0.167 24.1477 27.0454 11.64 560 730 
0.917 4 4.00 4.00 4.0 4.0 0.127 0.154 24.5867 27.0454 11.64 560 730 
0.919 4 4.00 4.00 4.0 4.0 0.174 0.123 25.0420 27.5973 11.64 560 740 
0.921 4 4.00 4.00 4.0 4.0 0.179 0.134 25.5145 26.5151 11.64 570 740 
0.923 4 4.00 4.00 4.0 4.0 0.161 0.156 25.0420 27.0454 11.63 590 750 
0.925 4 4.00 4.00 4.0 4.0 0.170 0.147 25.5145 27.5973 11.63 560 740 
0.927 4 4.00 4.00 4.0 4.0 0.172 0.129 26.0052 27.5973 11.63 560 740 
0.929 4 4.00 4.00 4.0 4.0 0.163 0.134 26.0052 27.0454 11.66 560 730 
0.931 4 4.00 4.00 4.0 4.0 0.150 0.134 26.5151 26.5151 11.66 560 740 
0.933 4 4.00 4.00 4.0 4.0 0.154 0.136 26.0052 28.1723 11.64 600 760 
0.935 4 4.00 4.00 4.0 4.0 0.154 0.132 26.0052 27.5973 11.64 570 740 
0.937 4 4.00 4.00 4.0 4.0 0.154 0.134 26.5151 28.1723 11.64 570 740 
0.939 4 4.00 4.00 4.0 4.0 0.129 0.156 26.5151 28.7717 11.64 560 740 
0.941 4 4.00 4.00 4.0 4.0 0.145 0.132 26.0052 29.3972 11.64 560 740 
0.943 4 4.00 4.00 4.0 4.0 0.141 0.118 26.5151 28.1723 11.69 590 760 
0.945 4 4.00 4.00 4.0 4.0 0.152 0.132 26.0052 28.7717 11.69 570 740 
0.947 4 4.00 4.00 4.0 4.0 0.129 0.147 26.5151 28.1723 11.69 570 740 
0.949 4 4.00 4.00 4.0 4.0 0.145 0.150 26.5151 27.5973 11.68 560 730 
0.951 4 4.00 4.00 4.0 4.0 0.143 0.127 26.5151 28.1723 11.68 560 730 
0.953 4 4.00 4.00 4.0 4.0 0.143 0.141 27.0454 27.5973 11.68 590 750 
0.955 4 4.00 4.00 4.0 4.0 0.114 0.134 27.5973 28.7717 11.68 570 750 
0.957 4 4.00 4.00 4.0 4.0 0.129 0.114 27.0454 29.3972 11.68 560 730 
0.959 4 4.00 4.00 4.0 4.0 0.118 0.121 27.5973 29.3972 11.69 570 730 
0.961 4 4.00 4.00 4.0 4.0 0.132 0.125 28.1723 29.3972 11.69 560 730 
0.963 4 4.00 4.00 4.0 4.0 0.107 0.125 28.7717 30.0504 11.71 590 760 
0.965 4 4.00 4.00 4.0 4.0 0.121 0.094 28.1723 29.3972 11.71 570 740 
0.967 4 4.00 4.00 4.0 4.0 0.123 0.105 28.1723 28.1723 11.71 560 730 
0.969 4 4.00 4.00 4.0 4.0 0.132 0.134 27.0454 29.3972 11.71 560 730 
0.971 4 4.00 4.00 4.0 4.0 0.114 0.116 28.1723 30.0504 11.71 560 740 
0.973 4 4.00 4.00 4.0 4.0 0.123 0.116 28.1723 30.0504 11.69 590 760 
0.975 4 4.00 4.00 4.0 4.0 0.136 0.116 28.7717 30.0504 11.69 570 740 
0.977 4 4.00 4.00 4.0 4.0 0.121 0.114 28.7717 29.3972 11.69 560 740 
0.979 4 4.00 4.00 4.0 4.0 0.116 0.134 28.7717 30.7334 11.71 570 750 
0.981 4 4.00 4.00 4.0 4.0 0.118 0.116 28.1723 29.3972 11.71 570 740 
0.983 4 4.00 4.00 4.0 4.0 0.132 0.100 28.1723 30.0504 11.71 590 760 
0.985 4 4.00 4.00 4.0 4.0 0.116 0.127 28.7717 30.0504 11.71 580 750 
0.987 4 4.00 4.00 4.0 4.0 0.118 0.103 27.0454 29.3972 11.71 570 730 
0.989 4 4.00 4.00 4.0 4.0 0.129 0.107 27.5973 28.7717 11.69 560 740 
0.991 4 4.00 4.00 4.0 4.0 0.125 0.127 28.7717 30.0504 11.69 560 730 
0.993 4 4.00 4.00 4.0 4.0 0.134 0.116 29.3972 30.7334 11.64 590 760 
0.995 4 4.00 4.00 4.0 4.0 0.109 0.112 28.7717 30.0504 11.64 560 740 
0.997 4 4.00 4.00 4.0 4.0 0.094 0.107 30.0504 30.7334 11.64 560 730 
0.999 4 4.00 4.00 4.0 4.0 0.121 0.112 30.0504 30.7334 11.68 560 740 
1.001 4 4.00 4.00 4.0 4.0 0.094 0.125 30.0504 31.4481 11.68 570 740 
1.003 4 4.00 4.00 4.0 4.0 0.105 0.116 30.0504 31.4481 11.69 590 760 
1.005 4 4.00 4.00 4.0 4.0 0.112 0.098 30.7334 30.7334 11.69 560 740 
1.007 4 4.00 4.00 4.0 4.0 0.109 0.112 30.7334 31.4481 11.69 560 740 
1.009 4 4.00 4.00 4.0 4.0 0.098 0.085 30.7334 30.0504 11.71 560 740 
1.011 4 4.00 4.00 4.0 4.0 0.103 0.092 30.0504 29.3972 11.71 560 730 
1.013 4 4.00 4.00 4.0 4.0 0.114 0.127 29.3972 30.0504 11.68 590 770 
1.015 4 4.00 4.00 4.0 4.0 0.118 0.118 30.0504 31.4481 11.68 570 740 
1.017 4 4.00 4.00 4.0 4.0 0.107 0.107 30.0504 31.4481 11.68 570 740 
1.019 4 4.00 4.00 4.0 4.0 0.087 0.112 30.0504 30.7334 11.72 580 750 
1.021 4 4.00 4.00 4.0 4.0 0.112 0.105 30.0504 32.1969 11.72 560 730 
1.023 4 4.00 4.00 4.0 4.0 0.080 0.096 30.0504 32.1969 11.74 590 770 
1.025 4 4.00 4.00 4.0 4.0 0.098 0.109 30.0504 31.4481 11.74 570 740 
1.027 4 4.00 4.00 4.0 4.0 0.107 0.107 30.0504 31.4481 11.74 570 740 
1.029 4 4.00 4.00 4.0 4.0 0.107 0.103 30.7334 31.4481 11.68 570 740 
1.031 4 4.00 4.00 4.0 4.0 0.096 0.083 30.7334 32.1969 11.68 560 740 
1.033 4 4.00 4.00 4.0 4.0 0.098 0.112 30.0504 31.4481 11.72 590 760 
1.035 4 4.00 4.00 4.0 4.0 0.109 0.114 30.0504 31.4481 11.72 560 740 
1.037 4 4.00 4.00 4.0 4.0 0.105 0.103 30.7334 31.4481 11.72 560 740 
1.039 4 4.00 4.00 4.0 4.0 0.100 0.083 30.7334 32.1969 11.72 560 740 
1.041 4 4.00 4.00 4.0 4.0 0.083 0.085 30.7334 31.4481 11.72 570 740 
1.043 4 4.00 4.00 4.0 4.0 0.107 0.087 30.7334 32.1969 11.72 590 760 
1.045 4 4.00 4.00 4.0 4.0 0.085 0.105 30.7334 32.1969 11.72 570 740 
1.047 4 4.00 4.00 4.0 4.0 0.100 0.098 30.7334 32.9822 11.72 570 740 
1.049 4 4.00 4.00 4.0 4.0 0.105 0.109 30.7334 32.9822 11.72 560 740 
1.051 4 4.00 4.00 4.0 4.0 0.094 0.116 31.4481 32.1969 11.72 570 740 
1.053 4 4.00 4.00 4.0 4.0 0.092 0.080 29.3972 32.1969 11.74 590 770 
1.055 4 4.00 4.00 4.0 4.0 0.100 0.109 30.7334 32.1969 11.74 570 740 
1.057 4 4.00 4.00 4.0 4.0 0.103 0.089 30.7334 32.1969 11.74 560 750 
1.059 4 4.00 4.00 4.0 4.0 0.076 0.089 31.4481 32.9822 11.72 560 730 
1.061 4 4.00 4.00 4.0 4.0 0.094 0.092 31.4481 31.4481 11.72 560 740 
1.063 4 4.00 4.00 4.0 4.0 0.100 0.092 31.4481 32.9822 11.72 590 760 
1.065 4 4.00 4.00 4.0 4.0 0.100 0.085 31.4481 32.9822 11.72 560 740 
1.067 4 4.00 4.00 4.0 4.0 0.092 0.080 31.4481 32.1969 11.72 560 740 
1.069 4 4.00 4.00 4.0 4.0 0.092 0.109 31.4481 32.9822 11.72 560 740 
1.071 4 4.00 4.00 4.0 4.0 0.103 0.089 31.4481 32.9822 11.72 570 740 
1.073 4 4.00 4.00 4.0 4.0 0.096 0.074 32.1969 32.1969 11.72 590 760 
1.075 4 4.00 4.00 4.0 4.0 0.085 0.092 31.4481 32.9822 11.72 570 740 
1.077 4 4.00 4.00 4.0 4.0 0.080 0.094 32.1969 32.9822 11.72 560 740 
1.079 4 4.00 4.00 4.0 4.0 0.089 0.076 32.1969 32.1969 11.71 570 740 
1.081 4 4.00 4.00 4.0 4.0 0.085 0.083 32.1969 32.9822 11.71 580 740 
1.083 4 4.00 4.00 4.0 4.0 0.085 0.089 32.1969 32.1969 11.74 590 760 
1.085 4 4.00 4.00 4.0 4.0 0.087 0.096 32.1969 32.9822 11.74 570 730 
1.087 4 4.00 4.00 4.0 4.0 0.078 0.080 32.1969 32.9822 11.74 580 740 
1.089 4 4.00 4.00 4.0 4.0 0.080 0.105 32.1969 32.9822 11.69 570 750 
1.091 4 4.00 4.00 4.0 4.0 0.087 0.087 32.1969 33.8067 11.69 570 740 
1.093 4 4.00 4.00 4.0 4.0 0.087 0.076 32.1969 33.8067 11.74 590 760 
1.095 4 4.00 4.00 4.0 4.0 0.080 0.076 32.9822 33.8067 11.74 560 730 
1.097 4 4.00 4.00 4.0 4.0 0.083 0.092 32.1969 32.9822 11.74 560 740 
1.101 4 4.00 4.00 4.0 4.0 0.085 0.067 32.9822 32.9822 11.75 560 740 
1.102 4 4.00 4.00 4.0 4.0 0.074 0.078 32.9822 33.8067 11.75 570 740 
1.103 4 4.00 4.00 4.0 4.0 0.076 0.085 32.9822 32.9822 11.75 560 730 
1.105 4 4.00 4.00 4.0 4.0 0.087 0.085 32.9822 33.8067 11.74 560 740 
1.107 4 4.00 4.00 4.0 4.0 0.080 0.074 32.9822 33.8067 11.74 570 730 
1.109 4 4.00 4.00 4.0 4.0 0.078 0.087 32.9822 33.8067 11.72 590 750 
1.111 4 4.00 4.00 4.0 4.0 0.067 0.080 32.9822 33.8067 11.72 570 740 
1.113 4 4.00 4.00 4.0 4.0 0.085 0.062 32.9822 33.8067 11.72 560 730 
1.115 4 4.00 4.00 4.0 4.0 0.065 0.080 33.8067 33.8067 11.74 570 730 
1.117 4 4.00 4.00 4.0 4.0 0.060 0.089 33.8067 32.9822 11.74 560 730 
1.119 4 4.00 4.00 4.0 4.0 0.080 0.065 33.8067 32.9822 11.75 590 760 
1.121 4 4.00 4.00 4.0 4.0 0.083 0.062 33.8067 32.9822 11.75 560 730 
1.123 4 4.00 4.00 4.0 4.0 0.062 0.078 33.8067 32.9822 11.75 560 730 
1.125 4 4.00 4.00 4.0 4.0 0.071 0.087 33.8067 34.6736 11.75 560 730 
1.127 4 4.00 4.00 4.0 4.0 0.069 0.071 33.8067 34.6736 11.75 560 730 
1.129 4 4.00 4.00 4.0 4.0 0.069 0.098 33.8067 33.8067 11.75 590 750 
1.131 4 4.00 4.00 4.0 4.0 0.065 0.071 33.8067 34.6736 11.75 560 740 
1.133 4 4.00 4.00 4.0 4.0 0.076 0.065 33.8067 34.6736 11.75 560 730 
1.135 4 4.00 4.00 4.0 4.0 0.056 0.062 33.8067 34.6736 11.75 560 730 
1.137 4 4.00 4.00 4.0 4.0 0.060 0.078 33.8067 34.6736 11.75 570 740 
1.139 4 4.00 4.00 4.0 4.0 0.076 0.062 33.8067 34.6736 11.75 590 760 
1.141 4 4.00 4.00 4.0 4.0 0.085 0.067 33.8067 34.6736 11.75 570 740 
1.143 4 4.00 4.00 4.0 4.0 0.069 0.067 33.8067 34.6736 11.75 560 730 
1.145 4 4.00 4.00 4.0 4.0 0.074 0.060 33.8067 34.6736 11.75 560 730 
1.147 4 4.00 4.00 4.0 4.0 0.067 0.065 33.8067 33.8067 11.75 570 730 
1.149 4 4.00 4.00 4.0 4.0 0.069 0.089 33.8067 34.6736 11.75 590 750 
1.151 4 4.00 4.00 4.0 4.0 0.054 0.078 33.8067 33.8067 11.75 570 730 
1.153 4 4.00 4.00 4.0 4.0 0.069 0.058 33.8067 33.8067 11.75 560 730 
1.155 4 4.00 4.00 4.0 4.0 0.058 0.083 34.6736 33.8067 11.75 560 730 
1.157 4 4.00 4.00 4.0 4.0 0.058 0.071 34.6736 33.8067 11.75 560 730 
1.159 4 4.00 4.00 4.0 4.0 0.067 0.069 33.8067 34.6736 11.75 590 750 
1.161 4 4.00 4.00 4.0 4.0 0.058 0.080 33.8067 33.8067 11.75 560 720 
1.163 4 4.00 4.00 4.0 4.0 0.060 0.074 33.8067 34.6736 11.75 570 730 
1.165 4 4.00 4.00 4.0 4.0 0.076 0.071 33.8067 33.8067 11.75 560 730 
1.167 4 4.00 4.00 4.0 4.0 0.065 0.067 33.8067 34.6736 11.75 560 730 
1.169 4 4.00 4.00 4.0 4.0 0.062 0.089 33.8067 34.6736 11.75 590 760 
1.171 4 4.00 4.00 4.0 4.0 0.060 0.076 33.8067 33.8067 11.75 570 730 
1.173 4 4.00 4.00 4.0 4.0 0.067 0.060 33.8067 33.8067 11.75 560 720 
1.175 4 4.00 4.00 4.0 4.0 0.062 0.092 34.6736 33.8067 11.71 560 730 
1.177 4 4.00 4.00 4.0 4.0 0.071 0.089 32.9822 34.6736 11.71 570 740 
1.179 4 4.00 4.00 4.0 4.0 0.071 0.071 32.9822 33.8067 11.77 590 760 
1.181 4 4.00 4.00 4.0 4.0 0.051 0.074 33.8067 33.8067 11.77 570 740 
1.183 4 4.00 4.00 4.0 4.0 0.060 0.067 33.8067 33.8067 11.77 560 730 
1.185 4 4.00 4.00 4.0 4.0 0.076 0.078 33.8067 34.6736 11.77 570 730 
1.187 4 4.00 4.00 4.0 4.0 0.069 0.067 33.8067 34.6736 11.77 560 730 
1.189 4 4.00 4.00 4.0 4.0 0.062 0.078 33.8067 34.6736 11.75 590 760 
1.191 4 4.00 4.00 4.0 4.0 0.065 0.062 33.8067 35.5860 11.75 570 730 
1.193 4 4.00 4.00 4.0 4.0 0.065 0.069 33.8067 35.5860 11.75 570 740 
1.195 4 4.00 4.00 4.0 4.0 0.060 0.080 34.6736 34.6736 11.74 570 740 
1.197 4 4.00 4.00 4.0 4.0 0.056 0.060 33.8067 34.6736 11.74 560 740 
1.199 4 4.00 4.00 4.0 4.0 0.062 0.062 34.6736 32.9822 11.79 590 770 
1.201 4 4.00 4.00 4.0 4.0 0.058 0.067 34.6736 33.8067 11.79 560 730 
1.203 4 4.00 4.00 4.0 4.0 0.060 0.069 34.6736 34.6736 11.79 560 740 
1.205 4 4.00 4.00 4.0 4.0 0.071 0.062 33.8067 34.6736 11.77 570 740 
1.207 4 4.00 4.00 4.0 4.0 0.056 0.078 33.8067 34.6736 11.77 560 740 
1.209 4 4.00 4.00 4.0 4.0 0.058 0.060 33.8067 35.5860 11.77 590 750 
1.211 4 4.00 4.00 4.0 4.0 0.074 0.051 33.8067 32.9822 11.77 560 730 
1.213 4 4.00 4.00 4.0 4.0 0.058 0.060 34.6736 35.5860 11.77 560 750 
1.215 4 4.00 4.00 4.0 4.0 0.058 0.067 33.8067 33.8067 11.75 560 730 
1.217 4 4.00 4.00 4.0 4.0 0.056 0.067 33.8067 35.5860 11.75 570 740 
1.219 4 4.00 4.00 4.0 4.0 0.065 0.062 34.6736 32.1969 11.77 590 760 
1.221 4 4.00 4.00 4.0 4.0 0.062 0.065 34.6736 35.5860 11.77 570 750 
1.223 4 4.00 4.00 4.0 4.0 0.065 0.065 34.6736 33.8067 11.77 560 740 
1.225 4 4.00 4.00 4.0 4.0 0.071 0.049 34.6736 34.6736 11.75 570 740 
1.227 4 4.00 4.00 4.0 4.0 0.049 0.074 34.6736 35.5860 11.75 560 740 
1.229 4 4.00 4.00 4.0 4.0 0.058 0.078 33.8067 34.6736 11.75 590 760 
1.231 4 4.00 4.00 4.0 4.0 0.071 0.049 34.6736 34.6736 11.75 560 740 
1.233 4 4.00 4.00 4.0 4.0 0.069 0.087 34.6736 34.6736 11.75 570 740 
1.235 4 4.00 4.00 4.0 4.0 0.058 0.062 33.8067 32.1969 11.77 560 740 
1.237 4 4.00 4.00 4.0 4.0 0.065 0.047 34.6736 34.6736 11.77 560 740 
1.239 4 4.00 4.00 4.0 4.0 0.060 0.062 34.6736 32.9822 11.75 600 770 
1.241 4 4.00 4.00 4.0 4.0 0.065 0.062 34.6736 34.6736 11.75 560 740 
1.243 4 4.00 4.00 4.0 4.0 0.051 0.067 34.6736 34.6736 11.75 560 740 
1.245 4 4.00 4.00 4.0 4.0 0.062 0.054 34.6736 34.6736 11.74 570 740 
1.247 4 4.00 4.00 4.0 4.0 0.056 0.060 34.6736 34.6736 11.74 560 740 
1.249 4 4.00 4.00 4.0 4.0 0.060 0.058 34.6736 35.5860 11.79 590 760 
1.251 4 4.00 4.00 4.0 4.0 0.071 0.062 33.8067 35.5860 11.79 570 740 
1.253 4 4.00 4.00 4.0 4.0 0.047 0.071 34.6736 34.6736 11.79 560 740 
1.255 4 4.00 4.00 4.0 4.0 0.056 0.058 34.6736 34.6736 11.79 570 740 
1.257 4 4.00 4.00 4.0 4.0 0.071 0.049 34.6736 34.6736 11.79 560 740 
1.259 4 4.00 4.00 4.0 4.0 0.069 0.060 33.8067 34.6736 11.75 590 760 
1.261 4 4.00 4.00 4.0 4.0 0.056 0.065 33.8067 35.5860 11.75 570 740 
1.263 4 4.00 4.00 4.0 4.0 0.065 0.042 33.8067 32.9822 11.75 570 740 
1.265 4 4.00 4.00 4.0 4.0 0.058 0.089 33.8067 35.5860 11.75 570 740 
1.267 4 4.00 4.00 4.0 4.0 0.062 0.074 34.6736 34.6736 11.75 570 740 
1.269 4 4.00 4.00 4.0 4.0 0.054 0.054 34.6736 34.6736 11.75 590 760 
1.271 4 4.00 4.00 4.0 4.0 0.065 0.078 34.6736 34.6736 11.75 560 750 
1.273 4 4.00 4.00 4.0 4.0 0.051 0.062 34.6736 35.5860 11.75 560 750 
1.275 4 4.00 4.00 4.0 4.0 0.054 0.058 34.6736 35.5860 11.79 560 750 
1.277 4 4.00 4.00 4.0 4.0 0.060 0.060 34.6736 35.5860 11.79 570 760 
1.279 4 4.00 4.00 4.0 4.0 0.047 0.051 34.6736 35.5860 11.79 590 770 
1.281 4 4.00 4.00 4.0 4.0 0.054 0.062 34.6736 35.5860 11.79 560 740 
1.283 4 4.00 4.00 4.0 4.0 0.069 0.047 34.6736 35.5860 11.79 560 740 
1.285 4 4.00 4.00 4.0 4.0 0.062 0.054 34.6736 36.5478 11.75 560 750 
1.287 4 4.00 4.00 4.0 4.0 0.058 0.054 34.6736 36.5478 11.75 560 750 
1.289 4 4.00 4.00 4.0 4.0 0.071 0.060 34.6736 35.5860 11.53 590 770 
1.291 4 4.00 4.00 4.0 4.0 0.067 0.071 34.6736 35.5860 11.53 570 740 
1.293 4 4.00 4.00 4.0 4.0 0.065 0.060 33.8067 35.5860 11.53 560 730 
1.295 4 4.00 4.00 4.0 4.0 0.049 0.047 33.8067 35.5860 11.74 560 730 
1.297 4 4.00 4.00 4.0 4.0 0.054 0.060 34.6736 35.5860 11.74 560 740 
1.301 4 4.00 4.00 4.0 4.0 0.056 0.054 35.5860 35.5860 11.75 580 760 
1.302 4 4.00 4.00 4.0 4.0 0.049 0.045 35.5860 35.5860 11.75 570 750 
1.303 4 4.00 4.00 4.0 4.0 0.054 0.078 35.5860 35.5860 11.75 560 740 
1.305 4 4.00 4.00 4.0 4.0 0.051 0.076 35.5860 35.5860 11.77 590 770 
1.307 4 4.00 4.00 4.0 4.0 0.042 0.045 34.6736 35.5860 11.77 560 740 
1.309 4 4.00 4.00 4.0 4.0 0.060 0.078 35.5860 35.5860 11.77 560 740 
1.311 4 4.00 4.00 4.0 4.0 0.040 0.054 35.5860 35.5860 11.77 560 740 
1.313 4 4.00 4.00 4.0 4.0 0.047 0.054 35.5860 35.5860 11.77 570 750 
1.315 4 4.00 4.00 4.0 4.0 0.060 0.047 35.5860 34.6736 11.77 590 770 
1.317 4 4.00 4.00 4.0 4.0 0.065 0.047 34.6736 36.5478 11.77 560 750 
1.319 4 4.00 4.00 4.0 4.0 0.054 0.060 34.6736 35.5860 11.77 570 760 
1.321 4 4.00 4.00 4.0 4.0 0.067 0.062 34.6736 35.5860 11.79 560 750 
1.323 4 4.00 4.00 4.0 4.0 0.049 0.056 34.6736 36.5478 11.79 560 750 
1.325 4 4.00 4.00 4.0 4.0 0.054 0.047 35.5860 36.5478 11.77 590 770 
1.327 4 4.00 4.00 4.0 4.0 0.051 0.051 35.5860 35.5860 11.77 560 740 
1.329 4 4.00 4.00 4.0 4.0 0.049 0.058 35.5860 35.5860 11.77 570 740 
1.331 4 4.00 4.00 4.0 4.0 0.054 0.060 35.5860 36.5478 11.77 560 750 
1.333 4 4.00 4.00 4.0 4.0 0.047 0.049 34.6736 35.5860 11.77 560 750 
1.335 4 4.00 4.00 4.0 4.0 0.056 0.051 35.5860 36.5478 11.75 590 770 
1.337 4 4.00 4.00 4.0 4.0 0.051 0.058 35.5860 35.5860 11.75 560 750 
1.339 4 4.00 4.00 4.0 4.0 0.049 0.056 35.5860 35.5860 11.75 560 740 
1.341 4 4.00 4.00 4.0 4.0 0.058 0.078 35.5860 35.5860 11.75 570 750 
1.343 4 4.00 4.00 4.0 4.0 0.045 0.065 35.5860 34.6736 11.75 560 740 
1.345 4 4.00 4.00 4.0 4.0 0.042 0.051 35.5860 34.6736 11.80 590 770 
1.347 4 4.00 4.00 4.0 4.0 0.058 0.080 35.5860 35.5860 11.80 560 740 
1.349 4 4.00 4.00 4.0 4.0 0.038 0.074 35.5860 34.6736 11.80 560 740 
1.351 4 4.00 4.00 4.0 4.0 0.040 0.045 35.5860 35.5860 11.79 560 740 
1.353 4 4.00 4.00 4.0 4.0 0.056 0.056 35.5860 34.6736 11.79 560 750 
1.355 4 4.00 4.00 4.0 4.0 0.056 0.047 35.5860 36.5478 11.79 590 770 
1.357 4 4.00 4.00 4.0 4.0 0.045 0.056 35.5860 36.5478 11.79 560 750 
1.359 4 4.00 4.00 4.0 4.0 0.060 0.071 35.5860 35.5860 11.79 570 750 
1.361 4 4.00 4.00 4.0 4.0 0.054 0.056 35.5860 36.5478 11.75 560 740 
1.363 4 4.00 4.00 4.0 4.0 0.054 0.051 34.6736 35.5860 11.75 560 740 
1.365 4 4.00 4.00 4.0 4.0 0.056 0.060 34.6736 36.5478 11.75 590 770 
1.367 4 4.00 4.00 4.0 4.0 0.056 0.058 35.5860 35.5860 11.75 570 740 
1.369 4 4.00 4.00 4.0 4.0 0.054 0.058 34.6736 35.5860 11.75 560 740 
1.371 4 4.00 4.00 4.0 4.0 0.040 0.058 34.6736 34.6736 11.79 570 750 
1.373 4 4.00 4.00 4.0 4.0 0.049 0.054 35.5860 36.5478 11.79 560 750 
1.375 4 4.00 4.00 4.0 4.0 0.051 0.067 35.5860 35.5860 11.79 590 780 
1.377 4 4.00 4.00 4.0 4.0 0.051 0.060 35.5860 35.5860 11.79 560 750 
1.379 4 4.00 4.00 4.0 4.0 0.045 0.065 35.5860 36.5478 11.79 560 740 
1.381 4 4.00 4.00 4.0 4.0 0.042 0.047 35.5860 36.5478 11.79 570 750 
1.383 4 4.00 4.00 4.0 4.0 0.038 0.047 35.5860 35.5860 11.79 570 750 
1.385 4 4.00 4.00 4.0 4.0 0.051 0.062 36.5478 35.5860 11.75 590 760 
1.387 4 4.00 4.00 4.0 4.0 0.033 0.058 36.5478 35.5860 11.75 570 740 
1.389 4 4.00 4.00 4.0 4.0 0.036 0.042 36.5478 35.5860 11.75 560 740 
1.391 4 4.00 4.00 4.0 4.0 0.054 0.065 35.5860 35.5860 11.77 570 750 
1.393 4 4.00 4.00 4.0 4.0 0.042 0.062 35.5860 36.5478 11.77 570 750 
1.395 4 4.00 4.00 4.0 4.0 0.045 0.047 35.5860 36.5478 11.79 590 770 
1.397 4 4.00 4.00 4.0 4.0 0.062 0.080 35.5860 35.5860 11.79 570 750 
1.399 4 4.00 4.00 4.0 4.0 0.056 0.060 35.5860 32.9822 11.79 560 750 
1.401 4 4.00 4.00 4.0 4.0 0.045 0.045 35.5860 34.6736 11.75 570 750 
1.403 4 4.00 4.00 4.0 4.0 0.062 0.080 35.5860 34.6736 11.75 570 750 
1.405 4 4.00 4.00 4.0 4.0 0.047 0.058 36.5478 35.5860 11.75 590 760 
1.407 4 4.00 4.00 4.0 4.0 0.051 0.062 35.5860 34.6736 11.75 560 750 
1.409 4 4.00 4.00 4.0 4.0 0.051 0.060 34.6736 34.6736 11.75 570 740 
1.411 4 4.00 4.00 4.0 4.0 0.042 0.065 35.5860 34.6736 11.77 570 740 
1.413 4 4.00 4.00 4.0 4.0 0.047 0.062 35.5860 35.5860 11.77 570 740 
1.415 4 4.00 4.00 4.0 4.0 0.042 0.054 35.5860 35.5860 11.77 590 760 
1.417 4 4.00 4.00 4.0 4.0 0.049 0.065 35.5860 35.5860 11.77 560 740 
1.419 4 4.00 4.00 4.0 4.0 0.049 0.040 35.5860 35.5860 11.77 560 740 
1.421 4 4.00 4.00 4.0 4.0 0.047 0.056 35.5860 35.5860 11.80 570 750 
1.423 4 4.00 4.00 4.0 4.0 0.049 0.069 35.5860 35.5860 11.80 560 740 
1.425 4 4.00 4.00 4.0 4.0 0.045 0.054 35.5860 34.6736 11.79 590 770 
1.427 4 4.00 4.00 4.0 4.0 0.042 0.051 35.5860 34.6736 11.79 570 750 
1.429 4 4.00 4.00 4.0 4.0 0.056 0.056 35.5860 35.5860 11.79 560 740 
1.431 4 4.00 4.00 4.0 4.0 0.040 0.060 35.5860 36.5478 11.79 560 740 
1.433 4 4.00 4.00 4.0 4.0 0.042 0.051 35.5860 35.5860 11.79 560 740 
1.435 4 4.00 4.00 4.0 4.0 0.062 0.071 35.5860 35.5860 11.75 590 770 
1.437 4 4.00 4.00 4.0 4.0 0.040 0.058 35.5860 34.6736 11.75 570 740 
1.439 4 4.00 4.00 4.0 4.0 0.045 0.051 35.5860 35.5860 11.75 570 740 
1.441 4 4.00 4.00 4.0 4.0 0.065 0.071 35.5860 35.5860 11.80 570 750 
1.443 4 4.00 4.00 4.0 4.0 0.042 0.062 36.5478 36.5478 11.80 570 750 
1.445 4 4.00 4.00 4.0 4.0 0.045 0.065 35.5860 34.6736 11.79 590 770 
1.447 4 4.00 4.00 4.0 4.0 0.049 0.054 36.5478 35.5860 11.79 560 740 
1.449 4 4.00 4.00 4.0 4.0 0.045 0.056 36.5478 35.5860 11.79 560 740 
1.451 4 4.00 4.00 4.0 4.0 0.042 0.065 36.5478 35.5860 11.80 560 750 
1.453 4 4.00 4.00 4.0 4.0 0.049 0.038 36.5478 35.5860 11.80 560 740 
1.455 4 4.00 4.00 4.0 4.0 0.040 0.056 36.5478 35.5860 11.80 590 770 
1.457 4 4.00 4.00 4.0 4.0 0.045 0.042 36.5478 36.5478 11.80 570 740 
1.459 4 4.00 4.00 4.0 4.0 0.040 0.051 35.5860 36.5478 11.80 570 740 
1.461 4 4.00 4.00 4.0 4.0 0.045 0.060 36.5478 36.5478 11.77 560 740 
1.463 4 4.00 4.00 4.0 4.0 0.042 0.054 36.5478 35.5860 11.77 560 750 
1.465 4 4.00 4.00 4.0 4.0 0.038 0.045 35.5860 36.5478 11.80 590 770 
1.467 4 4.00 4.00 4.0 4.0 0.045 0.049 36.5478 36.5478 11.80 560 750 
1.469 4 4.00 4.00 4.0 4.0 0.047 0.054 36.5478 36.5478 11.80 570 750 
1.471 4 4.00 4.00 4.0 4.0 0.042 0.049 36.5478 35.5860 11.79 570 750 
1.473 4 4.00 4.00 4.0 4.0 0.049 0.062 36.5478 36.5478 11.79 570 750 
1.475 4 4.00 4.00 4.0 4.0 0.042 0.069 36.5478 35.5860 11.77 600 770 
1.477 4 4.00 4.00 4.0 4.0 0.038 0.040 35.5860 35.5860 11.77 560 750 
1.479 4 4.00 4.00 4.0 4.0 0.051 0.080 35.5860 35.5860 11.77 570 760 
1.481 4 4.00 4.00 4.0 4.0 0.031 0.069 36.5478 34.6736 11.75 570 740 
1.483 4 4.00 4.00 4.0 4.0 0.031 0.051 36.5478 35.5860 11.75 560 740 
1.485 4 4.00 4.00 4.0 4.0 0.045 0.058 36.5478 34.6736 11.79 590 770 
1.487 4 4.00 4.00 4.0 4.0 0.033 0.051 36.5478 35.5860 11.79 570 750 
1.489 4 4.00 4.00 4.0 4.0 0.038 0.056 36.5478 35.5860 11.79 560 750 
1.491 4 4.00 4.00 4.0 4.0 0.051 0.069 36.5478 35.5860 11.79 560 750 
1.493 4 4.00 4.00 4.0 4.0 0.038 0.054 36.5478 36.5478 11.79 560 740 
1.495 4 4.00 4.00 4.0 4.0 0.036 0.036 36.5478 35.5860 11.79 590 760 
1.497 4 4.00 4.00 4.0 4.0 0.054 0.047 36.5478 36.5478 11.79 560 740 
1.501 4 4.00 4.00 4.0 4.0 0.040 0.051 36.5478 36.5478 11.79 560 740 
1.502 4 4.00 4.00 4.0 4.0 0.031 0.045 36.5478 35.5860 11.80 600 770 
1.503 4 4.00 4.00 4.0 4.0 0.047 0.047 36.5478 35.5860 11.80 570 750 
1.505 4 4.00 4.00 4.0 4.0 0.042 0.042 36.5478 35.5860 11.80 570 740 
1.507 4 4.00 4.00 4.0 4.0 0.040 0.062 36.5478 36.5478 11.79 570 750 
1.509 4 4.00 4.00 4.0 4.0 0.051 0.045 36.5478 36.5478 11.79 560 740 
1.511 4 4.00 4.00 4.0 4.0 0.040 0.051 36.5478 36.5478 11.79 590 770 
1.513 4 4.00 4.00 4.0 4.0 0.036 0.036 36.5478 36.5478 11.79 560 740 
1.515 4 4.00 4.00 4.0 4.0 0.049 0.049 36.5478 36.5478 11.79 570 740 
1.517 4 4.00 4.00 4.0 4.0 0.036 0.060 36.5478 36.5478 11.74 560 740 
1.519 4 4.00 4.00 4.0 4.0 0.036 0.058 35.5860 35.5860 11.74 570 760 
1.521 4 4.00 4.00 4.0 4.0 0.040 0.042 36.5478 36.5478 11.79 590 770 
1.523 4 4.00 4.00 4.0 4.0 0.036 0.056 36.5478 36.5478 11.79 570 740 
1.525 4 4.00 4.00 4.0 4.0 0.036 0.054 36.5478 36.5478 11.79 570 760 
1.527 4 4.00 4.00 4.0 4.0 0.040 0.051 36.5478 35.5860 11.79 560 740 
1.529 4 4.00 4.00 4.0 4.0 0.036 0.080 36.5478 36.5478 11.79 570 750 
1.531 4 4.00 4.00 4.0 4.0 0.040 0.058 35.5860 35.5860 11.74 590 760 
1.533 4 4.00 4.00 4.0 4.0 0.036 0.038 36.5478 35.5860 11.74 560 740 
1.535 4 4.00 4.00 4.0 4.0 0.040 0.074 36.5478 35.5860 11.74 560 740 
1.537 4 4.00 4.00 4.0 4.0 0.038 0.060 37.5630 35.5860 11.80 560 740 
1.539 4 4.00 4.00 4.0 4.0 0.036 0.042 35.5860 35.5860 11.80 560 740 
1.541 4 4.00 4.00 4.0 4.0 0.042 0.054 34.6736 34.6736 11.77 590 770 
1.543 4 4.00 4.00 4.0 4.0 0.047 0.058 36.5478 35.5860 11.77 570 740 
1.545 4 4.00 4.00 4.0 4.0 0.045 0.058 36.5478 35.5860 11.77 570 740 
1.547 4 4.00 4.00 4.0 4.0 0.047 0.074 36.5478 35.5860 11.77 560 740 
1.549 4 4.00 4.00 4.0 4.0 0.036 0.058 36.5478 35.5860 11.77 570 750 
1.551 4 4.00 4.00 4.0 4.0 0.036 0.056 36.5478 34.6736 11.77 590 770 
1.553 4 4.00 4.00 4.0 4.0 0.045 0.060 36.5478 35.5860 11.77 560 750 
1.555 4 4.00 4.00 4.0 4.0 0.029 0.060 36.5478 35.5860 11.77 570 740 
1.557 4 4.00 4.00 4.0 4.0 0.027 0.065 36.5478 36.5478 11.80 570 750 
1.559 4 4.00 4.00 4.0 4.0 0.042 0.049 36.5478 35.5860 11.80 560 740 
1.561 4 4.00 4.00 4.0 4.0 0.029 0.049 36.5478 36.5478 11.77 590 760 
1.563 4 4.00 4.00 4.0 4.0 0.033 0.056 36.5478 35.5860 11.77 560 740 
1.565 4 4.00 4.00 4.0 4.0 0.049 0.058 36.5478 36.5478 11.77 560 740 
1.567 4 4.00 4.00 4.0 4.0 0.031 0.060 36.5478 36.5478 11.77 570 740 
1.569 4 4.00 4.00 4.0 4.0 0.031 0.049 36.5478 36.5478 11.77 560 740 
1.571 4 4.00 4.00 4.0 4.0 0.047 0.049 36.5478 35.5860 11.80 590 770 
1.573 4 4.00 4.00 4.0 4.0 0.036 0.067 37.5630 35.5860 11.80 560 730 
1.575 4 4.00 4.00 4.0 4.0 0.031 0.045 36.5478 35.5860 11.80 560 740 
1.577 4 4.00 4.00 4.0 4.0 0.051 0.049 36.5478 35.5860 11.80 560 740 
1.579 4 4.00 4.00 4.0 4.0 0.045 0.060 36.5478 35.5860 11.80 560 740 
1.581 4 4.00 4.00 4.0 4.0 0.038 0.058 36.5478 36.5478 11.77 590 760 
1.583 4 4.00 4.00 4.0 4.0 0.047 0.042 36.5478 36.5478 11.77 560 740 
1.585 4 4.00 4.00 4.0 4.0 0.042 0.083 36.5478 35.5860 11.77 560 730 
1.587 4 4.00 4.00 4.0 4.0 0.038 0.067 36.5478 34.6736 11.79 570 740 
1.589 4 4.00 4.00 4.0 4.0 0.051 0.047 35.5860 35.5860 11.79 560 740 
1.591 4 4.00 4.00 4.0 4.0 0.033 0.076 36.5478 35.5860 11.79 590 770 
1.593 4 4.00 4.00 4.0 4.0 0.036 0.056 35.5860 35.5860 11.79 560 740 
1.595 4 4.00 4.00 4.0 4.0 0.042 0.058 36.5478 35.5860 11.79 570 740 
1.597 4 4.00 4.00 4.0 4.0 0.040 0.047 36.5478 35.5860 11.80 560 740 
1.599 4 4.00 4.00 4.0 4.0 0.045 0.049 36.5478 35.5860 11.80 560 740 
1.601 4 4.00 4.00 4.0 4.0 0.040 0.045 36.5478 35.5860 11.77 590 770 
1.603 4 4.00 4.00 4.0 4.0 0.038 0.058 36.5478 35.5860 11.77 570 740 
1.605 4 4.00 4.00 4.0 4.0 0.045 0.056 36.5478 35.5860 11.77 560 740 
1.607 4 4.00 4.00 4.0 4.0 0.036 0.054 36.5478 36.5478 11.79 560 730 
1.609 4 4.00 4.00 4.0 4.0 0.047 0.049 36.5478 36.5478 11.79 560 730 
1.611 4 4.00 4.00 4.0 4.0 0.042 0.056 36.5478 35.5860 11.79 590 750 
1.613 4 4.00 4.00 4.0 4.0 0.042 0.062 35.5860 35.5860 11.79 560 740 
1.615 4 4.00 4.00 4.0 4.0 0.045 0.054 36.5478 35.5860 11.79 560 740 
1.617 4 4.00 4.00 4.0 4.0 0.045 0.058 36.5478 36.5478 11.79 560 740 
1.619 4 4.00 4.00 4.0 4.0 0.045 0.058 35.5860 36.5478 11.79 560 750 
1.621 4 4.00 4.00 4.0 4.0 0.049 0.042 36.5478 35.5860 11.79 590 760 
1.623 4 4.00 4.00 4.0 4.0 0.040 0.071 36.5478 36.5478 11.79 570 730 
1.625 4 4.00 4.00 4.0 4.0 0.033 0.065 35.5860 35.5860 11.79 560 730 
1.627 4 4.00 4.00 4.0 4.0 0.054 0.051 36.5478 35.5860 11.79 570 750 
1.629 4 4.00 4.00 4.0 4.0 0.033 0.074 36.5478 35.5860 11.79 570 750 
1.631 4 4.00 4.00 4.0 4.0 0.036 0.069 35.5860 34.6736 11.79 590 760 
1.633 4 4.00 4.00 4.0 4.0 0.056 0.045 36.5478 35.5860 11.79 560 740 
1.635 4 4.00 4.00 4.0 4.0 0.038 0.047 36.5478 34.6736 11.79 560 740 
1.637 4 4.00 4.00 4.0 4.0 0.040 0.051 36.5478 36.5478 11.79 560 740 
1.639 4 4.00 4.00 4.0 4.0 0.056 0.054 36.5478 36.5478 11.79 570 740 
1.641 4 4.00 4.00 4.0 4.0 0.051 0.058 36.5478 36.5478 11.77 590 760 
1.643 4 4.00 4.00 4.0 4.0 0.038 0.054 36.5478 36.5478 11.77 560 740 
1.645 4 4.00 4.00 4.0 4.0 0.058 0.049 36.5478 35.5860 11.77 570 740 
1.647 4 4.00 4.00 4.0 4.0 0.038 0.065 37.5630 36.5478 11.75 560 740 
1.649 4 4.00 4.00 4.0 4.0 0.040 0.049 36.5478 36.5478 11.75 560 740 
1.651 4 4.00 4.00 4.0 4.0 0.051 0.060 36.5478 35.5860 11.77 590 770 
1.653 4 4.00 4.00 4.0 4.0 0.045 0.060 36.5478 35.5860 11.77 570 740 
1.655 4 4.00 4.00 4.0 4.0 0.045 0.040 36.5478 35.5860 11.77 560 740 
1.657 4 4.00 4.00 4.0 4.0 0.047 0.058 36.5478 36.5478 11.79 570 750 
1.659 4 4.00 4.00 4.0 4.0 0.042 0.058 36.5478 36.5478 11.79 570 740 
1.661 4 4.00 4.00 4.0 4.0 0.040 0.056 36.5478 36.5478 11.79 590 760 
1.663 4 4.00 4.00 4.0 4.0 0.045 0.049 35.5860 36.5478 11.79 570 750 
1.665 4 4.00 4.00 4.0 4.0 0.047 0.045 36.5478 36.5478 11.79 570 740 
1.667 4 4.00 4.00 4.0 4.0 0.047 0.056 36.5478 36.5478 11.79 560 740 
1.669 4 4.00 4.00 4.0 4.0 0.040 0.056 35.5860 35.5860 11.79 570 750 
1.671 4 4.00 4.00 4.0 4.0 0.045 0.040 36.5478 36.5478 11.79 590 760 
1.673 4 4.00 4.00 4.0 4.0 0.047 0.054 36.5478 36.5478 11.79 580 750 
1.675 4 4.00 4.00 4.0 4.0 0.042 0.049 36.5478 36.5478 11.79 570 740 
1.677 4 4.00 4.00 4.0 4.0 0.047 0.038 36.5478 36.5478 11.77 560 740 
1.679 4 4.00 4.00 4.0 4.0 0.040 0.058 36.5478 36.5478 11.77 560 740 
1.681 4 4.00 4.00 4.0 4.0 0.033 0.038 35.5860 36.5478 11.80 590 760 
1.683 4 4.00 4.00 4.0 4.0 0.047 0.036 36.5478 36.5478 11.80 560 750 
1.685 4 4.00 4.00 4.0 4.0 0.031 0.065 36.5478 34.6736 11.80 560 740 
1.687 4 4.00 4.00 4.0 4.0 0.027 0.047 36.5478 36.5478 11.80 560 730 
1.689 4 4.00 4.00 4.0 4.0 0.047 0.040 36.5478 35.5860 11.80 560 740 
1.691 4 4.00 4.00 4.0 4.0 0.036 0.051 36.5478 36.5478 11.77 590 770 
1.693 4 4.00 4.00 4.0 4.0 0.040 0.062 36.5478 36.5478 11.77 560 740 
1.695 4 4.00 4.00 4.0 4.0 0.060 0.045 36.5478 36.5478 11.77 570 740 
1.697 4 4.00 4.00 4.0 4.0 0.040 0.069 36.5478 36.5478 11.79 570 740 
1.699 4 4.00 4.00 4.0 4.0 0.040 0.058 35.5860 35.5860 11.79 570 740 
1.701 4 4.00 4.00 4.0 4.0 0.060 0.042 35.5860 35.5860 11.77 590 750 
1.703 4 4.00 4.00 4.0 4.0 0.047 0.071 36.5478 35.5860 11.77 570 740 
1.705 4 4.00 4.00 4.0 4.0 0.036 0.058 35.5860 36.5478 11.77 560 740 
1.707 4 4.00 4.00 4.0 4.0 0.051 0.051 36.5478 35.5860 11.79 560 740 
1.709 4 4.00 4.00 4.0 4.0 0.047 0.051 36.5478 35.5860 11.79 560 750 
1.711 4 4.00 4.00 4.0 4.0 0.047 0.049 36.5478 36.5478 11.80 590 760 
1.713 4 4.00 4.00 4.0 4.0 0.051 0.062 36.5478 35.5860 11.80 570 740 
1.715 4 4.00 4.00 4.0 4.0 0.042 0.060 36.5478 36.5478 11.80 560 730 
1.717 4 4.00 4.00 4.0 4.0 0.042 0.058 36.5478 36.5478 11.75 560 740 
1.719 4 4.00 4.00 4.0 4.0 0.047 0.054 35.5860 36.5478 11.75 570 740 
1.721 4 4.00 4.00 4.0 4.0 0.047 0.054 34.6736 35.5860 11.80 590 760 
1.723 4 4.00 4.00 4.0 4.0 0.042 0.062 35.5860 35.5860 11.80 570 740 
1.725 4 4.00 4.00 4.0 4.0 0.038 0.056 35.5860 35.5860 11.80 560 740 
1.727 4 4.00 4.00 4.0 4.0 0.047 0.049 35.5860 35.5860 11.79 560 740 
1.729 4 4.00 4.00 4.0 4.0 0.051 0.056 35.5860 36.5478 11.79 560 740 
1.731 4 4.00 4.00 4.0 4.0 0.051 0.054 35.5860 34.6736 11.75 590 760 
1.733 4 4.00 4.00 4.0 4.0 0.051 0.051 35.5860 36.5478 11.75 560 730 
1.735 4 4.00 4.00 4.0 4.0 0.047 0.065 35.5860 36.5478 11.75 560 740 
1.737 4 4.00 4.00 4.0 4.0 0.040 0.054 35.5860 35.5860 11.79 560 740 
1.739 4 4.00 4.00 4.0 4.0 0.054 0.038 35.5860 35.5860 11.79 560 740 
1.741 4 4.00 4.00 4.0 4.0 0.036 0.071 36.5478 36.5478 11.79 590 760 
1.743 4 4.00 4.00 4.0 4.0 0.031 0.056 36.5478 35.5860 11.79 560 740 
1.745 4 4.00 4.00 4.0 4.0 0.051 0.045 36.5478 34.6736 11.79 570 740 
1.747 4 4.00 4.00 4.0 4.0 0.038 0.060 36.5478 35.5860 11.77 560 740 
1.749 4 4.00 4.00 4.0 4.0 0.038 0.058 36.5478 36.5478 11.77 560 740 
1.751 4 4.00 4.00 4.0 4.0 0.054 0.047 36.5478 35.5860 11.79 590 760 
1.753 4 4.00 4.00 4.0 4.0 0.040 0.080 36.5478 36.5478 11.79 570 740 
1.755 4 4.00 4.00 4.0 4.0 0.036 0.060 35.5860 36.5478 11.79 570 750 
1.757 4 4.00 4.00 4.0 4.0 0.058 0.045 36.5478 34.6736 11.79 560 740 
1.759 4 4.00 4.00 4.0 4.0 0.038 0.062 36.5478 35.5860 11.79 560 740 
1.761 4 4.00 4.00 4.0 4.0 0.033 0.062 35.5860 35.5860 11.77 590 760 
1.763 4 4.00 4.00 4.0 4.0 0.051 0.060 36.5478 35.5860 11.77 570 750 
1.765 4 4.00 4.00 4.0 4.0 0.047 0.071 35.5860 34.6736 11.77 570 750 
1.767 4 4.00 4.00 4.0 4.0 0.047 0.051 35.5860 33.8067 11.77 560 740 
1.769 4 4.00 4.00 4.0 4.0 0.049 0.067 35.5860 35.5860 11.77 560 730 
1.771 4 4.00 4.00 4.0 4.0 0.038 0.058 35.5860 35.5860 11.77 590 760 
1.773 4 4.00 4.00 4.0 4.0 0.045 0.069 35.5860 35.5860 11.77 560 740 
1.775 4 4.00 4.00 4.0 4.0 0.045 0.049 36.5478 36.5478 11.77 560 740 
1.777 4 4.00 4.00 4.0 4.0 0.047 0.054 36.5478 35.5860 11.77 560 740 
1.779 4 4.00 4.00 4.0 4.0 0.042 0.076 35.5860 35.5860 11.77 560 740 
1.781 4 4.00 4.00 4.0 4.0 0.038 0.058 35.5860 34.6736 11.79 600 770 
1.783 4 4.00 4.00 4.0 4.0 0.047 0.047 35.5860 34.6736 11.79 570 740 
1.785 4 4.00 4.00 4.0 4.0 0.047 0.074 35.5860 34.6736 11.79 560 730 
1.787 4 4.00 4.00 4.0 4.0 0.047 0.071 35.5860 35.5860 11.77 560 730 
1.789 4 4.00 4.00 4.0 4.0 0.049 0.060 35.5860 34.6736 11.77 570 740 
1.791 4 4.00 4.00 4.0 4.0 0.045 0.083 35.5860 34.6736 11.77 590 770 
1.793 4 4.00 4.00 4.0 4.0 0.038 0.069 35.5860 35.5860 11.77 570 750 
1.795 4 4.00 4.00 4.0 4.0 0.049 0.054 35.5860 34.6736 11.77 560 740 
1.797 4 4.00 4.00 4.0 4.0 0.033 0.065 36.5478 35.5860 11.80 560 730 
1.799 4 4.00 4.00 4.0 4.0 0.031 0.062 36.5478 35.5860 11.80 570 740 
1.801 4 4.00 4.00 4.0 4.0 0.051 0.065 36.5478 35.5860 11.75 590 750 
1.803 4 4.00 4.00 4.0 4.0 0.040 0.067 36.5478 34.6736 11.75 560 740 
1.805 4 4.00 4.00 4.0 4.0 0.042 0.058 36.5478 35.5860 11.75 560 740 
1.807 4 4.00 4.00 4.0 4.0 0.062 0.065 36.5478 34.6736 11.75 560 740 
1.809 4 4.00 4.00 4.0 4.0 0.051 0.056 36.5478 35.5860 11.75 560 740 
1.811 4 4.00 4.00 4.0 4.0 0.045 0.074 32.9822 35.5860 11.75 590 760 
1.813 4 4.00 4.00 4.0 4.0 0.060 0.062 36.5478 34.6736 11.75 570 740 
1.815 4 4.00 4.00 4.0 4.0 0.042 0.045 36.5478 34.6736 11.75 570 740 
1.817 4 4.00 4.00 4.0 4.0 0.038 0.087 35.5860 35.5860 11.77 560 730 
1.819 4 4.00 4.00 4.0 4.0 0.047 0.078 36.5478 34.6736 11.77 570 750 
1.821 4 4.00 4.00 4.0 4.0 0.040 0.056 36.5478 34.6736 11.77 590 760 
1.823 4 4.00 4.00 4.0 4.0 0.040 0.056 36.5478 34.6736 11.77 570 750 
1.825 4 4.00 4.00 4.0 4.0 0.047 0.065 36.5478 35.5860 11.77 570 740 
1.827 4 4.00 4.00 4.0 4.0 0.045 0.067 36.5478 35.5860 11.79 570 750 
1.829 4 4.00 4.00 4.0 4.0 0.042 0.071 36.5478 35.5860 11.79 560 740 
1.831 4 4.00 4.00 4.0 4.0 0.042 0.054 36.5478 35.5860 11.79 590 760 
1.833 4 4.00 4.00 4.0 4.0 0.042 0.051 36.5478 35.5860 11.79 560 740 
1.835 4 4.00 4.00 4.0 4.0 0.042 0.058 36.5478 35.5860 11.79 560 740 
1.837 4 4.00 4.00 4.0 4.0 0.036 0.062 35.5860 35.5860 11.77 560 740 
1.839 4 4.00 4.00 4.0 4.0 0.042 0.060 36.5478 35.5860 11.77 560 740 
1.841 4 4.00 4.00 4.0 4.0 0.049 0.054 36.5478 34.6736 11.79 590 760 
1.843 4 4.00 4.00 4.0 4.0 0.042 0.067 36.5478 35.5860 11.79 560 740 
1.845 4 4.00 4.00 4.0 4.0 0.047 0.060 36.5478 35.5860 11.79 560 740 
1.847 4 4.00 4.00 4.0 4.0 0.042 0.060 36.5478 34.6736 11.77 560 750 
1.849 4 4.00 4.00 4.0 4.0 0.038 0.089 36.5478 34.6736 11.77 560 740 
1.851 4 4.00 4.00 4.0 4.0 0.047 0.080 36.5478 33.8067 11.75 590 750 
1.853 4 4.00 4.00 4.0 4.0 0.036 0.049 37.5630 33.8067 11.75 560 730 
1.855 4 4.00 4.00 4.0 4.0 0.031 0.096 37.5630 33.8067 11.75 570 740 
1.857 4 4.00 4.00 4.0 4.0 0.045 0.071 37.5630 34.6736 11.72 570 730 
1.859 4 4.00 4.00 4.0 4.0 0.036 0.069 36.5478 33.8067 11.72 570 730 
1.861 4 4.00 4.00 4.0 4.0 0.036 0.074 36.5478 34.6736 11.79 590 770 
1.863 4 4.00 4.00 4.0 4.0 0.045 0.058 36.5478 33.8067 11.79 570 740 
1.865 4 4.00 4.00 4.0 4.0 0.031 0.085 36.5478 34.6736 11.79 570 740 
1.867 4 4.00 4.00 4.0 4.0 0.033 0.078 36.5478 34.6736 11.79 570 740 
1.869 4 4.00 4.00 4.0 4.0 0.049 0.076 36.5478 34.6736 11.79 560 750 
1.871 4 4.00 4.00 4.0 4.0 0.031 0.054 37.5630 35.5860 11.79 590 760 
1.873 4 4.00 4.00 4.0 4.0 0.027 0.058 37.5630 33.8067 11.79 570 740 
1.875 4 4.00 4.00 4.0 4.0 0.049 0.087 36.5478 34.6736 11.79 570 750 
1.877 4 4.00 4.00 4.0 4.0 0.029 0.071 36.5478 33.8067 11.79 570 730 
1.879 4 4.00 4.00 4.0 4.0 0.033 0.060 36.5478 34.6736 11.79 560 740 
1.881 4 4.00 4.00 4.0 4.0 0.051 0.067 36.5478 32.9822 11.75 590 770 
1.883 4 4.00 4.00 4.0 4.0 0.031 0.071 36.5478 34.6736 11.75 560 740 
1.885 4 4.00 4.00 4.0 4.0 0.029 0.071 36.5478 34.6736 11.75 560 740 
1.887 4 4.00 4.00 4.0 4.0 0.049 0.074 37.5630 34.6736 11.79 560 740 
1.889 4 4.00 4.00 4.0 4.0 0.027 0.076 37.5630 34.6736 11.79 560 730 
1.891 4 4.00 4.00 4.0 4.0 0.022 0.067 37.5630 34.6736 11.80 590 760 
1.893 4 4.00 4.00 4.0 4.0 0.038 0.074 37.5630 34.6736 11.80 570 740 
1.895 4 4.00 4.00 4.0 4.0 0.022 0.078 37.5630 33.8067 11.80 560 740 
1.897 4 4.00 4.00 4.0 4.0 0.025 0.069 37.5630 32.9822 11.79 560 740 
1.901 4 4.00 4.00 4.0 4.0 0.045 0.067 37.5630 32.9822 11.79 560 750 
1.902 4 4.00 4.00 4.0 4.0 0.036 0.074 37.5630 34.6736 11.79 560 740 
1.903 4 4.00 4.00 4.0 4.0 0.029 0.092 36.5478 34.6736 11.83 560 740 
1.905 4 4.00 4.00 4.0 4.0 0.049 0.067 36.5478 33.8067 11.83 570 740 
1.907 4 4.00 4.00 4.0 4.0 0.036 0.089 36.5478 32.9822 11.77 590 760 
1.909 4 4.00 4.00 4.0 4.0 0.029 0.080 36.5478 33.8067 11.77 560 740 
1.911 4 4.00 4.00 4.0 4.0 0.047 0.065 37.5630 34.6736 11.77 560 740 
1.913 4 4.00 4.00 4.0 4.0 0.042 0.080 37.5630 33.8067 11.75 560 740 
1.915 4 4.00 4.00 4.0 4.0 0.031 0.107 37.5630 33.8067 11.75 570 730 
1.917 4 4.00 4.00 4.0 4.0 0.047 0.074 37.5630 32.9822 11.75 590 770 
1.919 4 4.00 4.00 4.0 4.0 0.045 0.067 37.5630 32.9822 11.75 560 740 
1.921 4 4.00 4.00 4.0 4.0 0.029 0.087 36.5478 32.9822 11.75 570 750 
1.923 4 4.00 4.00 4.0 4.0 0.045 0.089 36.5478 33.8067 11.79 570 740 
1.925 4 4.00 4.00 4.0 4.0 0.033 0.080 37.5630 32.9822 11.79 560 750 
1.927 4 4.00 4.00 4.0 4.0 0.029 0.092 36.5478 33.8067 11.77 590 760 
1.929 4 4.00 4.00 4.0 4.0 0.042 0.080 37.5630 33.8067 11.77 560 730 
1.931 4 4.00 4.00 4.0 4.0 0.033 0.076 37.5630 33.8067 11.77 560 730 
1.933 4 4.00 4.00 4.0 4.0 0.031 0.078 37.5630 33.8067 11.79 560 740 
1.935 4 4.00 4.00 4.0 4.0 0.047 0.094 37.5630 32.9822 11.79 560 740 
1.937 4 4.00 4.00 4.0 4.0 0.036 0.071 37.5630 32.9822 11.79 590 760 
1.939 4 4.00 4.00 4.0 4.0 0.033 0.076 37.5630 32.9822 11.79 570 740 
1.941 4 4.00 4.00 4.0 4.0 0.049 0.083 37.5630 32.1969 11.79 560 740 
