%  1    time 0.000 sec
%  2    mission (0) state 2
%  3  4 Motor velocity ref left, right: 20.00 20.00
%  5  6 Motor voltage [V] left, right: 12.1 12.1
%  7  8 Motor current left, right [A]: 0.000 0.000
%  9 10 Wheel velocity [r/s] left, right: -0.0039 0.0039
% 11    Battery voltage [V]: 12.09
% 12 13 Get data time [us]: 570 +ctrl 880
0.001 2 20.00 20.00 2.6 2.5 0.504 0.618 -0.0039 0.0038 12.09 560 820 
0.002 2 20.00 20.00 1.8 1.7 0.674 0.654 -0.0039 0.0038 12.09 570 820 
0.003 2 20.00 20.00 3.7 3.7 0.422 0.335 -0.0039 0.0038 12.09 560 820 
0.004 2 20.00 20.00 3.5 3.5 0.366 0.335 0.0039 0.0038 11.96 590 910 
0.005 2 20.00 20.00 3.2 3.1 0.395 0.382 0.0039 0.0038 11.96 560 880 
0.006 2 20.00 20.00 3.2 3.2 0.375 0.382 0.0039 0.0038 11.96 570 890 
0.007 2 20.00 20.00 0.8 3.2 0.342 0.366 4.9899 0.0038 11.96 560 890 
0.008 2 20.00 20.00 6.2 0.8 0.185 0.357 4.9899 5.7300 11.96 560 880 
0.009 2 20.00 20.00 2.6 6.4 0.301 0.190 6.6944 5.7300 11.90 590 910 
0.010 2 20.00 20.00 4.3 4.3 0.337 0.283 6.6944 6.1467 11.90 570 890 
0.011 2 20.00 20.00 4.3 4.2 0.283 0.504 7.6399 6.1467 11.90 560 840 
0.012 2 20.00 20.00 3.1 3.7 0.384 0.493 8.3992 7.7717 11.90 560 800 
0.013 2 20.00 20.00 4.3 4.4 0.373 0.440 8.3992 7.7717 11.90 560 790 
0.014 2 20.00 20.00 2.4 2.5 0.377 0.426 9.5906 9.0151 11.91 590 820 
0.015 2 20.00 20.00 3.2 0.8 0.308 0.344 10.1674 11.2689 11.91 560 800 
0.016 2 20.00 20.00 2.1 3.0 0.246 0.036 11.3636 11.7589 11.91 570 800 
0.017 2 20.00 20.00 2.9 2.9 0.174 0.049 11.9670 12.2934 11.91 570 800 
0.018 2 20.00 20.00 3.8 5.1 0.134 0.127 11.9670 11.4599 11.91 560 800 
0.019 2 20.00 20.00 3.2 1.5 0.196 0.281 12.4061 13.0026 11.96 590 770 
0.020 2 20.00 20.00 4.6 4.7 0.161 0.188 11.9670 12.4061 11.96 570 740 
0.021 2 20.00 20.00 2.1 2.3 0.266 0.239 13.1288 13.3888 11.96 570 740 
0.022 2 20.00 20.00 4.0 3.7 0.214 0.205 13.0026 13.3888 11.96 570 740 
0.023 2 20.00 20.00 3.0 2.6 0.221 0.205 13.5227 14.0861 11.96 560 730 
0.024 2 20.00 20.00 3.3 5.0 0.210 0.163 13.7987 13.2575 12.01 590 770 
0.025 2 20.00 20.00 3.1 2.3 0.188 0.230 14.2344 14.2344 12.01 560 800 
0.026 2 20.00 20.00 2.1 2.4 0.163 0.223 15.1940 15.0252 12.01 560 800 
0.027 2 20.00 20.00 3.2 2.4 0.092 0.109 15.3667 15.7241 12.01 560 800 
0.028 2 20.00 20.00 3.2 4.0 0.078 0.065 15.5433 15.3667 12.01 560 800 
0.029 2 20.00 20.00 3.2 2.6 0.134 0.125 15.7241 15.9091 12.01 590 830 
0.030 2 20.00 20.00 3.2 2.5 0.147 0.127 15.9091 16.4911 12.01 560 740 
0.031 2 20.00 20.00 2.9 3.6 0.145 0.085 16.2924 16.2924 12.01 570 800 
0.032 2 20.00 20.00 3.4 2.4 0.121 0.109 16.2924 16.9034 12.01 560 790 
0.033 2 20.00 20.00 2.5 4.0 0.118 0.109 16.9034 16.4911 12.01 560 790 
0.034 2 20.00 20.00 2.6 0.9 0.069 0.150 17.3368 18.0303 12.02 590 830 
0.035 2 20.00 20.00 3.3 2.6 0.058 0.020 17.3368 18.2739 12.02 560 800 
0.036 2 20.00 20.00 2.9 3.8 0.098 0.011 17.5619 17.7930 12.02 560 800 
0.037 2 20.00 20.00 3.6 2.4 0.107 0.094 17.3368 18.2739 12.02 560 740 
0.038 2 20.00 20.00 1.8 2.6 0.143 0.071 18.2739 18.5242 12.02 570 800 
0.039 2 20.00 20.00 2.7 4.6 0.056 0.058 18.5242 17.5619 12.06 590 830 
0.040 2 20.00 20.00 2.6 1.7 0.031 0.152 18.7815 18.5242 12.06 560 750 
0.041 2 20.00 20.00 3.0 2.6 0.031 0.076 18.7815 18.7815 12.06 570 810 
0.042 2 20.00 20.00 3.0 2.5 0.065 0.033 18.7815 19.0460 12.06 560 800 
0.043 2 20.00 20.00 5.0 2.9 0.083 0.025 17.5619 19.0460 12.06 570 750 
0.044 2 20.00 20.00 0.9 2.5 0.185 0.054 19.0460 19.3181 11.99 590 770 
0.045 2 20.00 20.00 3.0 2.4 0.025 0.056 19.0460 19.5981 11.99 560 740 
0.046 2 20.00 20.00 3.0 3.3 0.013 0.029 19.0460 19.3181 11.99 570 810 
0.047 2 20.00 20.00 2.1 2.4 0.056 0.056 19.5981 19.5981 11.99 560 800 
0.048 2 20.00 20.00 2.9 1.8 0.038 0.049 19.5981 20.1831 11.99 560 730 
0.049 2 20.00 20.00 3.3 3.6 0.036 0.007 19.3181 19.5981 12.06 590 760 
0.050 2 20.00 20.00 3.4 0.8 0.076 0.058 19.0460 20.8041 12.06 560 720 
0.051 2 20.00 20.00 1.6 5.4 0.121 0.000 19.8863 19.0460 12.06 560 740 
0.052 2 20.00 20.00 2.8 2.0 0.016 0.078 19.8863 19.5981 12.06 560 740 
0.053 2 20.00 20.00 2.8 1.9 0.018 0.083 19.8863 20.1831 12.06 570 730 
0.054 2 20.00 20.00 3.8 2.2 0.040 0.016 19.3181 20.4889 12.06 590 750 
0.055 2 20.00 20.00 2.0 3.6 0.096 0.007 19.8863 19.8863 12.06 570 740 
0.056 2 20.00 20.00 2.3 1.8 0.047 0.058 20.1831 20.4889 12.06 560 710 
0.057 2 20.00 20.00 3.2 2.6 0.004 0.011 19.8863 20.4889 12.06 570 730 
0.058 2 20.00 20.00 2.8 3.1 0.065 0.007 19.8863 20.1831 12.06 570 730 
0.059 2 20.00 20.00 2.3 3.6 0.074 0.045 20.1831 19.5981 12.04 590 750 
0.060 2 20.00 20.00 2.3 1.8 0.033 0.096 20.4889 20.1831 12.04 570 710 
0.061 2 20.00 20.00 2.7 1.1 0.009 0.038 20.4889 21.1292 12.04 560 760 
0.062 2 20.00 20.00 2.2 3.5 0.011 0.020 20.8041 20.4889 12.04 560 770 
0.063 2 20.00 20.00 3.1 2.6 0.007 0.011 20.4889 20.4889 12.04 570 710 
0.064 2 20.00 20.00 2.2 1.5 0.038 0.025 20.8041 21.1292 12.06 600 730 
0.065 2 20.00 20.00 2.6 2.9 0.013 0.004 20.8041 20.8041 12.06 560 710 
0.066 2 20.00 20.00 3.6 3.5 0.009 0.007 20.1831 20.1831 12.06 560 710 
0.067 2 20.00 20.00 1.7 0.8 0.071 0.071 20.8041 21.4646 12.06 570 710 
0.068 2 20.00 20.00 2.6 2.3 0.011 0.004 20.8041 21.4646 12.06 560 710 
0.069 2 20.00 20.00 2.6 2.9 0.007 0.004 20.8041 21.1292 12.06 590 720 
0.070 2 20.00 20.00 3.1 2.4 0.013 0.011 20.4889 21.1292 12.06 560 700 
0.071 2 20.00 20.00 1.0 3.9 0.042 0.022 21.4646 20.1831 12.06 560 710 
0.072 2 20.00 20.00 2.4 1.6 0.020 0.092 21.4646 20.8041 12.06 560 710 
0.073 2 20.00 20.00 2.9 1.3 0.009 0.022 21.1292 21.4646 12.06 560 700 
0.074 2 20.00 20.00 1.9 2.3 0.022 0.016 21.4646 21.4646 12.06 590 800 
0.075 2 20.00 20.00 5.0 2.3 0.009 0.013 19.8863 21.4646 12.06 560 790 
0.076 2 20.00 20.00 1.8 2.8 0.109 0.004 20.4889 21.1292 12.06 580 770 
0.077 2 20.00 20.00 1.5 1.8 0.054 0.020 21.1292 21.4646 12.06 560 760 
0.078 2 20.00 20.00 3.5 2.2 0.013 0.007 20.4889 21.4646 12.06 560 770 
0.079 2 20.00 20.00 1.0 2.8 0.033 0.011 21.4646 21.1292 12.06 590 790 
0.080 2 20.00 20.00 2.9 3.8 0.013 0.007 21.1292 20.1831 12.06 560 700 
0.081 2 20.00 20.00 2.4 1.5 0.011 0.074 21.1292 20.8041 12.06 570 710 
0.082 2 20.00 20.00 2.4 0.8 0.007 0.020 21.1292 22.1684 12.06 560 700 
0.083 2 20.00 20.00 2.4 5.3 0.007 0.009 21.1292 20.1831 12.06 560 700 
0.084 2 20.00 20.00 2.9 2.0 0.007 0.062 20.8041 20.4889 12.02 590 730 
0.085 2 20.00 20.00 2.4 0.8 0.027 0.051 20.8041 21.4646 12.02 570 780 
0.086 2 20.00 20.00 2.4 2.2 0.020 0.000 20.8041 21.4646 12.02 560 770 
0.087 2 20.00 20.00 2.4 2.7 0.007 0.016 20.8041 21.1292 12.02 560 760 
0.088 2 20.00 20.00 2.4 2.8 0.007 0.011 20.8041 20.8041 12.02 560 770 
0.089 2 20.00 20.00 2.4 2.8 0.013 0.016 20.8041 20.4889 12.04 590 800 
0.090 2 20.00 20.00 1.9 1.3 0.018 0.031 21.1292 21.1292 12.04 560 750 
0.091 2 20.00 20.00 2.3 3.2 0.011 0.011 21.1292 20.4889 12.04 560 700 
0.092 2 20.00 20.00 2.3 1.8 0.011 0.022 21.1292 20.8041 12.04 560 700 
0.093 2 20.00 20.00 2.3 2.8 0.009 0.009 21.1292 20.4889 12.04 560 700 
0.094 2 20.00 20.00 2.3 1.8 0.007 0.007 21.1292 20.8041 12.06 590 730 
0.095 2 20.00 20.00 2.3 1.7 0.007 0.007 21.1292 21.1292 12.06 560 690 
0.096 2 20.00 20.00 2.8 3.2 0.007 0.013 20.8041 20.4889 12.06 570 720 
0.097 2 20.00 20.00 2.9 2.8 0.011 0.025 20.4889 20.1831 12.06 560 710 
0.098 2 20.00 20.00 1.9 0.8 0.031 0.054 20.8041 21.1292 12.06 560 700 
0.099 2 20.00 20.00 1.8 1.6 0.009 0.002 21.1292 21.4646 12.07 590 720 
0.100 2 20.00 20.00 2.8 3.1 0.013 0.018 20.8041 20.8041 12.07 560 770 
0.101 2 20.00 20.00 2.9 1.7 0.004 0.018 20.4889 21.1292 12.07 570 760 
0.102 2 20.00 20.00 1.9 5.6 0.025 0.007 20.8041 19.0460 12.07 570 740 
0.105 2 20.00 20.00 1.2 -0.8 0.011 -0.152 21.4646 20.8041 12.07 560 710 
0.106 2 20.00 20.00 2.7 2.2 0.018 0.000 21.1292 20.8041 12.09 580 720 
0.106 2 20.00 20.00 4.7 2.7 0.018 0.020 19.5981 20.4889 12.09 560 730 
0.107 2 20.00 20.00 1.6 2.3 0.085 0.004 20.1831 20.4889 12.09 560 710 
0.108 2 20.00 20.00 0.9 2.3 0.025 0.016 21.1292 20.4889 12.09 570 700 
0.109 2 20.00 20.00 3.8 2.8 0.002 0.004 20.1831 20.1831 12.09 560 710 
0.110 2 20.00 20.00 0.9 2.3 0.020 0.011 21.1292 20.1831 12.06 590 720 
0.111 2 20.00 20.00 2.7 1.3 0.002 0.007 20.8041 20.8041 12.06 560 710 
0.112 2 20.00 20.00 2.8 3.2 0.013 0.013 20.4889 20.1831 12.06 570 710 
0.113 2 20.00 20.00 2.9 0.8 0.011 0.020 20.1831 21.1292 12.06 560 700 
0.114 2 20.00 20.00 1.4 5.1 0.038 0.000 20.8041 19.3181 12.06 570 730 
0.115 2 20.00 20.00 2.8 1.6 0.018 0.065 20.4889 19.8863 12.04 590 750 
0.116 2 20.00 20.00 2.3 1.4 0.009 0.040 20.4889 20.4889 12.04 570 710 
0.117 2 20.00 20.00 3.3 1.7 0.004 0.009 19.8863 20.8041 12.04 560 720 
0.118 2 20.00 20.00 2.0 3.2 0.051 0.011 20.1831 20.1831 12.04 570 710 
0.119 2 20.00 20.00 1.9 1.3 0.016 0.020 20.4889 20.8041 12.04 560 710 
0.120 2 20.00 20.00 2.8 2.7 0.011 0.013 20.1831 20.4889 12.07 590 730 
0.121 2 20.00 20.00 2.9 2.7 0.027 0.004 19.8863 20.1831 12.07 570 730 
0.122 2 20.00 20.00 2.0 4.2 0.049 0.022 20.1831 19.0460 12.07 560 730 
0.123 2 20.00 20.00 2.4 0.8 0.016 0.116 20.1831 20.1831 12.07 560 710 
0.124 2 20.00 20.00 1.9 0.8 0.009 0.007 20.4889 21.1292 12.07 570 700 
0.125 2 20.00 20.00 2.3 3.6 0.011 0.016 20.4889 20.1831 12.09 590 730 
0.126 2 20.00 20.00 2.3 2.8 0.011 0.013 20.4889 19.8863 12.09 560 730 
0.127 2 20.00 20.00 2.3 1.4 0.007 0.029 20.4889 20.4889 12.09 560 710 
0.128 2 20.00 20.00 2.3 3.7 0.009 0.013 20.4889 19.5981 12.09 560 790 
0.129 2 20.00 20.00 2.8 2.4 0.007 0.036 20.1831 19.5981 12.09 560 790 
0.130 2 20.00 20.00 1.4 1.0 0.020 0.054 20.8041 20.4889 12.04 590 800 
0.131 2 20.00 20.00 2.2 1.7 0.009 0.013 20.8041 20.8041 12.04 560 770 
0.132 2 20.00 20.00 3.2 3.2 0.009 0.018 20.1831 20.1831 12.04 560 770 
0.133 2 20.00 20.00 2.4 1.8 0.033 0.029 20.1831 20.4889 12.04 560 770 
0.134 2 20.00 20.00 2.4 2.2 0.031 0.007 20.1831 20.4889 12.04 570 780 
0.135 2 20.00 20.00 1.3 2.7 0.009 0.009 20.8041 20.1831 12.06 590 790 
0.136 2 20.00 20.00 2.2 2.3 0.016 0.009 20.8041 20.1831 12.06 560 770 
0.137 2 20.00 20.00 2.2 2.8 0.011 0.011 20.8041 19.8863 12.06 560 780 
0.138 2 20.00 20.00 5.9 1.4 0.011 0.025 18.5242 20.4889 12.06 560 790 
0.139 2 20.00 20.00 0.8 2.2 0.158 0.009 19.8863 20.4889 12.06 560 780 
0.140 2 20.00 20.00 0.9 2.7 0.031 0.004 20.8041 20.1831 12.09 590 800 
0.141 2 20.00 20.00 3.7 2.3 0.009 0.009 19.8863 20.1831 12.09 570 790 
0.142 2 20.00 20.00 0.9 1.8 0.016 0.007 20.8041 20.4889 12.09 570 770 
0.143 2 20.00 20.00 2.2 1.7 0.002 0.011 20.8041 20.8041 12.09 570 770 
0.144 2 20.00 20.00 3.2 4.1 0.020 0.016 20.1831 19.5981 12.09 560 790 
0.145 2 20.00 20.00 3.3 -0.8 0.011 -0.056 19.5981 21.1292 12.04 590 800 
0.146 2 20.00 20.00 2.0 2.0 0.074 0.000 19.8863 21.1292 12.04 570 730 
0.147 2 20.00 20.00 1.9 3.6 0.013 0.020 20.1831 20.1831 12.04 560 710 
0.148 2 20.00 20.00 2.8 3.2 0.007 0.022 19.8863 19.5981 12.04 560 740 
0.149 2 20.00 20.00 2.4 0.9 0.011 0.078 19.8863 20.4889 12.04 560 730 
0.150 2 20.00 20.00 2.4 1.6 0.011 0.007 19.8863 20.8041 12.07 590 760 
0.151 2 20.00 20.00 1.9 2.1 0.004 0.016 20.1831 20.8041 12.07 570 710 
0.152 2 20.00 20.00 2.8 3.1 0.009 0.013 19.8863 20.1831 12.07 560 720 
0.153 2 20.00 20.00 2.4 2.2 0.027 0.013 19.8863 20.1831 12.07 570 730 
0.154 2 20.00 20.00 1.9 1.2 0.031 0.011 20.1831 20.8041 12.07 570 710 
0.155 2 20.00 20.00 1.8 3.1 0.007 0.009 20.4889 20.1831 12.06 590 730 
0.156 2 20.00 20.00 2.8 1.7 0.018 0.011 20.1831 20.4889 12.06 560 710 
0.157 2 20.00 20.00 1.8 3.1 0.004 0.009 20.4889 19.8863 12.06 560 730 
0.158 2 20.00 20.00 2.3 1.8 0.011 0.013 20.4889 20.1831 12.06 560 710 
0.159 2 20.00 20.00 2.8 1.7 0.009 0.009 20.1831 20.4889 12.06 570 710 
0.160 2 20.00 20.00 2.3 3.6 0.016 0.009 20.1831 19.5981 12.06 590 750 
0.161 2 20.00 20.00 3.3 1.9 0.009 0.045 19.5981 19.8863 12.06 570 750 
0.162 2 20.00 20.00 1.5 1.3 0.038 0.029 20.1831 20.4889 12.06 570 710 
0.163 2 20.00 20.00 1.8 1.6 0.011 0.016 20.4889 20.8041 12.06 570 710 
0.164 2 20.00 20.00 2.7 3.1 0.016 0.016 20.1831 20.1831 12.06 560 710 
0.165 2 20.00 20.00 3.3 1.7 0.007 0.011 19.5981 20.4889 12.06 590 750 
0.166 2 20.00 20.00 2.0 2.1 0.054 0.009 19.8863 20.4889 12.06 560 730 
0.167 2 20.00 20.00 1.4 3.6 0.018 0.007 20.4889 19.5981 12.06 560 790 
0.168 2 20.00 20.00 1.7 1.4 0.009 0.042 20.8041 20.1831 12.06 570 770 
0.169 2 20.00 20.00 2.7 1.7 0.013 0.009 20.4889 20.4889 12.06 570 770 
0.170 2 20.00 20.00 2.2 2.1 0.007 0.016 20.4889 20.4889 12.07 590 790 
0.171 2 20.00 20.00 4.6 2.1 0.007 0.009 19.0460 20.4889 12.07 560 730 
0.172 2 20.00 20.00 0.8 2.6 0.114 0.004 20.4889 20.1831 12.07 560 710 
0.173 2 20.00 20.00 2.2 1.7 0.004 0.011 20.4889 20.4889 12.07 560 710 
0.174 2 20.00 20.00 2.7 2.1 0.009 0.009 20.1831 20.4889 12.07 560 710 
0.175 2 20.00 20.00 1.3 2.6 0.018 0.013 20.8041 20.1831 12.07 600 750 
0.176 2 20.00 20.00 3.7 3.6 0.016 0.009 19.8863 19.3181 12.07 560 740 
0.177 2 20.00 20.00 2.4 1.5 0.025 0.062 19.8863 19.8863 12.07 560 750 
0.178 2 20.00 20.00 2.4 0.8 0.036 0.020 19.8863 21.1292 12.07 560 710 
0.179 2 20.00 20.00 1.4 4.9 0.022 0.002 20.4889 19.3181 12.07 570 740 
0.180 2 20.00 20.00 2.7 1.5 0.018 0.051 20.1831 19.8863 12.04 590 750 
0.181 2 20.00 20.00 2.3 1.3 0.009 0.027 20.1831 20.4889 12.04 570 720 
0.182 2 20.00 20.00 2.3 1.6 0.004 0.013 20.1831 20.8041 12.04 570 710 
0.183 2 20.00 20.00 2.3 3.5 0.009 0.013 20.1831 19.8863 12.04 560 720 
0.184 2 20.00 20.00 2.8 2.2 0.009 0.025 19.8863 19.8863 12.04 560 740 
0.185 2 20.00 20.00 1.9 1.8 0.027 0.025 20.1831 20.1831 12.06 590 730 
0.186 2 20.00 20.00 2.3 1.7 0.016 0.009 20.1831 20.4889 12.06 570 710 
0.187 2 20.00 20.00 2.3 4.0 0.009 0.013 20.1831 19.3181 12.06 560 720 
0.188 2 20.00 20.00 2.3 1.0 0.007 0.071 20.1831 20.1831 12.06 560 710 
0.189 2 20.00 20.00 2.3 1.1 0.009 0.016 20.1831 20.8041 12.06 560 710 
0.190 2 20.00 20.00 2.3 3.0 0.011 0.016 20.1831 20.1831 12.07 590 730 
0.191 2 20.00 20.00 2.3 2.6 0.011 0.009 20.1831 19.8863 12.07 570 720 
0.192 2 20.00 20.00 2.3 2.7 0.007 0.020 20.1831 19.5981 12.07 560 730 
0.193 2 20.00 20.00 2.3 1.3 0.007 0.033 20.1831 20.1831 12.07 570 710 
0.194 2 20.00 20.00 3.2 3.1 0.009 0.009 19.5981 19.5981 12.07 560 810 
0.195 2 20.00 20.00 1.5 0.8 0.033 0.009 20.1831 20.8041 12.06 590 790 
0.196 2 20.00 20.00 2.3 3.5 0.013 0.000 20.1831 19.8863 12.06 560 790 
0.197 2 20.00 20.00 2.3 1.2 0.009 0.009 20.1831 20.4889 12.06 560 770 
0.198 2 20.00 20.00 2.8 2.1 0.011 0.018 19.8863 20.4889 12.06 560 790 
0.199 2 20.00 20.00 0.8 4.0 0.009 0.011 20.8041 19.3181 12.06 560 790 
0.200 2 20.00 20.00 2.6 1.4 0.000 0.069 20.4889 19.8863 12.06 590 750 
0.201 2 20.00 20.00 2.2 1.7 0.009 0.018 20.4889 20.1831 12.06 560 710 
0.202 2 20.00 20.00 2.2 3.1 0.007 0.016 20.4889 19.5981 12.06 560 730 
0.203 2 20.00 20.00 4.6 1.3 0.009 0.025 19.0460 20.1831 12.06 560 720 
0.204 2 20.00 20.00 2.1 1.7 0.112 0.009 19.3181 20.4889 12.06 570 730 
0.205 2 20.00 20.00 1.1 2.1 0.069 0.016 20.1831 20.4889 12.07 590 730 
0.206 2 20.00 20.00 3.2 2.6 0.016 0.011 19.5981 20.1831 12.07 560 730 
0.207 2 20.00 20.00 0.9 2.1 0.020 0.007 20.4889 20.1831 12.07 560 710 
0.208 2 20.00 20.00 2.2 1.6 0.009 0.004 20.4889 20.4889 12.07 570 720 
0.209 2 20.00 20.00 3.2 3.1 0.013 0.009 19.8863 19.8863 12.07 570 740 
0.210 2 20.00 20.00 2.8 0.8 0.016 0.018 19.5981 20.8041 12.06 590 750 
0.211 2 20.00 20.00 1.9 4.9 0.049 0.000 19.8863 19.0460 12.06 560 740 
0.212 2 20.00 20.00 1.9 1.5 0.009 0.049 20.1831 19.5981 12.06 560 720 
0.213 2 20.00 20.00 2.8 1.3 0.011 0.018 19.8863 20.1831 12.06 570 790 
0.214 2 20.00 20.00 2.8 1.6 0.007 0.009 19.5981 20.4889 12.06 560 790 
0.215 2 20.00 20.00 1.9 3.5 0.029 0.009 19.8863 19.5981 12.06 590 830 
0.216 2 20.00 20.00 1.9 1.3 0.011 0.027 20.1831 20.1831 12.06 560 770 
0.217 2 20.00 20.00 2.8 2.6 0.013 0.007 19.8863 19.8863 12.06 570 810 
0.218 2 20.00 20.00 2.3 2.2 0.022 0.009 19.8863 19.8863 12.06 560 800 
0.219 2 20.00 20.00 1.9 1.7 0.022 0.007 20.1831 20.1831 12.06 560 710 
0.220 2 20.00 20.00 2.3 2.6 0.009 0.011 20.1831 19.8863 12.07 590 750 
0.221 2 20.00 20.00 2.3 1.7 0.011 0.007 20.1831 20.1831 12.07 560 710 
0.222 2 20.00 20.00 1.8 3.1 0.009 0.009 20.4889 19.5981 12.07 560 720 
0.223 2 20.00 20.00 2.7 1.3 0.011 0.016 20.1831 20.1831 12.07 560 710 
0.224 2 20.00 20.00 2.3 2.1 0.004 0.016 20.1831 20.1831 12.07 560 710 
0.225 2 20.00 20.00 2.8 3.1 0.013 0.009 19.8863 19.5981 12.07 590 760 
0.226 2 20.00 20.00 2.8 2.8 0.016 0.033 19.5981 19.3181 12.07 560 740 
0.227 2 20.00 20.00 1.9 0.9 0.033 0.058 19.8863 20.1831 12.07 560 720 
0.228 2 20.00 20.00 1.3 1.1 0.009 0.011 20.4889 20.8041 12.07 560 710 
0.229 2 20.00 20.00 3.2 3.5 0.020 0.018 19.8863 19.8863 12.07 560 740 
0.230 2 20.00 20.00 2.3 1.2 0.013 0.013 19.8863 20.4889 12.04 590 810 
0.231 2 20.00 20.00 2.3 2.1 0.025 0.007 19.8863 20.4889 12.04 570 800 
0.232 2 20.00 20.00 1.3 2.6 0.013 0.009 20.4889 20.1831 12.04 560 780 
0.233 2 20.00 20.00 1.7 2.6 0.018 0.007 20.8041 19.8863 12.04 560 790 
0.234 2 20.00 20.00 2.6 2.2 0.020 0.016 20.4889 19.8863 12.04 560 730 
0.235 2 20.00 20.00 2.7 2.2 0.007 0.011 20.1831 19.8863 12.06 590 750 
0.236 2 20.00 20.00 4.1 2.2 0.020 0.011 19.0460 19.8863 12.06 560 740 
0.237 2 20.00 20.00 0.8 2.7 0.098 0.013 20.1831 19.5981 12.06 560 720 
0.238 2 20.00 20.00 2.2 1.3 0.002 0.031 20.1831 20.1831 12.06 560 710 
0.239 2 20.00 20.00 2.7 2.1 0.016 0.007 19.8863 20.1831 12.06 560 730 
0.240 2 20.00 20.00 1.3 2.6 0.020 0.009 20.4889 19.8863 12.04 590 750 
0.241 2 20.00 20.00 3.2 3.6 0.013 0.004 19.8863 19.0460 12.04 570 740 
0.242 2 20.00 20.00 2.3 1.5 0.013 0.054 19.8863 19.5981 12.04 560 740 
0.243 2 20.00 20.00 2.3 0.8 0.016 0.022 19.8863 20.8041 12.04 570 720 
0.244 2 20.00 20.00 1.8 4.9 0.011 0.004 20.1831 19.0460 12.04 570 730 
0.245 2 20.00 20.00 2.7 2.0 0.011 0.051 19.8863 19.3181 12.04 590 770 
0.246 2 20.00 20.00 1.8 0.9 0.011 0.062 20.1831 20.1831 12.04 560 710 
0.247 2 20.00 20.00 2.7 1.6 0.007 0.013 19.8863 20.4889 12.04 560 790 
0.248 2 20.00 20.00 2.3 3.1 0.007 0.018 19.8863 19.8863 12.04 570 800 
0.249 2 20.00 20.00 1.8 1.2 0.007 0.007 20.1831 20.4889 12.04 570 720 
0.250 2 20.00 20.00 2.7 2.6 0.009 0.013 19.8863 20.1831 12.07 590 750 
0.251 2 20.00 20.00 2.8 2.6 0.013 0.011 19.5981 19.8863 12.07 560 750 
0.252 2 20.00 20.00 1.4 3.6 0.042 0.011 20.1831 19.0460 12.07 560 720 
0.253 2 20.00 20.00 2.3 1.1 0.013 0.087 20.1831 19.8863 12.07 570 730 
0.254 2 20.00 20.00 2.3 1.2 0.011 0.020 20.1831 20.4889 12.07 560 710 
0.255 2 20.00 20.00 2.3 3.5 0.009 0.011 20.1831 19.5981 12.07 590 750 
0.256 2 20.00 20.00 2.7 2.3 0.007 0.011 19.8863 19.5981 12.07 560 740 
0.257 2 20.00 20.00 2.3 1.3 0.022 0.027 19.8863 20.1831 12.07 560 720 
0.258 2 20.00 20.00 2.3 2.2 0.018 0.011 19.8863 20.1831 12.07 570 730 
0.259 2 20.00 20.00 2.8 3.6 0.007 0.011 19.5981 19.3181 12.07 560 740 
0.260 2 20.00 20.00 1.4 0.8 0.025 0.047 20.1831 20.4889 12.04 590 730 
0.261 2 20.00 20.00 2.3 2.1 0.009 0.002 20.1831 20.4889 12.04 560 710 
0.262 2 20.00 20.00 2.7 3.1 0.009 0.016 19.8863 19.8863 12.04 560 750 
0.263 2 20.00 20.00 2.8 1.2 0.020 0.027 19.5981 20.4889 12.04 570 730 
0.264 2 20.00 20.00 1.9 2.6 0.038 0.016 19.8863 20.1831 12.04 560 790 
0.265 2 20.00 20.00 1.3 2.6 0.011 0.009 20.4889 19.8863 12.06 590 810 
0.266 2 20.00 20.00 1.7 2.2 0.016 0.022 20.8041 19.8863 12.06 560 790 
0.267 2 20.00 20.00 2.6 2.7 0.020 0.011 20.4889 19.5981 12.06 560 790 
0.268 2 20.00 20.00 2.7 1.3 0.009 0.027 20.1831 20.1831 12.06 560 710 
0.269 2 20.00 20.00 3.2 1.6 0.009 0.011 19.5981 20.4889 12.06 560 720 
0.270 2 20.00 20.00 1.4 3.1 0.040 0.020 20.1831 19.8863 12.06 590 760 
0.271 2 20.00 20.00 3.2 1.7 0.018 0.011 19.5981 20.1831 12.06 570 730 
0.272 2 20.00 20.00 1.9 2.1 0.031 0.004 19.8863 20.1831 12.06 570 730 
0.273 2 20.00 20.00 1.3 1.6 0.020 0.004 20.4889 20.4889 12.06 560 710 
0.274 2 20.00 20.00 2.7 4.0 0.020 0.013 20.1831 19.3181 12.06 560 720 
0.275 2 20.00 20.00 2.7 -0.8 0.011 -0.074 19.8863 20.8041 12.04 590 750 
0.276 2 20.00 20.00 2.3 2.0 0.018 0.000 19.8863 20.8041 12.04 560 730 
0.277 2 20.00 20.00 1.8 4.0 0.013 0.018 20.1831 19.5981 12.04 560 720 
0.278 2 20.00 20.00 2.7 2.7 0.007 0.051 19.8863 19.3181 12.04 560 740 
0.279 2 20.00 20.00 2.8 0.8 0.004 0.080 19.5981 20.4889 12.04 570 730 
0.280 2 20.00 20.00 1.9 2.1 0.029 0.000 19.8863 20.4889 12.07 590 750 
0.281 2 20.00 20.00 1.8 2.6 0.011 0.020 20.1831 20.1831 12.07 560 710 
0.282 2 20.00 20.00 2.7 2.6 0.016 0.004 19.8863 19.8863 12.07 570 740 
0.283 2 20.00 20.00 2.3 2.2 0.013 0.007 19.8863 19.8863 12.07 560 750 
0.284 2 20.00 20.00 1.8 1.7 0.025 0.009 20.1831 20.1831 12.07 560 710 
0.285 2 20.00 20.00 2.2 4.0 0.004 0.007 20.1831 19.0460 12.07 590 760 
0.286 2 20.00 20.00 2.2 1.0 0.011 0.076 20.1831 19.8863 12.07 560 720 
0.287 2 20.00 20.00 2.2 1.2 0.007 0.016 20.1831 20.4889 12.07 570 720 
0.288 2 20.00 20.00 2.2 2.6 0.007 0.020 20.1831 20.1831 12.07 560 710 
0.289 2 20.00 20.00 2.2 3.1 0.004 0.009 20.1831 19.5981 12.07 560 730 
0.290 2 20.00 20.00 2.2 2.7 0.007 0.025 20.1831 19.3181 12.06 590 750 
0.291 2 20.00 20.00 2.2 1.4 0.009 0.051 20.1831 19.8863 12.06 560 720 
0.292 2 20.00 20.00 2.7 3.2 0.011 0.009 19.8863 19.3181 12.06 560 740 
0.293 2 20.00 20.00 1.8 0.8 0.011 0.018 20.1831 20.4889 12.06 560 710 
0.294 2 20.00 20.00 2.7 2.6 0.009 0.000 19.8863 20.1831 12.06 560 790 
0.295 2 20.00 20.00 2.3 1.6 0.013 0.016 19.8863 20.4889 12.06 590 810 
0.296 2 20.00 20.00 2.3 2.6 0.018 0.011 19.8863 20.1831 12.06 570 730 
0.297 2 20.00 20.00 1.3 3.6 0.009 0.009 20.4889 19.3181 12.06 560 720 
0.298 2 20.00 20.00 2.2 1.4 0.016 0.076 20.4889 19.8863 12.06 570 790 
0.299 2 20.00 20.00 2.2 1.7 0.013 0.016 20.4889 20.1831 12.06 560 770 
0.300 2 20.00 20.00 2.7 3.1 0.009 0.013 20.1831 19.5981 12.07 600 820 
0.301 2 20.00 20.00 4.1 1.3 0.007 0.018 19.0460 20.1831 12.07 560 790 
0.302 2 20.00 20.00 1.6 2.1 0.092 0.007 19.5981 20.1831 12.07 570 740 
0.303 2 20.00 20.00 0.9 1.6 0.022 0.009 20.4889 20.4889 12.07 560 710 
0.304 2 20.00 20.00 3.6 3.1 0.004 0.011 19.5981 19.8863 12.07 560 740 
0.305 2 20.00 20.00 0.9 2.2 0.020 0.009 20.4889 19.8863 12.06 590 750 
0.306 2 20.00 20.00 2.2 1.2 0.004 0.007 20.4889 20.4889 12.06 570 720 
0.307 2 20.00 20.00 3.1 3.1 0.020 0.013 19.8863 19.8863 12.06 560 740 
0.308 2 20.00 20.00 2.8 0.8 0.018 0.009 19.5981 20.8041 12.06 560 720 
0.309 2 20.00 20.00 1.4 4.9 0.047 0.000 20.1831 19.0460 12.06 560 730 
0.310 2 20.00 20.00 2.7 1.5 0.018 0.054 19.8863 19.5981 12.04 590 760 
0.311 2 20.00 20.00 2.3 2.7 0.004 0.038 19.8863 19.3181 12.04 570 750 
0.312 2 20.00 20.00 2.8 0.8 0.011 0.025 19.5981 20.4889 12.04 560 720 
0.313 2 20.00 20.00 1.9 2.1 0.027 0.000 19.8863 20.4889 12.04 560 730 
0.314 2 20.00 20.00 2.3 2.6 0.009 0.018 19.8863 20.1831 12.04 560 720 
0.315 2 20.00 20.00 2.8 3.1 0.007 0.007 19.5981 19.5981 12.06 590 780 
0.316 2 20.00 20.00 2.4 2.3 0.033 0.031 19.5981 19.5981 12.06 560 740 
0.317 2 20.00 20.00 1.9 1.3 0.033 0.036 19.8863 20.1831 12.06 560 720 
0.318 2 20.00 20.00 1.8 3.1 0.009 0.011 20.1831 19.5981 12.06 560 730 
0.319 2 20.00 20.00 2.2 1.3 0.016 0.018 20.1831 20.1831 12.06 560 710 
0.320 2 20.00 20.00 2.2 3.1 0.011 0.011 20.1831 19.5981 12.07 590 750 
0.321 2 20.00 20.00 2.7 1.8 0.004 0.009 19.8863 19.8863 12.07 560 740 
0.322 2 20.00 20.00 2.3 1.7 0.025 0.009 19.8863 20.1831 12.07 570 730 
0.323 2 20.00 20.00 2.3 3.1 0.013 0.009 19.8863 19.5981 12.07 560 740 
0.324 2 20.00 20.00 2.8 1.8 0.004 0.027 19.5981 19.8863 12.07 560 810 
0.325 2 20.00 20.00 1.9 1.7 0.013 0.018 19.8863 20.1831 12.06 590 810 
0.326 2 20.00 20.00 1.8 1.1 0.011 0.013 20.1831 20.8041 12.06 560 710 
0.327 2 20.00 20.00 2.7 3.5 0.009 0.016 19.8863 19.8863 12.06 560 740 
0.328 2 20.00 20.00 2.3 1.2 0.009 0.020 19.8863 20.4889 12.06 560 730 
0.329 2 20.00 20.00 2.3 2.1 0.009 0.011 19.8863 20.4889 12.06 560 720 
0.330 2 20.00 20.00 1.3 4.0 0.004 0.009 20.4889 19.3181 12.07 590 760 
0.331 2 20.00 20.00 2.2 0.9 0.020 0.065 20.4889 20.1831 12.07 570 710 
0.332 2 20.00 20.00 2.7 1.6 0.011 0.011 20.1831 20.4889 12.07 570 720 
0.333 2 20.00 20.00 2.2 2.1 0.011 0.013 20.1831 20.4889 12.07 560 710 
0.334 2 20.00 20.00 4.1 2.6 0.009 0.009 19.0460 20.1831 12.07 560 730 
0.335 2 20.00 20.00 0.8 2.6 0.089 0.020 20.4889 19.8863 12.02 590 740 
0.336 2 20.00 20.00 2.2 1.7 0.002 0.033 20.4889 20.1831 12.02 570 720 
0.337 2 20.00 20.00 3.2 2.1 0.013 0.009 19.8863 20.1831 12.02 560 720 
0.338 2 20.00 20.00 1.3 2.6 0.042 0.011 20.4889 19.8863 12.02 560 720 
0.339 2 20.00 20.00 3.1 3.1 0.013 0.011 19.8863 19.3181 12.02 560 740 
0.340 2 20.00 20.00 1.8 1.4 0.016 0.040 20.1831 19.8863 12.04 590 750 
0.341 2 20.00 20.00 2.2 0.8 0.007 0.013 20.1831 21.1292 12.04 570 700 
0.342 2 20.00 20.00 1.7 4.9 0.009 0.007 20.4889 19.3181 12.04 560 730 
0.343 2 20.00 20.00 2.7 1.9 0.011 0.047 20.1831 19.5981 12.04 570 730 
0.344 2 20.00 20.00 2.2 0.8 0.011 0.049 20.1831 20.4889 12.04 560 710 
0.345 2 20.00 20.00 2.7 2.1 0.009 0.000 19.8863 20.4889 12.09 590 750 
0.346 2 20.00 20.00 2.3 3.5 0.020 0.016 19.8863 19.5981 12.09 560 740 
0.347 2 20.00 20.00 1.8 2.3 0.009 0.029 20.1831 19.5981 12.09 560 790 
0.348 2 20.00 20.00 2.2 1.3 0.011 0.038 20.1831 20.1831 12.09 560 770 
0.349 2 20.00 20.00 2.7 2.6 0.004 0.016 19.8863 19.8863 12.09 560 810 
0.350 2 20.00 20.00 1.8 3.1 0.016 0.007 20.1831 19.3181 12.06 590 810 
0.351 2 20.00 20.00 2.2 1.4 0.011 0.051 20.1831 19.8863 12.06 560 730 
0.352 2 20.00 20.00 1.7 0.8 0.009 0.011 20.4889 20.8041 12.06 560 710 
0.353 2 20.00 20.00 2.1 3.5 0.013 0.004 20.4889 19.8863 12.06 560 730 
0.354 2 20.00 20.00 2.6 2.7 0.007 0.007 20.1831 19.5981 12.06 560 720 
0.355 2 20.00 20.00 2.2 1.3 0.009 0.029 20.1831 20.1831 12.06 590 730 
0.356 2 20.00 20.00 2.2 2.6 0.009 0.011 20.1831 19.8863 12.06 560 720 
0.357 2 20.00 20.00 3.2 3.2 0.009 0.007 19.5981 19.3181 12.06 560 740 
0.358 2 20.00 20.00 0.9 -0.8 0.047 -0.049 20.4889 20.8041 12.06 560 710 
0.359 2 20.00 20.00 2.6 2.5 0.007 0.000 20.1831 20.4889 12.06 560 710 
0.360 2 20.00 20.00 2.7 2.1 0.013 0.016 19.8863 20.4889 12.07 590 750 
0.361 2 20.00 20.00 2.8 2.1 0.009 0.007 19.5981 20.4889 12.07 560 730 
0.362 2 20.00 20.00 0.9 5.7 0.031 0.004 20.4889 18.2739 12.07 570 730 
0.363 2 20.00 20.00 2.6 -0.8 0.004 -0.190 20.1831 19.8863 12.07 560 720 
0.364 2 20.00 20.00 2.2 1.2 0.009 0.000 20.1831 20.4889 12.07 570 710 
0.365 2 20.00 20.00 2.2 3.1 0.007 0.018 20.1831 19.8863 12.04 590 750 
0.366 2 20.00 20.00 2.7 1.7 0.011 0.013 19.8863 20.1831 12.04 560 790 
0.367 2 20.00 20.00 3.2 2.1 0.009 0.013 19.3181 20.1831 12.04 560 790 
0.368 2 20.00 20.00 1.0 2.6 0.049 0.002 20.1831 19.8863 12.04 560 790 
0.369 2 20.00 20.00 3.6 2.2 0.018 0.013 19.3181 19.8863 12.04 560 800 
0.370 2 20.00 20.00 2.0 1.7 0.029 0.007 19.5981 20.1831 11.98 590 820 
0.371 2 20.00 20.00 1.4 1.6 0.036 0.007 20.1831 20.4889 11.98 560 770 
0.372 2 20.00 20.00 3.2 4.0 0.013 0.011 19.5981 19.3181 11.98 570 740 
0.373 2 20.00 20.00 2.4 -0.8 0.011 -0.058 19.5981 20.8041 11.98 560 720 
0.374 2 20.00 20.00 1.9 1.4 0.022 0.000 19.8863 21.1292 11.98 560 720 
0.375 2 20.00 20.00 1.8 3.9 0.011 0.016 20.1831 19.8863 12.07 590 750 
0.376 2 20.00 20.00 2.7 2.7 0.016 0.027 19.8863 19.5981 12.07 560 740 
0.377 2 20.00 20.00 2.3 0.8 0.007 0.058 19.8863 20.4889 12.07 560 730 
0.378 2 20.00 20.00 2.3 2.0 0.007 0.000 19.8863 20.4889 12.07 570 730 
0.379 2 20.00 20.00 2.3 2.6 0.011 0.016 19.8863 20.1831 12.07 560 790 
0.380 2 20.00 20.00 2.8 2.6 0.007 0.007 19.5981 19.8863 12.07 590 830 
0.381 2 20.00 20.00 1.9 2.7 0.029 0.009 19.8863 19.5981 12.07 560 800 
0.382 2 20.00 20.00 2.3 1.3 0.016 0.033 19.8863 20.1831 12.07 560 790 
0.383 2 20.00 20.00 2.3 2.6 0.009 0.007 19.8863 19.8863 12.07 570 810 
0.384 2 20.00 20.00 2.3 1.7 0.011 0.007 19.8863 20.1831 12.07 560 790 
0.385 2 20.00 20.00 1.8 4.0 0.007 0.009 20.1831 19.0460 12.07 590 810 
0.386 2 20.00 20.00 2.2 0.8 0.016 0.049 20.1831 20.1831 12.07 560 770 
0.387 2 20.00 20.00 2.7 3.1 0.013 0.002 19.8863 19.5981 12.07 570 740 
0.388 2 20.00 20.00 2.3 2.3 0.013 0.004 19.8863 19.5981 12.07 560 740 
0.389 2 20.00 20.00 2.3 1.8 0.009 0.016 19.8863 19.8863 12.07 560 740 
0.390 2 20.00 20.00 2.3 1.7 0.007 0.011 19.8863 20.1831 12.07 590 750 
0.391 2 20.00 20.00 1.8 1.6 0.009 0.013 20.1831 20.4889 12.07 560 710 
0.392 2 20.00 20.00 2.2 3.0 0.013 0.016 20.1831 19.8863 12.07 560 790 
0.393 2 20.00 20.00 2.7 1.2 0.004 0.009 19.8863 20.4889 12.07 570 800 
0.394 2 20.00 20.00 2.8 2.1 0.011 0.011 19.5981 20.4889 12.07 570 800 
0.395 2 20.00 20.00 0.9 4.0 0.031 0.011 20.4889 19.3181 12.06 590 810 
0.396 2 20.00 20.00 2.2 0.9 0.004 0.049 20.4889 20.1831 12.06 570 770 
0.397 2 20.00 20.00 2.2 2.1 0.018 0.009 20.4889 20.1831 12.06 560 770 
0.398 2 20.00 20.00 2.2 2.1 0.009 0.013 20.4889 20.1831 12.06 560 770 
0.399 2 20.00 20.00 4.5 2.6 0.004 0.007 19.0460 19.8863 12.06 560 800 
0.400 2 20.00 20.00 1.6 2.2 0.085 0.022 19.5981 19.8863 12.06 590 830 
0.401 4 30.00 30.00 12.1 12.1 0.040 0.022 20.4889 20.4889 12.06 570 770 
0.402 4 30.00 30.00 5.7 4.6 0.569 0.576 19.8863 20.4889 12.06 570 790 
0.403 4 30.00 30.00 2.3 4.1 0.650 0.656 21.4646 20.8041 12.06 560 770 
0.404 4 30.00 30.00 4.0 3.5 0.379 0.460 21.8108 21.4646 12.06 560 770 
0.405 4 30.00 30.00 3.3 0.8 0.225 0.203 22.5378 24.1477 11.99 590 790 
0.406 4 30.00 30.00 3.8 3.9 0.165 0.009 22.9198 24.1477 11.99 560 770 
0.407 4 30.00 30.00 3.0 6.0 0.112 0.009 23.7240 22.9198 11.99 570 710 
0.408 4 30.00 30.00 4.2 3.0 0.085 0.230 23.7240 23.7240 11.99 560 770 
0.409 4 30.00 30.00 4.3 4.2 0.134 0.152 23.7240 23.7240 11.99 560 770 
0.410 4 30.00 30.00 3.6 4.9 0.176 0.172 24.1477 23.3150 11.93 590 730 
0.411 4 30.00 30.00 4.3 3.7 0.163 0.243 24.1477 23.7240 11.93 560 710 
0.412 4 30.00 30.00 3.6 2.9 0.152 0.203 24.5867 24.5867 11.93 560 770 
0.413 4 30.00 30.00 3.5 6.9 0.161 0.123 25.0420 22.9198 11.93 560 770 
0.414 4 30.00 30.00 3.4 1.1 0.116 0.279 25.5145 25.0420 11.93 560 780 
0.415 4 30.00 30.00 3.3 1.7 0.094 0.132 26.0052 26.5151 12.06 590 730 
0.416 4 30.00 30.00 4.0 4.6 0.047 0.016 26.0052 26.0052 12.06 560 710 
0.417 4 30.00 30.00 4.1 3.1 0.100 0.051 26.0052 26.5151 12.06 570 710 
0.418 4 30.00 30.00 4.1 3.9 0.134 0.058 26.0052 26.5151 12.06 560 710 
0.419 4 30.00 30.00 3.3 4.7 0.147 0.087 26.5151 26.0052 12.06 560 710 
0.420 4 30.00 30.00 3.1 2.3 0.069 0.161 27.0454 27.0454 11.99 590 710 
0.421 4 30.00 30.00 3.9 3.8 0.062 0.071 27.0454 27.0454 11.99 560 690 
0.422 4 30.00 30.00 3.9 2.9 0.085 0.060 27.0454 27.5973 11.99 570 700 
0.423 4 30.00 30.00 3.1 4.6 0.098 0.051 27.5973 27.0454 11.99 560 700 
0.424 4 30.00 30.00 3.9 3.0 0.049 0.098 27.5973 27.5973 11.99 570 720 
0.425 4 30.00 30.00 3.9 3.8 0.062 0.085 27.5973 27.5973 12.04 590 730 
0.426 4 30.00 30.00 5.7 3.8 0.096 0.083 26.5151 27.5973 12.04 570 710 
0.427 4 30.00 30.00 2.4 2.9 0.201 0.109 27.5973 28.1723 12.04 560 710 
0.428 4 30.00 30.00 4.8 3.7 0.065 0.045 27.0454 28.1723 12.04 560 700 
0.429 4 30.00 30.00 2.2 2.7 0.125 0.051 28.1723 28.7717 12.04 570 710 
0.430 4 30.00 30.00 3.8 3.6 0.042 0.016 28.1723 28.7717 12.06 590 800 
0.431 4 30.00 30.00 3.9 8.9 0.027 0.020 28.1723 25.5145 12.06 560 770 
0.432 4 30.00 30.00 2.9 1.0 0.049 0.359 28.7717 27.5973 12.06 570 770 
0.433 4 30.00 30.00 3.7 2.0 0.029 0.145 28.7717 28.7717 12.06 560 760 
0.434 4 30.00 30.00 3.7 2.6 0.042 0.016 28.7717 29.3972 12.06 560 770 
0.435 4 30.00 30.00 3.8 2.4 0.060 0.013 28.7717 30.0504 12.06 590 790 
0.436 4 30.00 30.00 3.8 3.3 0.069 0.018 28.7717 30.0504 12.06 560 770 
0.437 4 30.00 30.00 3.8 6.4 0.089 0.007 28.7717 28.1723 12.06 560 770 
0.438 4 30.00 30.00 3.8 1.8 0.080 0.199 28.7717 29.3972 12.06 570 780 
0.439 4 30.00 30.00 2.8 3.5 0.074 0.085 29.3972 29.3972 12.06 570 770 
0.440 4 30.00 30.00 3.6 2.5 0.011 0.020 29.3972 30.0504 12.04 590 790 
0.441 4 30.00 30.00 3.7 3.4 0.022 0.004 29.3972 30.0504 12.04 570 770 
0.442 4 30.00 30.00 3.7 4.4 0.042 0.007 29.3972 29.3972 12.04 570 770 
0.443 4 30.00 30.00 2.6 2.5 0.049 0.067 30.0504 30.0504 12.04 560 770 
0.444 4 30.00 30.00 3.5 3.4 0.018 0.027 30.0504 30.0504 12.04 560 770 
0.445 4 30.00 30.00 3.5 4.5 0.011 0.013 30.0504 29.3972 12.02 590 790 
0.446 4 30.00 30.00 2.4 2.5 0.022 0.076 30.7334 30.0504 12.02 560 760 
0.447 4 30.00 30.00 3.3 3.4 0.011 0.018 30.7334 30.0504 12.02 560 760 
0.448 4 30.00 30.00 3.3 2.3 0.009 0.016 30.7334 30.7334 12.02 560 770 
0.449 4 30.00 30.00 6.6 3.2 0.007 0.011 28.7717 30.7334 12.02 560 780 
0.450 4 30.00 30.00 2.8 3.2 0.181 0.004 29.3972 30.7334 11.88 590 790 
0.451 4 30.00 30.00 3.7 3.2 0.100 0.004 29.3972 30.7334 11.88 570 770 
0.452 4 30.00 30.00 3.7 5.4 0.058 0.011 29.3972 29.3972 11.88 570 770 
0.453 4 30.00 30.00 3.7 1.3 0.062 0.127 29.3972 30.7334 11.88 560 770 
0.454 4 30.00 30.00 1.5 6.4 0.069 0.029 30.7334 28.7717 11.88 560 770 
0.455 4 30.00 30.00 3.3 1.6 0.018 0.158 30.7334 30.0504 11.96 590 800 
0.456 4 30.00 30.00 3.3 3.4 0.020 0.080 30.7334 30.0504 11.96 560 770 
0.457 4 30.00 30.00 3.3 2.2 0.011 0.007 30.7334 30.7334 11.96 560 760 
0.458 4 30.00 30.00 3.3 3.2 0.020 0.013 30.7334 30.7334 11.96 560 770 
0.459 4 30.00 30.00 4.4 3.2 0.036 0.009 30.0504 30.7334 11.96 570 770 
0.460 4 30.00 30.00 3.5 2.0 0.080 0.007 30.0504 31.4481 12.04 590 800 
0.461 4 30.00 30.00 3.5 4.2 0.080 0.016 30.0504 30.7334 12.04 560 770 
0.462 4 30.00 30.00 3.5 3.2 0.042 0.011 30.0504 30.7334 12.04 570 770 
0.463 4 30.00 30.00 3.5 3.2 0.040 0.022 30.0504 30.7334 12.04 570 770 
0.464 4 30.00 30.00 3.5 3.2 0.027 0.011 30.0504 30.7334 12.04 560 770 
0.465 4 30.00 30.00 2.4 3.2 0.031 0.007 30.7334 30.7334 12.04 590 790 
0.466 4 30.00 30.00 3.3 2.0 0.011 0.009 30.7334 31.4481 12.04 570 770 
0.467 4 30.00 30.00 3.3 4.1 0.009 0.011 30.7334 30.7334 12.04 570 780 
0.468 4 30.00 30.00 3.3 2.0 0.007 0.009 30.7334 31.4481 12.04 570 770 
0.469 4 30.00 30.00 3.3 2.9 0.009 0.007 30.7334 31.4481 12.04 570 770 
0.470 4 30.00 30.00 3.3 2.9 0.016 0.007 30.7334 31.4481 12.06 590 800 
0.471 4 30.00 30.00 5.5 2.9 0.009 0.004 29.3972 31.4481 12.06 560 770 
0.472 4 30.00 30.00 2.5 4.1 0.123 0.007 30.0504 30.7334 12.06 560 770 
0.473 4 30.00 30.00 2.3 3.1 0.047 0.033 30.7334 30.7334 12.06 570 780 
0.474 4 30.00 30.00 3.3 4.2 0.013 0.020 30.7334 30.0504 12.06 570 770 
0.475 4 30.00 30.00 4.4 6.3 0.007 0.056 30.0504 28.1723 12.04 590 790 
0.476 4 30.00 30.00 3.4 2.7 0.060 0.221 30.0504 28.7717 12.04 560 770 
0.477 4 30.00 30.00 3.4 0.8 0.060 0.105 30.0504 30.7334 12.04 560 770 
0.478 4 30.00 30.00 3.4 3.1 0.038 0.007 30.0504 30.7334 12.04 570 770 
0.479 4 30.00 30.00 3.4 1.9 0.027 0.018 30.0504 31.4481 12.04 560 760 
0.480 4 30.00 30.00 3.4 2.9 0.027 0.016 30.0504 31.4481 12.07 590 790 
0.481 4 30.00 30.00 3.4 5.2 0.047 0.009 30.0504 30.0504 12.07 560 770 
0.482 4 30.00 30.00 3.4 2.1 0.033 0.087 30.0504 30.7334 12.07 560 770 
0.483 4 30.00 30.00 2.3 4.2 0.022 0.013 30.7334 30.0504 12.07 570 780 
0.484 4 30.00 30.00 3.3 3.2 0.013 0.036 30.7334 30.0504 12.07 570 770 
0.485 4 30.00 30.00 3.3 3.2 0.013 0.033 30.7334 30.0504 12.04 590 790 
0.486 4 30.00 30.00 4.4 0.9 0.004 0.022 30.0504 31.4481 12.04 560 770 
0.487 4 30.00 30.00 2.3 4.0 0.058 0.009 30.7334 30.7334 12.04 560 770 
0.488 4 30.00 30.00 4.4 1.9 0.020 0.009 30.0504 31.4481 12.04 570 770 
0.489 4 30.00 30.00 2.3 4.0 0.045 0.011 30.7334 30.7334 12.04 560 760 
0.490 4 30.00 30.00 2.1 3.0 0.011 0.009 31.4481 30.7334 12.06 590 790 
0.491 4 30.00 30.00 3.1 3.0 0.011 0.007 31.4481 30.7334 12.06 560 770 
0.492 4 30.00 30.00 3.1 3.0 0.016 0.013 31.4481 30.7334 12.06 560 770 
0.493 4 30.00 30.00 6.4 3.0 0.009 0.007 29.3972 30.7334 12.06 570 770 
0.494 4 30.00 30.00 3.6 3.0 0.163 0.009 29.3972 30.7334 12.06 560 760 
0.495 4 30.00 30.00 2.5 6.2 0.127 0.009 30.0504 28.7717 12.04 590 790 
0.496 4 30.00 30.00 3.4 1.4 0.027 0.154 30.0504 30.0504 12.04 560 770 
0.497 4 30.00 30.00 3.4 5.3 0.000 0.047 30.0504 28.7717 12.04 560 770 
0.498 4 30.00 30.00 2.3 2.5 0.016 0.078 30.7334 29.3972 12.04 560 770 
0.499 4 30.00 30.00 3.2 1.1 0.011 0.038 30.7334 30.7334 12.04 560 760 
0.500 4 30.00 30.00 3.2 3.0 0.009 0.016 30.7334 30.7334 12.13 590 790 
0.501 4 30.00 30.00 3.2 3.0 0.009 0.020 30.7334 30.7334 12.13 560 770 
0.502 4 30.00 30.00 3.2 3.0 0.007 0.013 30.7334 30.7334 12.13 570 770 
0.503 4 30.00 30.00 3.2 5.2 0.020 0.004 30.7334 29.3972 12.13 560 770 
0.504 4 30.00 30.00 4.3 2.2 0.007 0.098 30.0504 30.0504 12.13 570 770 
0.505 4 30.00 30.00 2.2 3.2 0.054 0.033 30.7334 30.0504 12.06 590 790 
0.506 4 30.00 30.00 3.2 3.2 0.009 0.004 30.7334 30.0504 12.06 560 760 
0.507 4 30.00 30.00 3.2 4.2 0.009 0.009 30.7334 29.3972 12.06 560 760 
0.508 4 30.00 30.00 4.3 1.1 0.007 0.060 30.0504 30.7334 12.06 560 770 
0.509 4 30.00 30.00 3.3 3.0 0.049 0.018 30.0504 30.7334 12.06 560 770 
0.510 4 30.00 30.00 3.3 3.0 0.071 0.011 30.0504 30.7334 11.93 600 800 
0.511 4 30.00 30.00 3.3 5.2 0.042 0.007 30.0504 29.3972 11.93 560 760 
0.512 4 30.00 30.00 2.2 2.2 0.025 0.089 30.7334 30.0504 11.93 560 770 
0.513 4 30.00 30.00 3.2 2.0 0.009 0.040 30.7334 30.7334 11.93 560 770 
0.514 4 30.00 30.00 3.2 3.0 0.011 0.011 30.7334 30.7334 11.93 570 780 
0.515 4 30.00 30.00 6.4 1.8 0.009 0.013 28.7717 31.4481 12.06 590 790 
0.516 4 30.00 30.00 2.6 2.8 0.161 0.013 29.3972 31.4481 12.06 580 780 
0.517 4 30.00 30.00 2.4 7.2 0.085 0.013 30.0504 28.7717 12.06 560 770 
0.518 4 30.00 30.00 3.3 1.3 0.011 0.203 30.0504 30.0504 12.06 560 770 
0.519 4 30.00 30.00 3.3 6.2 0.007 0.080 30.0504 28.1723 12.06 560 770 
0.520 4 30.00 30.00 2.2 1.6 0.013 0.154 30.7334 29.3972 11.93 590 790 
0.521 4 30.00 30.00 3.2 1.1 0.016 0.036 30.7334 30.7334 11.93 560 770 
0.522 4 30.00 30.00 3.2 1.8 0.013 0.013 30.7334 31.4481 11.93 570 780 
0.523 4 30.00 30.00 3.1 2.8 0.007 0.022 30.7334 31.4481 11.93 560 770 
0.524 4 30.00 30.00 4.3 7.2 0.009 0.013 30.0504 28.7717 11.93 580 780 
0.525 4 30.00 30.00 3.3 1.3 0.080 0.210 30.0504 30.0504 11.87 590 780 
0.526 4 30.00 30.00 3.3 3.1 0.069 0.094 30.0504 30.0504 11.87 560 770 
0.527 4 30.00 30.00 3.3 2.0 0.036 0.009 30.0504 30.7334 11.87 560 770 
0.528 4 30.00 30.00 3.3 4.1 0.022 0.011 30.0504 30.0504 11.87 560 780 
0.529 4 30.00 30.00 3.3 3.1 0.029 0.022 30.0504 30.0504 11.87 560 770 
0.530 4 30.00 30.00 4.4 0.8 0.016 0.029 29.3972 31.4481 12.04 590 790 
0.531 4 30.00 30.00 2.4 2.8 0.071 0.007 30.0504 31.4481 12.04 560 760 
0.532 4 30.00 30.00 3.3 2.8 0.022 0.018 30.0504 31.4481 12.04 560 770 
0.533 4 30.00 30.00 3.3 5.0 0.007 0.016 30.0504 30.0504 12.04 560 770 
0.534 4 30.00 30.00 2.2 4.2 0.007 0.065 30.7334 29.3972 12.04 570 770 
0.535 4 30.00 30.00 3.1 2.2 0.007 0.118 30.7334 30.0504 12.02 590 790 
0.536 4 30.00 30.00 3.1 3.1 0.016 0.036 30.7334 30.0504 12.02 560 760 
0.537 4 30.00 30.00 5.3 2.0 0.009 0.007 29.3972 30.7334 12.02 570 770 
0.538 4 30.00 30.00 2.4 2.9 0.089 0.018 30.0504 30.7334 12.02 560 770 
0.539 4 30.00 30.00 4.4 4.0 0.029 0.009 29.3972 30.0504 12.02 560 780 
0.540 4 30.00 30.00 2.4 2.0 0.060 0.036 30.0504 30.7334 12.02 590 790 
0.541 4 30.00 30.00 3.3 6.1 0.018 0.011 30.0504 28.7717 12.02 560 760 
0.542 4 30.00 30.00 2.2 2.4 0.009 0.138 30.7334 29.3972 12.02 560 770 
0.543 4 30.00 30.00 3.1 2.2 0.016 0.078 30.7334 30.0504 12.02 560 770 
0.544 4 30.00 30.00 3.1 2.0 0.013 0.011 30.7334 30.7334 12.02 560 780 
0.545 4 30.00 30.00 3.1 2.9 0.004 0.018 30.7334 30.7334 12.07 580 790 
0.546 4 30.00 30.00 4.2 6.1 0.013 0.011 30.0504 28.7717 12.07 560 770 
0.547 4 30.00 30.00 3.3 2.4 0.069 0.165 30.0504 29.3972 12.07 570 780 
0.548 4 30.00 30.00 3.3 2.2 0.058 0.078 30.0504 30.0504 12.07 560 770 
0.549 4 30.00 30.00 3.3 3.1 0.020 0.013 30.0504 30.0504 12.07 560 770 
0.550 4 30.00 30.00 3.3 2.0 0.016 0.007 30.0504 30.7334 12.10 590 800 
0.551 4 30.00 30.00 3.3 5.1 0.018 0.011 30.0504 29.3972 12.10 560 770 
0.552 4 30.00 30.00 3.3 2.2 0.009 0.051 30.0504 30.0504 12.10 560 770 
0.553 4 30.00 30.00 3.3 2.0 0.011 0.020 30.0504 30.7334 12.10 570 780 
0.554 4 30.00 30.00 3.3 2.9 0.020 0.013 30.0504 30.7334 12.10 560 770 
0.555 4 30.00 30.00 3.3 5.1 0.022 0.016 30.0504 29.3972 12.06 590 790 
0.556 4 30.00 30.00 2.1 2.2 0.011 0.058 30.7334 30.0504 12.06 570 780 
0.557 4 30.00 30.00 3.1 3.1 0.009 0.025 30.7334 30.0504 12.06 560 770 
0.558 4 30.00 30.00 3.1 3.1 0.009 0.009 30.7334 30.0504 12.06 570 780 
0.559 4 30.00 30.00 6.3 1.9 0.007 0.004 28.7717 30.7334 12.06 570 780 
0.560 4 30.00 30.00 2.6 2.9 0.145 0.016 29.3972 30.7334 11.94 590 800 
0.561 4 30.00 30.00 3.4 5.1 0.067 0.009 29.3972 29.3972 11.94 570 770 
0.562 4 30.00 30.00 2.4 1.0 0.027 0.087 30.0504 30.7334 11.94 560 770 
0.563 4 30.00 30.00 3.3 6.1 0.013 0.027 30.0504 28.7717 11.94 560 770 
0.564 4 30.00 30.00 3.3 2.4 0.009 0.118 30.0504 29.3972 11.94 570 780 
0.565 4 30.00 30.00 3.3 2.2 0.007 0.071 30.0504 30.0504 12.06 590 790 
0.566 4 30.00 30.00 3.3 1.9 0.020 0.011 30.0504 30.7334 12.06 560 770 
0.567 4 30.00 30.00 3.3 2.9 0.009 0.020 30.0504 30.7334 12.06 560 760 
0.568 4 30.00 30.00 3.3 6.1 0.018 0.011 30.0504 28.7717 12.06 560 760 
0.569 4 30.00 30.00 3.3 1.3 0.027 0.158 30.0504 30.0504 12.06 560 770 
0.570 4 30.00 30.00 3.3 3.1 0.022 0.033 30.0504 30.0504 12.07 590 790 
0.571 4 30.00 30.00 3.3 3.1 0.011 0.016 30.0504 30.0504 12.07 560 770 
0.572 4 30.00 30.00 3.3 3.1 0.009 0.009 30.0504 30.0504 12.07 570 770 
0.573 4 30.00 30.00 3.3 3.1 0.022 0.007 30.0504 30.0504 12.07 560 760 
0.574 4 30.00 30.00 3.3 1.9 0.013 0.007 30.0504 30.7334 12.07 560 760 
0.575 4 30.00 30.00 3.3 2.9 0.009 0.013 30.0504 30.7334 12.06 590 790 
0.576 4 30.00 30.00 3.3 2.9 0.022 0.009 30.0504 30.7334 12.06 570 770 
0.577 4 30.00 30.00 3.3 5.1 0.027 0.007 30.0504 29.3972 12.06 560 780 
0.578 4 30.00 30.00 2.1 3.2 0.016 0.076 30.7334 29.3972 12.06 570 780 
0.579 4 30.00 30.00 3.1 2.1 0.018 0.074 30.7334 30.0504 12.06 560 760 
0.580 4 30.00 30.00 3.1 3.1 0.009 0.013 30.7334 30.0504 12.07 590 790 
0.581 4 30.00 30.00 7.3 1.9 0.011 0.004 28.1723 30.7334 12.07 560 770 
0.582 4 30.00 30.00 1.7 2.9 0.208 0.022 29.3972 30.7334 12.07 570 780 
0.583 4 30.00 30.00 3.4 5.1 0.071 0.011 29.3972 29.3972 12.07 570 780 
0.584 4 30.00 30.00 1.2 2.1 0.011 0.083 30.7334 30.0504 12.07 560 760 
0.585 4 30.00 30.00 3.1 5.2 0.025 0.029 30.7334 28.7717 12.07 590 790 
0.586 4 30.00 30.00 3.1 2.4 0.022 0.103 30.7334 29.3972 12.07 560 770 
0.587 4 30.00 30.00 3.1 1.0 0.009 0.051 30.7334 30.7334 12.07 560 770 
0.588 4 30.00 30.00 4.2 2.9 0.007 0.013 30.0504 30.7334 12.07 570 780 
0.589 4 30.00 30.00 3.3 2.9 0.038 0.011 30.0504 30.7334 12.07 560 770 
0.590 4 30.00 30.00 3.2 6.1 0.045 0.013 30.0504 28.7717 12.06 590 790 
0.591 4 30.00 30.00 3.2 2.4 0.031 0.156 30.0504 29.3972 12.06 560 760 
0.592 4 30.00 30.00 3.2 3.2 0.027 0.089 30.0504 29.3972 12.06 560 770 
0.593 4 30.00 30.00 3.2 2.2 0.004 0.016 30.0504 30.0504 12.06 570 770 
0.594 4 30.00 30.00 3.2 3.1 0.016 0.009 30.0504 30.0504 12.06 560 770 
0.595 4 30.00 30.00 3.2 4.1 0.018 0.004 30.0504 29.3972 12.04 590 800 
0.596 4 30.00 30.00 3.2 2.2 0.009 0.027 30.0504 30.0504 12.04 560 760 
0.597 4 30.00 30.00 3.2 3.1 0.002 0.011 30.0504 30.0504 12.04 570 780 
0.598 4 30.00 30.00 2.1 3.1 0.011 0.007 30.7334 30.0504 12.04 560 770 
0.599 4 30.00 30.00 4.2 4.1 0.016 0.004 30.0504 29.3972 12.04 560 770 
0.600 4 30.00 30.00 3.2 2.2 0.018 0.038 30.0504 30.0504 12.02 590 800 
0.601 4 30.00 30.00 2.1 2.0 0.031 0.011 30.7334 30.7334 12.02 560 770 
0.602 4 30.00 30.00 3.1 2.9 0.020 0.016 30.7334 30.7334 12.02 560 760 
0.603 4 30.00 30.00 7.3 2.9 0.013 0.013 28.1723 30.7334 12.02 570 770 
0.604 4 30.00 30.00 1.7 2.9 0.201 0.009 29.3972 30.7334 12.02 560 770 
0.605 4 30.00 30.00 3.4 5.1 0.094 0.007 29.3972 29.3972 12.07 590 800 
0.606 4 30.00 30.00 2.3 1.0 0.016 0.085 30.0504 30.7334 12.07 560 770 
0.607 4 30.00 30.00 3.2 6.1 0.013 0.025 30.0504 28.7717 12.07 570 780 
0.608 4 30.00 30.00 3.2 2.4 0.007 0.105 30.0504 29.3972 12.07 570 770 
0.609 4 30.00 30.00 3.2 2.1 0.007 0.069 30.0504 30.0504 12.07 560 770 
0.610 4 30.00 30.00 3.2 3.1 0.013 0.011 30.0504 30.0504 12.06 590 790 
0.611 4 30.00 30.00 3.2 3.1 0.007 0.011 30.0504 30.0504 12.06 560 770 
0.612 4 30.00 30.00 3.2 5.2 0.007 0.004 30.0504 28.7717 12.06 560 770 
0.613 4 30.00 30.00 3.2 1.3 0.020 0.112 30.0504 30.0504 12.06 560 770 
0.614 4 30.00 30.00 3.2 3.1 0.029 0.016 30.0504 30.0504 12.06 560 770 
0.615 4 30.00 30.00 3.2 3.1 0.013 0.016 30.0504 30.0504 12.07 590 790 
0.616 4 30.00 30.00 3.2 3.1 0.016 0.004 30.0504 30.0504 12.07 560 770 
0.617 4 30.00 30.00 3.2 4.2 0.018 0.004 30.0504 29.3972 12.07 560 770 
0.618 4 30.00 30.00 3.2 1.0 0.018 0.045 30.0504 30.7334 12.07 570 770 
0.619 4 30.00 30.00 4.3 2.9 0.009 0.013 29.3972 30.7334 12.07 560 770 
0.620 4 30.00 30.00 2.3 2.9 0.054 0.011 30.0504 30.7334 12.06 590 790 
0.621 4 30.00 30.00 3.2 5.1 0.033 0.007 30.0504 29.3972 12.06 570 770 
0.622 4 30.00 30.00 3.2 2.2 0.004 0.071 30.0504 30.0504 12.06 560 770 
0.623 4 30.00 30.00 2.1 1.9 0.007 0.020 30.7334 30.7334 12.06 570 780 
0.624 4 30.00 30.00 3.1 2.9 0.011 0.013 30.7334 30.7334 12.06 560 770 
0.625 4 30.00 30.00 3.1 2.9 0.011 0.016 30.7334 30.7334 12.07 590 790 
0.626 4 30.00 30.00 6.3 2.9 0.007 0.011 28.7717 30.7334 12.07 560 770 
0.627 4 30.00 30.00 4.5 6.1 0.161 0.004 28.1723 28.7717 12.07 560 780 
0.628 4 30.00 30.00 1.7 0.8 0.181 0.152 29.3972 30.7334 12.07 560 770 
0.629 4 30.00 30.00 2.3 6.1 0.038 0.018 30.0504 28.7717 12.07 570 770 
0.630 4 30.00 30.00 3.3 2.3 0.020 0.078 30.0504 29.3972 12.01 590 790 
0.631 4 30.00 30.00 3.3 2.1 0.009 0.056 30.0504 30.0504 12.01 560 770 
0.632 4 30.00 30.00 3.3 1.9 0.016 0.011 30.0504 30.7334 12.01 560 770 
0.633 4 30.00 30.00 3.3 2.9 0.007 0.022 30.0504 30.7334 12.01 560 780 
0.634 4 30.00 30.00 3.3 7.1 0.009 0.016 30.0504 28.1723 12.01 560 770 
0.635 4 30.00 30.00 3.3 0.8 0.013 0.221 30.0504 30.0504 11.88 590 800 
0.636 4 30.00 30.00 3.3 3.1 0.029 0.060 30.0504 30.0504 11.88 560 760 
0.637 4 30.00 30.00 3.3 3.1 0.020 0.016 30.0504 30.0504 11.88 570 770 
0.638 4 30.00 30.00 3.3 3.1 0.022 0.007 30.0504 30.0504 11.88 560 770 
0.639 4 30.00 30.00 3.3 5.2 0.016 0.004 30.0504 28.7717 11.88 570 780 
0.640 4 30.00 30.00 3.3 1.3 0.022 0.112 30.0504 30.0504 11.99 590 790 
0.641 4 30.00 30.00 4.3 1.9 0.013 0.020 29.3972 30.7334 11.99 570 770 
0.642 4 30.00 30.00 2.3 2.9 0.060 0.020 30.0504 30.7334 11.99 560 760 
0.643 4 30.00 30.00 3.3 5.1 0.022 0.011 30.0504 29.3972 11.99 560 770 
0.644 4 30.00 30.00 3.3 3.2 0.000 0.065 30.0504 29.3972 11.99 560 770 
0.645 4 30.00 30.00 2.1 2.2 0.004 0.085 30.7334 30.0504 12.04 590 800 
0.646 4 30.00 30.00 3.1 1.9 0.013 0.007 30.7334 30.7334 12.04 570 780 
0.647 4 30.00 30.00 3.1 2.9 0.002 0.020 30.7334 30.7334 12.04 560 760 
0.648 4 30.00 30.00 6.3 2.9 0.007 0.020 28.7717 30.7334 12.04 560 760 
0.649 4 30.00 30.00 2.5 6.1 0.154 0.011 29.3972 28.7717 12.04 560 770 
0.650 4 30.00 30.00 4.4 1.3 0.058 0.150 28.7717 30.0504 11.94 590 790 
0.651 4 30.00 30.00 2.5 6.1 0.076 0.049 29.3972 28.1723 11.94 560 780 
0.652 4 30.00 30.00 3.4 1.5 0.029 0.141 29.3972 29.3972 11.94 570 780 
0.653 4 30.00 30.00 2.4 1.0 0.013 0.029 30.0504 30.7334 11.94 570 770 
0.654 4 30.00 30.00 3.3 1.7 0.004 0.018 30.0504 31.4481 11.94 560 770 
0.655 4 30.00 30.00 3.3 3.9 0.011 0.018 30.0504 30.7334 12.07 590 790 
0.656 4 30.00 30.00 3.3 7.1 0.002 0.011 30.0504 28.1723 12.07 560 770 
0.657 4 30.00 30.00 3.3 1.5 0.007 0.230 30.0504 29.3972 12.07 560 770 
0.658 4 30.00 30.00 3.3 2.2 0.027 0.109 30.0504 30.0504 12.07 570 770 
0.659 4 30.00 30.00 3.3 3.1 0.016 0.013 30.0504 30.0504 12.07 570 770 
0.660 4 30.00 30.00 3.3 3.1 0.007 0.009 30.0504 30.0504 12.06 590 790 
0.661 4 30.00 30.00 3.3 4.2 0.009 0.002 30.0504 29.3972 12.06 560 770 
0.662 4 30.00 30.00 3.3 1.0 0.020 0.042 30.0504 30.7334 12.06 560 770 
0.663 4 30.00 30.00 3.3 1.7 0.011 0.011 30.0504 31.4481 12.06 570 770 
0.664 4 30.00 30.00 3.3 2.7 0.007 0.011 30.0504 31.4481 12.06 570 780 
0.665 4 30.00 30.00 3.3 5.0 0.022 0.016 30.0504 30.0504 12.06 590 790 
0.666 4 30.00 30.00 3.3 3.1 0.025 0.049 30.0504 30.0504 12.06 560 770 
0.667 4 30.00 30.00 2.1 3.1 0.009 0.065 30.7334 30.0504 12.06 570 780 
0.668 4 30.00 30.00 3.1 3.1 0.013 0.033 30.7334 30.0504 12.06 570 780 
0.669 4 30.00 30.00 3.1 1.9 0.011 0.013 30.7334 30.7334 12.06 570 770 
0.670 4 30.00 30.00 6.3 2.9 0.007 0.018 28.7717 30.7334 12.06 600 800 
0.671 4 30.00 30.00 2.6 6.1 0.138 0.013 29.3972 28.7717 12.06 560 770 
0.672 4 30.00 30.00 3.4 0.8 0.056 0.145 29.3972 30.7334 12.06 560 770 
0.673 4 30.00 30.00 2.4 6.1 0.031 0.013 30.0504 28.7717 12.06 570 780 
0.674 4 30.00 30.00 3.3 2.3 0.009 0.076 30.0504 29.3972 12.06 560 770 
0.675 4 30.00 30.00 3.3 2.1 0.009 0.051 30.0504 30.0504 12.06 590 790 
0.676 4 30.00 30.00 3.3 1.9 0.009 0.009 30.0504 30.7334 12.06 570 780 
0.677 4 30.00 30.00 3.3 2.9 0.016 0.018 30.0504 30.7334 12.06 560 770 
0.678 4 30.00 30.00 3.3 8.9 0.011 0.013 30.0504 27.0454 12.06 560 770 
0.679 4 30.00 30.00 3.3 -0.8 0.011 -0.324 30.0504 29.3972 12.06 570 770 
0.680 4 30.00 30.00 3.3 2.1 0.029 0.009 30.0504 30.0504 12.07 590 790 
0.681 4 30.00 30.00 3.3 1.9 0.025 0.013 30.0504 30.7334 12.07 560 770 
0.682 4 30.00 30.00 3.3 2.9 0.009 0.018 30.0504 30.7334 12.07 570 780 
0.683 4 30.00 30.00 3.3 4.0 0.009 0.011 30.0504 30.0504 12.07 570 780 
0.684 4 30.00 30.00 3.3 1.9 0.022 0.018 30.0504 30.7334 12.07 560 760 
0.685 4 30.00 30.00 3.3 2.9 0.011 0.011 30.0504 30.7334 12.06 590 790 
0.686 4 30.00 30.00 3.3 2.9 0.009 0.004 30.0504 30.7334 12.06 570 770 
0.687 4 30.00 30.00 2.1 5.1 0.022 0.007 30.7334 29.3972 12.06 570 770 
0.688 4 30.00 30.00 7.3 2.1 0.011 0.078 28.1723 30.0504 12.06 560 780 
0.689 4 30.00 30.00 -0.8 1.9 -0.188 0.018 30.7334 30.7334 12.06 570 770 
0.690 4 30.00 30.00 3.1 2.9 0.002 0.011 30.7334 30.7334 12.09 590 780 
0.691 4 30.00 30.00 3.1 2.9 0.013 0.018 30.7334 30.7334 12.09 560 770 
0.692 4 30.00 30.00 6.3 2.9 0.013 0.011 28.7717 30.7334 12.09 560 770 
0.693 4 30.00 30.00 1.5 6.1 0.141 0.007 30.0504 28.7717 12.09 560 780 
0.694 4 30.00 30.00 3.3 1.2 0.033 0.154 30.0504 30.0504 12.09 580 780 
0.695 4 30.00 30.00 2.1 5.1 0.009 0.036 30.7334 28.7717 12.09 590 790 
0.696 4 30.00 30.00 3.1 2.3 0.018 0.047 30.7334 29.3972 12.09 570 770 
0.697 4 30.00 30.00 4.2 2.1 0.016 0.033 30.0504 30.0504 12.09 560 770 
0.698 4 30.00 30.00 3.3 1.9 0.040 0.011 30.0504 30.7334 12.09 570 770 
0.699 4 30.00 30.00 3.3 2.9 0.049 0.018 30.0504 30.7334 12.09 560 780 
0.700 4 30.00 30.00 3.3 6.1 0.025 0.011 30.0504 28.7717 12.06 600 800 
0.701 4 30.00 30.00 3.3 1.3 0.016 0.158 30.0504 30.0504 12.06 570 770 
0.702 4 30.00 30.00 3.3 3.0 0.025 0.031 30.0504 30.0504 12.06 560 760 
0.705 4 30.00 30.00 3.3 3.0 0.020 0.013 30.0504 30.0504 12.06 560 770 
0.706 4 30.00 30.00 3.3 4.1 0.011 0.004 30.0504 29.3972 12.06 580 790 
0.707 4 30.00 30.00 3.2 2.1 0.018 0.027 30.0504 30.0504 11.99 590 790 
0.707 4 30.00 30.00 3.2 1.9 0.011 0.007 30.0504 30.7334 11.99 570 770 
0.708 4 30.00 30.00 3.2 2.9 0.007 0.013 30.0504 30.7334 11.99 560 760 
0.709 4 30.00 30.00 2.1 5.1 0.018 0.011 30.7334 29.3972 11.99 570 770 
0.710 4 30.00 30.00 4.2 2.1 0.016 0.060 30.0504 30.0504 11.99 560 770 
0.711 4 30.00 30.00 2.1 1.9 0.018 0.027 30.7334 30.7334 12.04 590 790 
0.712 4 30.00 30.00 3.1 2.9 0.011 0.013 30.7334 30.7334 12.04 560 760 
0.713 4 30.00 30.00 3.1 2.9 0.007 0.018 30.7334 30.7334 12.04 560 760 
0.714 4 30.00 30.00 6.3 2.9 0.007 0.013 28.7717 30.7334 12.04 560 770 
0.715 4 30.00 30.00 2.5 6.1 0.156 0.007 29.3972 28.7717 12.04 560 770 
0.716 4 30.00 30.00 3.4 1.2 0.083 0.147 29.3972 30.0504 11.93 590 800 
0.717 4 30.00 30.00 2.3 5.1 0.029 0.051 30.0504 28.7717 11.93 570 780 
0.718 4 30.00 30.00 3.2 2.3 0.011 0.080 30.0504 29.3972 11.93 560 760 
0.719 4 30.00 30.00 3.2 2.1 0.013 0.029 30.0504 30.0504 11.93 560 760 
0.720 4 30.00 30.00 3.2 3.0 0.004 0.011 30.0504 30.0504 11.93 560 760 
0.721 4 30.00 30.00 3.2 3.0 0.013 0.011 30.0504 30.0504 12.07 590 790 
0.722 4 30.00 30.00 3.2 3.0 0.013 0.004 30.0504 30.0504 12.07 560 770 
0.723 4 30.00 30.00 3.2 4.1 0.004 0.007 30.0504 29.3972 12.07 570 770 
0.724 4 30.00 30.00 3.2 2.1 0.020 0.047 30.0504 30.0504 12.07 580 780 
0.725 4 30.00 30.00 3.2 4.1 0.018 0.013 30.0504 29.3972 12.07 560 760 
0.726 4 30.00 30.00 3.2 2.1 0.007 0.036 30.0504 30.0504 12.04 590 790 
0.727 4 30.00 30.00 3.2 5.2 0.013 0.009 30.0504 28.7717 12.04 560 770 
0.728 4 30.00 30.00 3.2 1.3 0.011 0.078 30.0504 30.0504 12.04 560 770 
0.729 4 30.00 30.00 3.2 1.9 0.007 0.018 30.0504 30.7334 12.04 560 770 
0.730 4 30.00 30.00 3.2 2.9 0.007 0.011 30.0504 30.7334 12.04 570 770 
0.731 4 30.00 30.00 3.2 2.9 0.016 0.011 30.0504 30.7334 12.09 590 790 
0.732 4 30.00 30.00 3.2 2.9 0.025 0.013 30.0504 30.7334 12.09 560 770 
0.733 4 30.00 30.00 3.2 2.9 0.020 0.011 30.0504 30.7334 12.09 560 770 
0.734 4 30.00 30.00 2.1 6.1 0.004 0.002 30.7334 28.7717 12.09 560 780 
0.735 4 30.00 30.00 3.1 0.8 0.018 0.156 30.7334 30.7334 12.09 570 770 
0.736 4 30.00 30.00 6.3 2.9 0.013 0.013 28.7717 30.7334 12.07 590 790 
0.737 4 30.00 30.00 2.5 6.1 0.141 0.018 29.3972 28.7717 12.07 560 760 
0.738 4 30.00 30.00 3.4 1.3 0.094 0.138 29.3972 30.0504 12.07 560 770 
0.739 4 30.00 30.00 2.3 6.1 0.031 0.027 30.0504 28.1723 12.07 560 770 
0.740 4 30.00 30.00 3.2 1.5 0.009 0.121 30.0504 29.3972 12.07 570 780 
0.741 4 30.00 30.00 3.2 2.1 0.011 0.027 30.0504 30.0504 12.06 590 790 
0.742 4 30.00 30.00 3.2 1.9 0.007 0.018 30.0504 30.7334 12.06 570 770 
0.743 4 30.00 30.00 3.2 2.9 0.011 0.013 30.0504 30.7334 12.06 560 770 
0.744 4 30.00 30.00 3.2 2.9 0.011 0.018 30.0504 30.7334 12.06 570 770 
0.745 4 30.00 30.00 3.2 5.1 0.002 0.007 30.0504 29.3972 12.06 560 770 
0.746 4 30.00 30.00 3.2 3.2 0.016 0.094 30.0504 29.3972 11.98 590 790 
0.747 4 30.00 30.00 3.2 3.2 0.029 0.085 30.0504 29.3972 11.98 560 770 
0.748 4 30.00 30.00 3.2 3.2 0.013 0.045 30.0504 29.3972 11.98 560 770 
0.749 4 30.00 30.00 3.2 3.2 0.011 0.027 30.0504 29.3972 11.98 560 760 
0.750 4 30.00 30.00 3.2 1.0 0.013 0.016 30.0504 30.7334 11.98 570 770 
0.751 4 30.00 30.00 3.2 2.9 0.016 0.018 30.0504 30.7334 12.06 590 790 
0.752 4 30.00 30.00 3.2 2.9 0.004 0.013 30.0504 30.7334 12.06 560 770 
0.753 4 30.00 30.00 3.2 5.1 0.011 0.004 30.0504 29.3972 12.06 560 770 
0.754 4 30.00 30.00 3.2 2.1 0.025 0.074 30.0504 30.0504 12.06 560 770 
0.755 4 30.00 30.00 3.2 1.9 0.016 0.013 30.0504 30.7334 12.06 570 780 
0.756 4 30.00 30.00 2.1 6.1 0.009 0.016 30.7334 28.7717 12.06 590 790 
0.757 4 30.00 30.00 3.1 0.8 0.016 0.103 30.7334 30.7334 12.06 560 760 
0.758 4 30.00 30.00 3.1 2.9 0.011 0.011 30.7334 30.7334 12.06 560 770 
0.759 4 30.00 30.00 6.3 6.1 0.009 0.013 28.7717 28.7717 12.06 560 770 
0.760 4 30.00 30.00 2.5 1.3 0.150 0.136 29.3972 30.0504 12.06 560 770 
0.761 4 30.00 30.00 3.4 6.1 0.069 0.031 29.3972 28.1723 12.12 590 800 
0.762 4 30.00 30.00 3.4 1.5 0.027 0.096 29.3972 29.3972 12.12 570 770 
0.763 4 30.00 30.00 3.4 1.0 0.018 0.020 29.3972 30.7334 12.12 560 760 
0.764 4 30.00 30.00 2.3 2.9 0.031 0.020 30.0504 30.7334 12.12 560 770 
0.765 4 30.00 30.00 3.2 2.9 0.011 0.020 30.0504 30.7334 12.12 560 770 
0.766 4 30.00 30.00 3.2 2.9 0.007 0.016 30.0504 30.7334 12.06 590 800 
0.767 4 30.00 30.00 3.2 5.1 0.007 0.004 30.0504 29.3972 12.06 560 770 
0.768 4 30.00 30.00 3.2 3.2 0.007 0.094 30.0504 29.3972 12.06 560 760 
0.769 4 30.00 30.00 3.2 2.1 0.027 0.074 30.0504 30.0504 12.06 560 760 
0.770 4 30.00 30.00 3.2 3.1 0.013 0.011 30.0504 30.0504 12.06 570 760 
0.771 4 30.00 30.00 3.2 4.1 0.009 0.007 30.0504 29.3972 12.06 590 790 
0.772 4 30.00 30.00 3.2 1.0 0.013 0.033 30.0504 30.7334 12.06 560 770 
0.773 4 30.00 30.00 3.2 2.9 0.011 0.020 30.0504 30.7334 12.06 580 780 
0.774 4 30.00 30.00 4.3 2.9 0.011 0.013 29.3972 30.7334 12.06 570 770 
0.775 4 30.00 30.00 2.3 5.1 0.069 0.009 30.0504 29.3972 12.06 560 760 
0.776 4 30.00 30.00 3.2 2.1 0.020 0.074 30.0504 30.0504 12.02 590 790 
0.777 4 30.00 30.00 3.2 1.9 0.007 0.025 30.0504 30.7334 12.02 570 770 
0.778 4 30.00 30.00 2.1 2.9 0.004 0.018 30.7334 30.7334 12.02 560 770 
0.779 4 30.00 30.00 3.1 2.9 0.013 0.016 30.7334 30.7334 12.02 570 770 
0.780 4 30.00 30.00 3.1 2.9 0.013 0.013 30.7334 30.7334 12.02 560 760 
0.781 4 30.00 30.00 6.3 6.1 0.009 0.004 28.7717 28.7717 12.06 590 780 
0.782 4 30.00 30.00 2.5 1.2 0.147 0.145 29.3972 30.0504 12.06 560 770 
0.783 4 30.00 30.00 4.4 6.1 0.056 0.033 28.7717 28.1723 12.06 560 770 
0.784 4 30.00 30.00 2.5 2.5 0.078 0.116 29.3972 28.7717 12.06 560 770 
0.785 4 30.00 30.00 3.4 1.3 0.025 0.056 29.3972 30.0504 12.06 570 780 
0.786 4 30.00 30.00 2.3 1.9 0.009 0.020 30.0504 30.7334 12.06 590 790 
0.787 4 30.00 30.00 3.3 2.9 0.013 0.016 30.0504 30.7334 12.06 560 760 
0.788 4 30.00 30.00 3.3 2.9 0.009 0.018 30.0504 30.7334 12.06 560 760 
0.789 4 30.00 30.00 3.3 5.1 0.009 0.007 30.0504 29.3972 12.06 560 770 
0.790 4 30.00 30.00 3.3 3.2 0.009 0.089 30.0504 29.3972 12.06 560 770 
0.791 4 30.00 30.00 4.3 3.2 0.029 0.069 29.3972 29.3972 11.94 600 800 
0.792 4 30.00 30.00 2.4 3.2 0.071 0.029 30.0504 29.3972 11.94 570 770 
0.793 4 30.00 30.00 3.3 4.2 0.020 0.027 30.0504 28.7717 11.94 560 760 
0.794 4 30.00 30.00 3.3 1.3 0.007 0.071 30.0504 30.0504 11.94 570 770 
0.795 4 30.00 30.00 3.3 3.1 0.018 0.018 30.0504 30.0504 11.94 560 770 
0.796 4 30.00 30.00 3.3 1.9 0.013 0.009 30.0504 30.7334 12.01 590 800 
0.797 4 30.00 30.00 3.3 5.1 0.011 0.011 30.0504 29.3972 12.01 560 770 
0.798 4 30.00 30.00 2.1 2.2 0.022 0.067 30.7334 30.0504 12.01 570 770 
0.799 4 30.00 30.00 4.2 1.9 0.011 0.016 30.0504 30.7334 12.01 560 760 
0.800 4 30.00 30.00 2.1 2.9 0.020 0.016 30.7334 30.7334 12.01 560 770 
0.801 4 30.00 30.00 3.1 5.1 0.011 0.013 30.7334 29.3972 12.09 590 800 
0.802 4 30.00 30.00 3.1 1.0 0.011 0.058 30.7334 30.7334 12.09 570 770 
0.803 4 30.00 30.00 6.3 6.1 0.007 0.018 28.7717 28.7717 12.09 560 770 
0.804 4 30.00 30.00 1.5 1.3 0.147 0.114 30.0504 30.0504 12.09 560 760 
0.805 4 30.00 30.00 4.3 6.1 0.031 0.031 29.3972 28.1723 12.09 560 770 
0.806 4 30.00 30.00 2.3 2.6 0.036 0.109 30.0504 28.7717 11.94 590 790 
0.807 4 30.00 30.00 3.3 1.3 0.011 0.060 30.0504 30.0504 11.94 570 770 
0.808 4 30.00 30.00 3.3 2.0 0.007 0.018 30.0504 30.7334 11.94 560 770 
0.809 4 30.00 30.00 4.3 2.9 0.009 0.018 29.3972 30.7334 11.94 560 770 
0.810 4 30.00 30.00 2.3 2.9 0.069 0.013 30.0504 30.7334 11.94 560 760 
0.811 4 30.00 30.00 3.3 5.1 0.013 0.007 30.0504 29.3972 12.07 590 790 
0.812 4 30.00 30.00 3.3 2.2 0.009 0.087 30.0504 30.0504 12.07 560 770 
0.813 4 30.00 30.00 3.3 3.1 0.025 0.027 30.0504 30.0504 12.07 580 780 
0.814 4 30.00 30.00 3.3 3.1 0.018 0.007 30.0504 30.0504 12.07 560 770 
0.815 4 30.00 30.00 3.3 4.1 0.011 0.004 30.0504 29.3972 12.07 560 770 
0.816 4 30.00 30.00 3.3 1.0 0.016 0.042 30.0504 30.7334 12.04 590 790 
0.817 4 30.00 30.00 3.3 2.9 0.020 0.022 30.0504 30.7334 12.04 570 770 
0.818 4 30.00 30.00 3.3 2.9 0.011 0.011 30.0504 30.7334 12.04 560 770 
0.819 4 30.00 30.00 3.3 2.9 0.009 0.007 30.0504 30.7334 12.04 570 780 
0.820 4 30.00 30.00 2.1 2.9 0.020 0.004 30.7334 30.7334 12.04 560 770 
0.821 4 30.00 30.00 3.1 2.9 0.013 0.007 30.7334 30.7334 12.06 590 800 
0.822 4 30.00 30.00 3.1 2.9 0.016 0.004 30.7334 30.7334 12.06 560 770 
0.823 4 30.00 30.00 3.1 2.9 0.009 0.004 30.7334 30.7334 12.06 580 780 
0.824 4 30.00 30.00 3.1 2.9 0.007 0.007 30.7334 30.7334 12.06 570 780 
0.825 4 30.00 30.00 6.3 6.1 0.004 0.007 28.7717 28.7717 12.06 560 770 
0.826 4 30.00 30.00 2.5 1.3 0.150 0.150 29.3972 30.0504 11.87 590 790 
0.827 4 30.00 30.00 3.4 6.1 0.083 0.045 29.3972 28.1723 11.87 560 780 
0.828 4 30.00 30.00 2.3 2.5 0.036 0.116 30.0504 28.7717 11.87 560 770 
0.829 4 30.00 30.00 3.2 0.8 0.009 0.074 30.0504 30.7334 11.87 570 770 
0.830 4 30.00 30.00 3.2 2.9 0.009 0.004 30.0504 30.7334 11.87 570 760 
0.831 4 30.00 30.00 2.1 2.9 0.011 0.020 30.7334 30.7334 12.07 590 790 
0.832 4 30.00 30.00 4.2 2.9 0.011 0.013 30.0504 30.7334 12.07 570 770 
0.833 4 30.00 30.00 3.2 5.1 0.018 0.007 30.0504 29.3972 12.07 560 780 
0.834 4 30.00 30.00 3.2 3.2 0.031 0.087 30.0504 29.3972 12.07 560 770 
0.835 4 30.00 30.00 3.2 3.2 0.029 0.074 30.0504 29.3972 12.07 560 760 
0.836 4 30.00 30.00 3.2 3.2 0.020 0.038 30.0504 29.3972 12.04 590 780 
0.837 4 30.00 30.00 3.2 3.2 0.011 0.020 30.0504 29.3972 12.04 560 770 
0.838 4 30.00 30.00 3.2 1.0 0.018 0.011 30.0504 30.7334 12.04 560 770 
0.839 4 30.00 30.00 3.2 4.0 0.018 0.020 30.0504 30.0504 12.04 560 770 
0.840 4 30.00 30.00 3.2 1.9 0.013 0.011 30.0504 30.7334 12.04 560 760 
0.841 4 30.00 30.00 3.2 5.1 0.007 0.013 30.0504 29.3972 12.09 590 790 
0.842 4 30.00 30.00 3.2 2.1 0.013 0.040 30.0504 30.0504 12.09 560 760 
0.843 4 30.00 30.00 3.2 1.9 0.027 0.016 30.0504 30.7334 12.09 560 770 
0.844 4 30.00 30.00 3.2 2.9 0.013 0.016 30.0504 30.7334 12.09 560 770 
0.845 4 30.00 30.00 2.1 2.9 0.007 0.013 30.7334 30.7334 12.09 560 770 
0.846 4 30.00 30.00 3.1 2.9 0.016 0.016 30.7334 30.7334 12.06 590 790 
0.847 4 30.00 30.00 6.3 6.1 0.011 0.007 28.7717 28.7717 12.06 560 760 
0.848 4 30.00 30.00 1.4 1.3 0.134 0.145 30.0504 30.0504 12.06 560 770 
0.849 4 30.00 30.00 3.2 6.1 0.047 0.033 30.0504 28.1723 12.06 560 770 
0.850 4 30.00 30.00 2.1 2.5 0.007 0.118 30.7334 28.7717 12.06 560 770 
0.851 4 30.00 30.00 4.2 1.3 0.013 0.067 30.0504 30.0504 12.04 600 800 
0.852 4 30.00 30.00 3.2 1.9 0.011 0.013 30.0504 30.7334 12.04 570 770 
0.853 4 30.00 30.00 3.2 2.9 0.016 0.013 30.0504 30.7334 12.04 560 760 
0.854 4 30.00 30.00 3.2 2.9 0.022 0.011 30.0504 30.7334 12.04 560 770 
0.855 4 30.00 30.00 3.2 5.1 0.011 0.007 30.0504 29.3972 12.04 570 770 
0.856 4 30.00 30.00 3.2 2.1 0.009 0.089 30.0504 30.0504 12.02 590 800 
0.857 4 30.00 30.00 3.2 3.0 0.020 0.031 30.0504 30.0504 12.02 560 770 
0.858 4 30.00 30.00 3.2 3.0 0.025 0.004 30.0504 30.0504 12.02 560 770 
0.859 4 30.00 30.00 3.2 5.2 0.011 0.007 30.0504 28.7717 12.02 570 780 
0.860 4 30.00 30.00 3.2 1.3 0.009 0.112 30.0504 30.0504 12.02 570 770 
0.861 4 30.00 30.00 3.2 3.1 0.013 0.022 30.0504 30.0504 12.06 590 790 
0.862 4 30.00 30.00 3.2 1.9 0.016 0.007 30.0504 30.7334 12.06 560 760 
0.863 4 30.00 30.00 4.3 5.1 0.007 0.009 29.3972 29.3972 12.06 570 770 
0.864 4 30.00 30.00 2.3 2.1 0.051 0.042 30.0504 30.0504 12.06 560 770 
0.865 4 30.00 30.00 3.2 1.9 0.022 0.018 30.0504 30.7334 12.06 570 780 
0.866 4 30.00 30.00 3.2 2.9 0.009 0.013 30.0504 30.7334 12.06 590 790 
0.867 4 30.00 30.00 2.1 2.9 0.004 0.013 30.7334 30.7334 12.06 570 780 
0.868 4 30.00 30.00 3.1 2.9 0.016 0.011 30.7334 30.7334 12.06 560 770 
0.869 4 30.00 30.00 3.0 6.1 0.009 0.007 30.7334 28.7717 12.06 560 770 
0.870 4 30.00 30.00 6.3 1.3 0.011 0.152 28.7717 30.0504 12.06 560 770 
0.871 4 30.00 30.00 3.5 6.1 0.152 0.036 28.7717 28.1723 11.96 590 800 
0.872 4 30.00 30.00 1.4 2.5 0.134 0.100 30.0504 28.7717 11.96 570 780 
0.873 4 30.00 30.00 3.2 0.8 0.022 0.062 30.0504 30.7334 11.96 560 770 
0.874 4 30.00 30.00 3.2 2.9 0.013 0.007 30.0504 30.7334 11.96 560 760 
0.875 4 30.00 30.00 3.2 2.9 0.007 0.013 30.0504 30.7334 11.96 560 760 
0.876 4 30.00 30.00 3.2 2.9 0.018 0.016 30.0504 30.7334 12.06 590 790 
0.877 4 30.00 30.00 3.2 5.1 0.013 0.007 30.0504 29.3972 12.06 560 770 
0.878 4 30.00 30.00 3.2 3.2 0.007 0.094 30.0504 29.3972 12.06 560 780 
0.879 4 30.00 30.00 3.2 3.2 0.009 0.078 30.0504 29.3972 12.06 580 780 
0.880 4 30.00 30.00 3.2 3.2 0.029 0.042 30.0504 29.3972 12.06 570 760 
0.881 4 30.00 30.00 3.2 4.2 0.013 0.027 30.0504 28.7717 12.04 590 790 
0.882 4 30.00 30.00 3.2 1.3 0.009 0.065 30.0504 30.0504 12.04 570 770 
0.883 4 30.00 30.00 3.2 3.1 0.013 0.020 30.0504 30.0504 12.04 560 770 
0.884 4 30.00 30.00 3.2 1.9 0.016 0.007 30.0504 30.7334 12.04 570 770 
0.885 4 30.00 30.00 3.2 2.9 0.009 0.007 30.0504 30.7334 12.04 560 770 
0.886 4 30.00 30.00 3.2 2.9 0.013 0.018 30.0504 30.7334 12.07 590 800 
0.887 4 30.00 30.00 3.2 2.9 0.025 0.011 30.0504 30.7334 12.07 570 760 
0.888 4 30.00 30.00 3.2 2.9 0.022 0.004 30.0504 30.7334 12.07 560 770 
0.889 4 30.00 30.00 3.2 2.9 0.011 0.004 30.0504 30.7334 12.07 560 770 
0.890 4 30.00 30.00 2.1 2.9 0.013 0.011 30.7334 30.7334 12.07 570 780 
0.891 4 30.00 30.00 4.2 6.1 0.018 0.004 30.0504 28.7717 12.07 590 800 
0.892 4 30.00 30.00 5.3 1.3 0.016 0.141 28.7717 30.0504 12.07 560 770 
0.893 4 30.00 30.00 2.5 6.1 0.127 0.031 29.3972 28.1723 12.07 570 770 
0.894 4 30.00 30.00 3.4 2.5 0.040 0.109 29.3972 28.7717 12.07 560 770 
0.895 4 30.00 30.00 2.3 1.3 0.022 0.062 30.0504 30.0504 12.07 560 770 
0.896 4 30.00 30.00 3.2 1.9 0.013 0.013 30.0504 30.7334 12.07 590 800 
0.897 4 30.00 30.00 3.2 2.9 0.011 0.018 30.0504 30.7334 12.07 560 770 
0.898 4 30.00 30.00 3.2 2.9 0.009 0.013 30.0504 30.7334 12.07 560 770 
0.899 4 30.00 30.00 3.2 5.1 0.013 0.002 30.0504 29.3972 12.07 580 790 
0.900 4 30.00 30.00 3.2 2.1 0.009 0.094 30.0504 30.0504 12.07 560 770 
0.901 4 30.00 30.00 4.3 5.2 0.016 0.027 29.3972 28.7717 12.06 590 800 
0.902 4 30.00 30.00 3.4 1.3 0.076 0.083 29.3972 30.0504 12.06 570 770 
0.905 4 30.00 30.00 3.4 4.1 0.076 0.022 29.3972 29.3972 12.06 560 770 
0.906 4 30.00 30.00 2.3 1.0 0.027 0.076 30.0504 30.7334 12.06 570 780 
0.906 4 30.00 30.00 3.2 2.9 0.009 0.029 30.0504 30.7334 12.06 560 760 
0.907 4 30.00 30.00 3.2 5.1 0.009 0.018 30.0504 29.3972 12.06 590 790 
0.908 4 30.00 30.00 3.2 1.0 0.007 0.060 30.0504 30.7334 12.06 560 760 
0.909 4 30.00 30.00 3.2 2.9 0.016 0.013 30.0504 30.7334 12.06 560 770 
0.910 4 30.00 30.00 3.2 2.9 0.027 0.011 30.0504 30.7334 12.06 560 770 
0.911 4 30.00 30.00 3.2 2.9 0.011 0.007 30.0504 30.7334 12.06 560 770 
0.912 4 30.00 30.00 2.1 2.9 0.009 0.009 30.7334 30.7334 12.07 590 790 
0.913 4 30.00 30.00 3.1 6.1 0.018 0.004 30.7334 28.7717 12.07 560 760 
0.914 4 30.00 30.00 7.3 1.3 0.011 0.154 28.1723 30.0504 12.07 560 760 
0.915 4 30.00 30.00 1.7 6.1 0.190 0.036 29.3972 28.1723 12.07 560 770 
0.916 4 30.00 30.00 3.4 2.5 0.078 0.116 29.3972 28.7717 12.07 560 770 
0.917 4 30.00 30.00 2.3 0.8 0.009 0.058 30.0504 30.7334 12.06 590 790 
0.918 4 30.00 30.00 3.2 2.9 0.013 0.002 30.0504 30.7334 12.06 570 770 
0.919 4 30.00 30.00 3.3 2.9 0.011 0.016 30.0504 30.7334 12.06 560 760 
0.920 4 30.00 30.00 3.3 2.9 0.007 0.013 30.0504 30.7334 12.06 570 760 
0.921 4 30.00 30.00 3.3 5.1 0.013 0.004 30.0504 29.3972 12.06 560 770 
0.922 4 30.00 30.00 3.3 4.2 0.009 0.087 30.0504 28.7717 12.01 590 790 
0.923 4 30.00 30.00 3.3 2.3 0.009 0.147 30.0504 29.3972 12.01 580 780 
0.924 4 30.00 30.00 3.3 2.1 0.025 0.036 30.0504 30.0504 12.01 570 780 
0.925 4 30.00 30.00 3.3 4.1 0.022 0.011 30.0504 29.3972 12.01 570 770 
0.926 4 30.00 30.00 3.3 1.0 0.011 0.013 30.0504 30.7334 12.01 570 770 
0.927 4 30.00 30.00 3.3 4.0 0.013 0.016 30.0504 30.0504 12.06 590 790 
0.928 4 30.00 30.00 3.2 1.9 0.020 0.011 30.0504 30.7334 12.06 570 780 
0.929 4 30.00 30.00 3.2 5.1 0.013 0.013 30.0504 29.3972 12.06 560 770 
0.930 4 30.00 30.00 3.2 2.1 0.009 0.067 30.0504 30.0504 12.06 570 770 
0.931 4 30.00 30.00 3.2 1.9 0.013 0.018 30.0504 30.7334 12.06 560 770 
0.932 4 30.00 30.00 3.2 2.9 0.029 0.018 30.0504 30.7334 12.06 590 790 
0.933 4 30.00 30.00 3.2 5.1 0.016 0.016 30.0504 29.3972 12.06 560 780 
0.934 4 30.00 30.00 2.1 1.0 0.009 0.065 30.7334 30.7334 12.06 560 770 
0.935 4 30.00 30.00 3.1 6.1 0.011 0.022 30.7334 28.7717 12.06 570 770 
0.936 4 30.00 30.00 7.3 1.3 0.013 0.112 28.1723 30.0504 12.06 560 770 
0.937 4 30.00 30.00 1.7 6.1 0.201 0.033 29.3972 28.1723 11.93 590 790 
0.938 4 30.00 30.00 3.4 2.5 0.118 0.096 29.3972 28.7717 11.93 570 770 
0.939 4 30.00 30.00 1.2 0.8 0.020 0.058 30.7334 30.7334 11.93 570 780 
0.940 4 30.00 30.00 3.1 2.9 0.020 0.004 30.7334 30.7334 11.93 570 780 
0.941 4 30.00 30.00 3.1 2.9 0.020 0.016 30.7334 30.7334 11.93 570 770 
0.942 4 30.00 30.00 3.1 2.9 0.009 0.018 30.7334 30.7334 12.07 590 790 
0.943 4 30.00 30.00 4.2 5.1 0.002 0.011 30.0504 29.3972 12.07 560 770 
0.944 4 30.00 30.00 3.2 3.2 0.040 0.094 30.0504 29.3972 12.07 560 770 
0.945 4 30.00 30.00 3.2 3.2 0.042 0.074 30.0504 29.3972 12.07 580 780 
0.946 4 30.00 30.00 3.2 3.2 0.025 0.042 30.0504 29.3972 12.07 560 770 
0.947 4 30.00 30.00 3.2 3.2 0.027 0.022 30.0504 29.3972 12.06 590 800 
0.948 4 30.00 30.00 3.2 1.0 0.011 0.013 30.0504 30.7334 12.06 560 770 
0.949 4 30.00 30.00 3.2 4.0 0.011 0.020 30.0504 30.0504 12.06 560 770 
0.950 4 30.00 30.00 3.2 2.0 0.018 0.007 30.0504 30.7334 12.06 570 770 
0.951 4 30.00 30.00 3.2 5.1 0.011 0.013 30.0504 29.3972 12.06 560 770 
0.952 4 30.00 30.00 3.2 2.2 0.009 0.049 30.0504 30.0504 11.98 590 790 
0.953 4 30.00 30.00 2.1 1.9 0.013 0.018 30.7334 30.7334 11.98 570 770 
0.954 4 30.00 30.00 4.2 2.9 0.011 0.018 30.0504 30.7334 11.98 560 770 
0.955 4 30.00 30.00 3.2 6.1 0.018 0.016 30.0504 28.7717 11.98 560 770 
0.956 4 30.00 30.00 2.1 0.8 0.025 0.145 30.7334 30.7334 11.98 570 770 
0.957 4 30.00 30.00 3.1 4.0 0.016 0.011 30.7334 30.0504 12.09 590 790 
0.958 4 30.00 30.00 3.1 1.9 0.013 0.009 30.7334 30.7334 12.09 560 770 
0.959 4 30.00 30.00 5.2 7.1 0.011 0.016 29.3972 28.1723 12.09 570 770 
0.960 4 30.00 30.00 5.4 2.5 0.096 0.156 28.1723 28.7717 12.09 560 770 
0.961 4 30.00 30.00 1.7 0.8 0.201 0.092 29.3972 30.7334 12.09 570 780 
0.962 4 30.00 30.00 2.3 2.9 0.065 0.004 30.0504 30.7334 12.09 590 790 
0.963 4 30.00 30.00 3.2 2.9 0.016 0.018 30.0504 30.7334 12.09 560 770 
0.964 4 30.00 30.00 3.2 2.9 0.009 0.016 30.0504 30.7334 12.09 560 770 
0.965 4 30.00 30.00 3.2 5.1 0.009 0.007 30.0504 29.3972 12.09 570 780 
0.966 4 30.00 30.00 3.2 5.2 0.007 0.092 30.0504 28.1723 12.09 560 770 
0.967 4 30.00 30.00 3.2 0.8 0.007 0.192 30.0504 30.0504 12.01 590 780 
0.968 4 30.00 30.00 3.2 3.1 0.011 0.016 30.0504 30.0504 12.01 570 760 
0.969 4 30.00 30.00 3.2 3.1 0.025 0.016 30.0504 30.0504 12.01 560 770 
0.970 4 30.00 30.00 3.2 0.8 0.016 0.009 30.0504 31.4481 12.01 560 770 
0.971 4 30.00 30.00 3.2 3.9 0.009 0.016 30.0504 30.7334 12.01 560 780 
0.972 4 30.00 30.00 3.2 2.9 0.013 0.009 30.0504 30.7334 12.04 590 790 
0.973 4 30.00 30.00 3.2 5.1 0.016 0.009 30.0504 29.3972 12.04 560 760 
