%  1    time 0.000 sec
%  2    mission (0) state 2
%  3  4 Motor velocity ref left, right: 10.00 10.00
%  5  6 Motor voltage [V] left, right: 3.1 3.1
%  7  8 Motor current left, right [A]: 0.000 0.000
%  9 10 Wheel velocity [r/s] left, right: 0.0000 0.0000
% 11    Battery voltage [V]: 12.12
% 12 13 Get data time [us]: 560 +ctrl 730
0.001 2 10.00 10.00 3.3 3.3 0.074 0.089 0.0000 0.0000 12.12 560 680 
0.002 2 10.00 10.00 3.5 3.5 0.212 0.248 0.0000 0.0000 12.12 560 680 
0.003 2 10.00 10.00 3.7 3.7 0.317 0.337 0.0000 0.0000 11.94 590 700 
0.004 2 10.00 10.00 3.8 3.8 0.384 0.404 0.0000 0.0000 11.94 560 680 
0.005 2 10.00 10.00 4.0 4.0 0.446 0.453 0.0000 0.0000 11.94 560 730 
0.006 2 10.00 10.00 4.2 4.2 0.493 0.498 0.0000 0.0000 11.94 560 730 
0.007 2 10.00 10.00 4.4 4.4 0.520 0.527 0.0000 0.0000 11.94 560 730 
0.008 2 10.00 10.00 4.3 4.6 0.554 0.551 0.0081 0.0000 11.83 590 830 
0.009 2 10.00 10.00 4.1 3.2 0.551 0.574 0.0081 4.1102 11.83 560 880 
0.010 2 10.00 10.00 2.7 3.2 0.536 0.516 5.7058 4.1102 11.83 560 880 
0.011 2 10.00 10.00 2.8 2.8 0.431 0.424 5.7058 7.0431 11.83 560 830 
0.012 2 10.00 10.00 2.7 2.7 0.317 0.342 7.6399 7.4711 11.83 560 790 
0.013 2 10.00 10.00 2.3 2.8 0.252 0.270 8.9554 7.4711 12.02 590 820 
0.014 2 10.00 10.00 2.3 2.3 0.190 0.228 8.9554 9.0756 12.02 560 790 
0.015 2 10.00 10.00 2.1 2.1 0.127 0.174 9.7286 9.7991 12.02 560 790 
0.016 2 10.00 10.00 1.9 1.8 0.087 0.129 10.4021 10.9054 12.02 570 800 
0.017 2 10.00 10.00 1.8 1.7 0.058 0.071 10.8182 10.9054 12.02 560 790 
0.018 2 10.00 10.00 1.7 2.0 0.029 0.045 10.8182 9.9432 12.06 590 810 
0.019 2 10.00 10.00 1.7 1.6 0.025 0.027 10.9054 11.4599 12.06 570 800 
0.020 2 10.00 10.00 1.7 1.2 0.031 0.029 10.9054 12.4061 12.06 560 790 
0.021 2 10.00 10.00 1.5 1.3 0.022 0.007 11.2689 11.9670 12.06 560 790 
0.022 2 10.00 10.00 1.6 1.7 0.011 0.007 11.1758 10.5646 12.06 560 790 
0.023 2 10.00 10.00 1.5 1.9 0.007 0.007 11.2689 10.0916 12.07 590 760 
0.024 2 10.00 10.00 1.5 1.3 0.004 0.007 11.2689 11.7589 12.07 560 800 
0.025 2 10.00 10.00 1.6 1.5 0.007 0.007 10.9054 11.2689 12.07 560 790 
0.026 2 10.00 10.00 1.3 1.1 0.004 0.007 11.5579 12.4061 12.07 570 800 
0.027 2 10.00 10.00 1.3 1.1 0.009 0.009 11.7589 12.0738 12.07 560 790 
0.028 2 10.00 10.00 1.3 1.1 0.011 0.013 11.5579 12.1826 12.02 590 810 
0.029 2 10.00 10.00 1.3 1.3 0.009 0.009 11.2689 11.1758 12.02 560 790 
0.030 2 10.00 10.00 1.3 1.3 0.011 0.016 11.2689 11.1758 12.02 560 800 
0.031 2 10.00 10.00 1.2 0.9 0.011 0.011 11.5579 12.2934 12.02 560 800 
0.032 2 10.00 10.00 1.4 1.2 0.016 0.011 10.9941 11.2689 12.02 560 790 
0.033 2 10.00 10.00 1.2 1.0 0.016 0.016 11.4599 11.8620 12.06 590 810 
0.034 2 10.00 10.00 1.0 1.2 0.020 0.016 12.0738 11.2689 12.06 560 790 
0.035 2 10.00 10.00 1.1 1.0 0.016 0.018 11.5579 11.8620 12.06 570 790 
0.036 2 10.00 10.00 1.0 1.3 0.020 0.011 11.6575 10.5646 12.06 560 790 
0.037 2 10.00 10.00 1.0 1.4 0.020 0.013 11.6575 10.2445 12.06 560 800 
0.038 2 10.00 10.00 1.1 1.0 0.020 0.011 11.2689 11.4599 12.09 590 820 
0.039 2 10.00 10.00 1.0 1.1 0.018 0.016 11.3636 11.2689 12.09 560 790 
0.040 2 10.00 10.00 1.1 1.0 0.018 0.013 10.9941 11.3636 12.09 560 790 
0.041 2 10.00 10.00 1.5 1.4 0.020 0.018 9.6591 10.0916 12.09 570 800 
0.042 2 10.00 10.00 1.5 1.4 0.016 0.009 9.6591 10.0916 12.09 560 790 
0.043 2 10.00 10.00 1.2 1.1 0.009 0.009 10.6478 10.9054 12.06 590 810 
0.044 2 10.00 10.00 1.0 1.3 0.013 0.016 11.3636 10.2445 12.06 560 790 
0.045 2 10.00 10.00 1.2 1.0 0.018 0.009 10.7323 11.1758 12.06 560 790 
0.046 2 10.00 10.00 1.3 1.2 0.018 0.018 10.2445 10.5646 12.06 560 790 
0.047 2 10.00 10.00 1.4 1.3 0.016 0.016 9.8706 10.0168 12.06 560 800 
0.048 2 10.00 10.00 1.2 1.1 0.009 0.011 10.5646 10.9054 12.06 590 810 
0.049 2 10.00 10.00 1.0 1.3 0.013 0.016 11.2689 10.0168 12.06 560 790 
0.050 2 10.00 10.00 1.2 1.0 0.009 0.011 10.5646 11.1758 12.06 570 780 
0.051 2 10.00 10.00 1.2 0.9 0.020 0.009 10.5646 11.1758 12.06 560 780 
0.052 2 10.00 10.00 1.3 0.9 0.018 0.011 9.9432 11.1758 12.06 560 790 
0.053 2 10.00 10.00 1.2 1.0 0.016 0.011 10.2445 10.8182 12.06 590 810 
0.054 2 10.00 10.00 1.3 1.2 0.013 0.018 9.9432 10.0168 12.06 560 790 
0.055 2 10.00 10.00 1.3 1.0 0.011 0.020 9.9432 10.7323 12.06 560 800 
0.056 2 10.00 10.00 1.2 1.0 0.009 0.018 10.3227 10.7323 12.06 560 790 
0.057 2 10.00 10.00 1.2 1.1 0.011 0.018 10.4021 10.4827 12.06 560 790 
0.058 2 10.00 10.00 1.2 1.0 0.016 0.018 10.2445 10.5646 12.06 590 800 
0.059 2 10.00 10.00 1.2 1.4 0.013 0.016 10.2445 9.3908 12.06 570 800 
0.060 2 10.00 10.00 1.3 1.4 0.016 0.007 10.0916 9.3908 12.06 560 790 
0.061 2 10.00 10.00 1.2 1.1 0.013 0.011 10.2445 10.5646 12.06 560 780 
0.062 2 10.00 10.00 1.4 1.2 0.016 0.009 9.7991 10.0916 12.06 560 790 
0.063 2 10.00 10.00 1.4 1.1 0.011 0.016 9.7991 10.3227 12.06 590 820 
0.064 2 10.00 10.00 1.2 1.1 0.009 0.016 10.2445 10.3227 12.06 560 790 
0.065 2 10.00 10.00 1.2 1.3 0.016 0.016 10.2445 9.6591 12.06 560 790 
0.066 2 10.00 10.00 1.2 1.1 0.018 0.016 10.3227 10.4827 12.06 560 790 
0.067 2 10.00 10.00 1.2 1.2 0.018 0.016 10.3227 9.9432 12.06 560 800 
0.068 2 10.00 10.00 1.3 1.2 0.016 0.013 9.8706 9.9432 12.06 590 820 
0.069 2 10.00 10.00 1.2 1.1 0.009 0.009 10.2445 10.2445 12.06 560 790 
0.070 2 10.00 10.00 1.2 1.3 0.009 0.011 10.0916 9.7991 12.06 560 790 
0.071 2 10.00 10.00 1.2 1.1 0.013 0.009 10.0916 10.4827 12.06 560 800 
0.072 2 10.00 10.00 1.2 1.0 0.013 0.018 10.3227 10.4827 12.06 560 800 
0.073 2 10.00 10.00 1.2 1.3 0.013 0.020 10.1674 9.6591 12.07 590 820 
0.074 2 10.00 10.00 1.2 1.2 0.018 0.009 10.1674 10.0168 12.07 560 790 
0.075 2 10.00 10.00 1.2 1.2 0.013 0.016 10.1674 10.0168 12.07 560 790 
0.076 2 10.00 10.00 1.2 1.3 0.018 0.016 10.1674 9.6591 12.07 560 790 
0.077 2 10.00 10.00 1.2 1.1 0.016 0.009 10.2445 10.1674 12.07 560 790 
0.078 2 10.00 10.00 1.2 1.5 0.016 0.013 10.1674 8.8965 12.06 590 820 
0.079 2 10.00 10.00 1.2 1.6 0.018 0.004 10.1674 8.8965 12.06 560 790 
0.080 2 10.00 10.00 1.2 1.2 0.018 0.007 10.0916 10.0916 12.06 560 790 
0.081 2 10.00 10.00 1.2 1.0 0.016 0.004 10.0168 10.9054 12.06 570 800 
0.082 2 10.00 10.00 1.2 1.1 0.018 0.009 10.0916 10.4827 12.06 560 790 
0.083 2 10.00 10.00 1.2 1.1 0.013 0.020 10.0916 10.4827 12.06 590 810 
0.084 2 10.00 10.00 1.3 1.6 0.016 0.018 9.8706 8.6132 12.06 560 790 
0.085 2 10.00 10.00 1.3 1.2 0.016 0.007 9.8706 10.0168 12.06 560 790 
0.086 2 10.00 10.00 1.4 1.2 0.013 0.007 9.5906 10.0168 12.06 560 800 
0.087 2 10.00 10.00 1.4 1.4 0.009 0.009 9.5906 9.5230 12.06 560 800 
0.088 2 10.00 10.00 1.3 1.1 0.007 0.009 9.9432 10.4021 12.04 590 810 
0.089 2 10.00 10.00 1.2 1.2 0.007 0.009 10.1674 10.0916 12.04 560 790 
0.090 2 10.00 10.00 1.2 1.2 0.013 0.011 10.0168 10.0916 12.04 570 800 
0.091 2 10.00 10.00 1.2 1.1 0.009 0.011 10.0168 10.2445 12.04 560 800 
0.092 2 10.00 10.00 1.4 1.4 0.013 0.011 9.6591 9.5230 12.04 560 790 
0.093 2 10.00 10.00 1.3 1.1 0.007 0.007 9.9432 10.4827 12.07 590 820 
0.094 2 10.00 10.00 1.3 1.1 0.009 0.011 9.9432 10.4827 12.07 560 790 
0.095 2 10.00 10.00 1.4 1.3 0.011 0.018 9.5230 9.5906 12.07 560 790 
0.096 2 10.00 10.00 1.3 1.2 0.009 0.013 9.9432 10.1674 12.07 570 800 
0.097 2 10.00 10.00 1.1 1.3 0.011 0.011 10.6478 9.7286 12.07 560 790 
0.098 2 10.00 10.00 1.1 1.3 0.018 0.009 10.6478 9.7286 12.02 590 810 
0.099 2 10.00 10.00 1.2 1.1 0.018 0.004 10.1674 10.4021 12.02 560 790 
0.100 2 10.00 10.00 1.1 1.5 0.018 0.009 10.4021 9.0151 12.02 560 790 
0.101 2 10.00 10.00 1.2 1.5 0.016 0.004 10.0168 9.0151 12.02 570 800 
0.102 2 10.00 10.00 1.2 1.2 0.018 0.004 10.0168 10.2445 12.02 560 790 
0.103 2 10.00 10.00 1.2 1.1 0.016 0.004 10.2445 10.3227 12.06 590 810 
0.104 2 10.00 10.00 1.3 1.0 0.013 0.011 9.8706 10.6478 12.06 560 790 
0.105 2 10.00 10.00 1.6 1.3 0.013 0.013 8.8384 9.8706 12.06 570 800 
0.106 2 10.00 10.00 1.6 1.4 0.009 0.013 8.8384 9.4564 12.06 560 800 
0.107 2 10.00 10.00 1.3 1.1 0.007 0.009 9.8706 10.3227 12.06 560 790 
0.108 2 10.00 10.00 1.1 1.3 0.007 0.011 10.5646 9.6591 12.07 590 810 
0.109 2 10.00 10.00 1.2 1.3 0.011 0.011 10.0916 9.6591 12.07 570 800 
0.110 2 10.00 10.00 1.2 1.0 0.013 0.007 10.0916 10.6478 12.07 560 780 
0.111 2 10.00 10.00 1.5 1.4 0.016 0.013 9.3260 9.5906 12.07 560 790 
0.112 2 10.00 10.00 1.2 1.1 0.011 0.009 10.0916 10.4827 12.07 570 790 
0.113 2 10.00 10.00 1.2 1.1 0.007 0.016 10.0916 10.4827 12.09 590 830 
0.114 2 10.00 10.00 1.1 1.4 0.013 0.016 10.6478 9.4564 12.09 560 800 
0.115 2 10.00 10.00 1.2 1.1 0.016 0.011 10.1674 10.4827 12.09 560 790 
0.116 2 10.00 10.00 1.4 1.1 0.016 0.011 9.4564 10.4021 12.09 570 790 
0.117 2 10.00 10.00 1.4 1.1 0.007 0.009 9.4564 10.4021 12.09 560 790 
0.118 2 10.00 10.00 1.3 1.2 0.007 0.011 9.7991 10.1674 12.06 590 820 
0.119 2 10.00 10.00 1.4 1.4 0.007 0.020 9.5906 9.4564 12.06 560 790 
0.120 2 10.00 10.00 1.3 1.1 0.007 0.013 10.0168 10.3227 12.06 560 790 
0.121 2 10.00 10.00 1.3 1.1 0.009 0.007 10.0168 10.3227 12.06 560 790 
0.122 2 10.00 10.00 1.2 1.2 0.009 0.011 10.1674 10.0916 12.06 560 790 
0.123 2 10.00 10.00 1.3 1.2 0.013 0.013 10.0916 10.0916 12.07 590 820 
0.124 2 10.00 10.00 1.3 1.5 0.011 0.011 9.9432 9.1370 12.07 570 800 
0.125 2 10.00 10.00 1.3 1.5 0.009 0.009 9.9432 9.1370 12.07 560 780 
0.126 2 10.00 10.00 1.3 1.1 0.007 0.009 10.0916 10.3227 12.07 560 790 
0.127 2 10.00 10.00 1.4 1.2 0.009 0.007 9.7286 9.9432 12.07 560 790 
0.128 2 10.00 10.00 1.4 1.2 0.009 0.009 9.7286 10.2445 12.07 590 820 
0.129 2 10.00 10.00 1.2 1.1 0.009 0.013 10.1674 10.2445 12.07 560 780 
0.130 2 10.00 10.00 1.2 1.3 0.016 0.018 10.1674 9.5906 12.07 560 790 
0.131 2 10.00 10.00 1.2 1.1 0.016 0.013 10.3227 10.4827 12.07 560 790 
0.132 2 10.00 10.00 1.2 1.1 0.016 0.009 10.1674 10.2445 12.07 560 800 
0.133 2 10.00 10.00 1.3 1.2 0.018 0.016 9.8706 10.0168 12.06 590 810 
0.134 2 10.00 10.00 1.2 1.1 0.011 0.007 10.2445 10.3227 12.06 560 790 
0.135 2 10.00 10.00 1.3 1.2 0.011 0.004 10.0168 9.8706 12.06 570 800 
0.136 2 10.00 10.00 1.3 1.2 0.011 0.009 10.0168 9.8706 12.06 560 800 
0.137 2 10.00 10.00 1.2 1.1 0.011 0.011 10.3227 10.4827 12.06 560 780 
0.138 2 10.00 10.00 1.2 1.3 0.011 0.013 10.0916 9.7991 12.07 590 820 
0.139 2 10.00 10.00 1.2 1.1 0.018 0.009 10.0916 10.3227 12.07 560 790 
0.140 2 10.00 10.00 1.2 1.1 0.016 0.016 10.0916 10.3227 12.07 560 800 
0.141 2 10.00 10.00 1.2 1.2 0.016 0.013 10.0916 10.0168 12.07 560 780 
0.142 2 10.00 10.00 1.2 1.0 0.018 0.013 10.0916 10.4827 12.07 560 790 
0.143 2 10.00 10.00 1.2 1.5 0.013 0.018 10.1674 9.0756 12.06 590 810 
0.144 2 10.00 10.00 1.2 1.5 0.016 0.009 10.1674 9.0756 12.06 560 800 
0.145 2 10.00 10.00 1.3 1.1 0.016 0.004 10.0168 10.4021 12.06 560 790 
0.146 2 10.00 10.00 1.3 0.9 0.013 0.004 10.0168 10.9941 12.06 560 790 
0.147 2 10.00 10.00 1.2 1.0 0.011 0.007 10.0916 10.5646 12.06 560 780 
0.148 2 10.00 10.00 1.2 1.3 0.011 0.018 10.0916 9.7286 12.07 590 820 
0.149 2 10.00 10.00 1.3 1.6 0.013 0.009 9.7991 8.6132 12.07 560 790 
0.150 2 10.00 10.00 1.3 1.3 0.009 0.004 9.9432 9.8706 12.07 570 800 
0.151 2 10.00 10.00 1.4 1.4 0.013 0.004 9.5906 9.4564 12.07 560 800 
0.152 2 10.00 10.00 1.4 1.4 0.011 0.007 9.5906 9.4564 12.07 560 780 
0.153 2 10.00 10.00 1.2 1.1 0.009 0.004 10.0916 10.3227 12.06 590 810 
0.154 2 10.00 10.00 1.2 1.2 0.011 0.004 10.2445 10.0916 12.06 570 800 
0.155 2 10.00 10.00 1.2 1.2 0.016 0.007 10.0916 10.2445 12.06 570 790 
0.156 2 10.00 10.00 1.2 1.1 0.011 0.011 10.0916 10.2445 12.06 560 780 
0.157 2 10.00 10.00 1.3 1.4 0.009 0.013 9.7991 9.5230 12.06 560 790 
0.158 2 10.00 10.00 1.2 1.1 0.007 0.007 10.0916 10.4827 12.07 590 820 
0.159 2 10.00 10.00 1.3 1.1 0.011 0.009 9.7991 10.2445 12.07 560 800 
0.160 2 10.00 10.00 1.4 1.3 0.009 0.013 9.6591 9.5906 12.07 560 800 
0.161 2 10.00 10.00 1.2 1.2 0.009 0.009 10.0916 10.1674 12.07 570 800 
0.162 2 10.00 10.00 1.1 1.3 0.011 0.011 10.6478 9.7991 12.07 560 790 
0.163 2 10.00 10.00 1.2 1.3 0.018 0.009 10.2445 9.7991 12.06 590 820 
0.164 2 10.00 10.00 1.2 1.1 0.020 0.004 10.2445 10.4021 12.06 560 790 
0.165 2 10.00 10.00 1.2 1.5 0.016 0.004 10.3227 9.0151 12.06 560 790 
0.166 2 10.00 10.00 1.3 1.2 0.011 0.007 9.9432 10.2445 12.06 570 790 
0.167 2 10.00 10.00 1.2 1.2 0.016 0.007 10.1674 10.2445 12.06 560 800 
0.168 2 10.00 10.00 1.2 1.2 0.013 0.009 10.1674 10.2445 12.02 590 820 
0.169 2 10.00 10.00 1.3 1.1 0.013 0.016 9.9432 10.4021 12.02 570 790 
0.170 2 10.00 10.00 1.6 1.4 0.011 0.013 8.7810 9.3260 12.02 560 800 
0.171 2 10.00 10.00 1.6 1.4 0.011 0.007 8.7810 9.3260 12.02 560 790 
0.172 2 10.00 10.00 1.3 1.2 0.009 0.007 9.8706 10.1674 12.02 560 790 
0.173 2 10.00 10.00 1.1 1.4 0.007 0.009 10.5646 9.5230 12.07 590 810 
0.174 2 10.00 10.00 1.3 1.4 0.016 0.009 10.0916 9.5230 12.07 560 790 
0.175 2 10.00 10.00 1.2 1.1 0.013 0.007 10.0916 10.5646 12.07 560 770 
0.176 2 10.00 10.00 1.5 1.4 0.013 0.007 9.3260 9.5230 12.07 570 790 
0.177 2 10.00 10.00 1.3 1.1 0.007 0.011 10.0168 10.4827 12.07 560 790 
0.178 2 10.00 10.00 1.1 1.1 0.007 0.013 10.7323 10.4827 12.06 590 820 
0.179 2 10.00 10.00 1.0 1.4 0.016 0.016 10.7323 9.5230 12.06 560 800 
0.180 2 10.00 10.00 1.2 1.0 0.016 0.009 10.0916 10.7323 12.06 570 800 
0.181 2 10.00 10.00 1.4 1.1 0.018 0.016 9.5906 10.5646 12.06 560 780 
0.182 2 10.00 10.00 1.4 1.1 0.011 0.018 9.5906 10.3227 12.06 570 800 
0.183 2 10.00 10.00 1.3 1.1 0.007 0.018 9.8706 10.3227 12.07 590 810 
0.184 2 10.00 10.00 1.4 1.3 0.009 0.016 9.5906 9.6591 12.07 560 790 
0.185 2 10.00 10.00 1.3 1.1 0.009 0.011 10.0916 10.4021 12.07 560 790 
0.186 2 10.00 10.00 1.3 1.1 0.007 0.011 10.0916 10.4021 12.07 560 800 
0.187 2 10.00 10.00 1.2 1.1 0.011 0.013 10.2445 10.2445 12.07 560 790 
0.188 2 10.00 10.00 1.2 1.1 0.011 0.016 10.0916 10.1674 12.07 590 820 
0.189 2 10.00 10.00 1.3 1.4 0.011 0.016 9.9432 9.1991 12.07 560 790 
0.190 2 10.00 10.00 1.3 1.5 0.009 0.009 9.9432 9.1991 12.07 560 790 
0.191 2 10.00 10.00 1.2 1.1 0.009 0.009 10.0916 10.3227 12.07 560 790 
0.192 2 10.00 10.00 1.4 1.2 0.011 0.009 9.7286 9.9432 12.07 570 800 
0.193 2 10.00 10.00 1.3 1.2 0.007 0.016 10.0916 10.1674 12.07 590 820 
0.194 2 10.00 10.00 1.3 1.2 0.009 0.009 10.0916 10.1674 12.07 560 790 
0.195 2 10.00 10.00 1.2 1.3 0.013 0.016 10.0916 9.5906 12.07 560 790 
0.196 2 10.00 10.00 1.2 1.1 0.016 0.009 10.2445 10.4021 12.07 570 800 
0.197 2 10.00 10.00 1.4 1.2 0.013 0.011 9.7286 9.9432 12.07 570 790 
0.198 2 10.00 10.00 1.4 1.2 0.009 0.009 9.7286 9.9432 12.07 590 810 
0.199 2 10.00 10.00 1.2 1.2 0.007 0.009 10.2445 10.1674 12.07 560 790 
0.200 2 10.00 10.00 1.3 1.3 0.011 0.004 9.9432 9.7991 12.07 560 790 
0.201 2 10.00 10.00 1.2 1.1 0.007 0.007 10.1674 10.4021 12.07 560 790 
0.202 2 10.00 10.00 1.2 1.1 0.013 0.007 10.1674 10.4021 12.07 560 780 
0.203 2 10.00 10.00 1.2 1.3 0.016 0.011 10.0916 9.7286 12.07 590 810 
0.204 2 10.00 10.00 1.2 1.2 0.013 0.016 10.0916 10.1674 12.07 560 790 
0.205 2 10.00 10.00 1.2 1.2 0.013 0.020 10.0916 9.9432 12.07 570 800 
0.206 2 10.00 10.00 1.2 1.2 0.016 0.013 10.0916 9.9432 12.07 560 780 
0.207 2 10.00 10.00 1.2 1.1 0.016 0.009 10.2445 10.3227 12.07 560 790 
0.208 2 10.00 10.00 1.2 1.5 0.013 0.016 10.1674 9.0151 12.07 590 810 
0.209 2 10.00 10.00 1.2 1.5 0.018 0.004 10.0916 9.0151 12.07 560 800 
0.210 2 10.00 10.00 1.2 1.1 0.011 0.004 10.0916 10.3227 12.07 560 800 
0.211 2 10.00 10.00 1.2 0.9 0.016 0.009 10.0168 10.9941 12.07 560 790 
0.212 2 10.00 10.00 1.2 1.0 0.013 0.009 10.1674 10.5646 12.07 560 780 
0.213 2 10.00 10.00 1.3 1.3 0.016 0.022 9.8706 9.5906 12.07 590 820 
0.214 2 10.00 10.00 1.3 1.6 0.013 0.013 9.8706 8.7243 12.07 560 790 
0.215 2 10.00 10.00 1.3 1.2 0.007 0.011 9.9432 10.0168 12.07 560 790 
0.216 2 10.00 10.00 1.4 1.4 0.011 0.009 9.5906 9.5906 12.07 560 790 
0.217 2 10.00 10.00 1.4 1.4 0.009 0.009 9.5906 9.5906 12.07 560 790 
0.218 2 10.00 10.00 1.2 1.1 0.007 0.004 10.0916 10.5646 12.07 590 800 
0.219 2 10.00 10.00 1.2 1.2 0.011 0.011 10.2445 10.0916 12.07 560 790 
0.220 2 10.00 10.00 1.2 1.2 0.013 0.011 10.1674 10.1674 12.07 560 790 
0.221 2 10.00 10.00 1.2 1.2 0.013 0.007 10.1674 10.1674 12.07 560 790 
0.222 2 10.00 10.00 1.3 1.4 0.016 0.004 9.7991 9.5230 12.07 560 790 
0.223 2 10.00 10.00 1.2 1.1 0.011 0.009 10.1674 10.4827 12.07 590 810 
0.224 2 10.00 10.00 1.4 1.4 0.013 0.009 9.5906 9.5906 12.07 560 790 
0.225 2 10.00 10.00 1.4 1.4 0.011 0.011 9.5906 9.5906 12.07 560 790 
0.226 2 10.00 10.00 1.3 1.2 0.009 0.009 10.0168 10.1674 12.07 560 790 
0.227 2 10.00 10.00 1.1 1.3 0.009 0.013 10.5646 9.8706 12.07 560 780 
0.228 2 10.00 10.00 1.2 1.1 0.013 0.004 10.2445 10.4827 12.06 590 810 
0.229 2 10.00 10.00 1.2 1.1 0.018 0.011 10.2445 10.4827 12.06 560 790 
0.230 2 10.00 10.00 1.1 1.5 0.013 0.013 10.4021 9.1370 12.06 560 790 
0.231 2 10.00 10.00 1.2 1.1 0.016 0.007 10.0916 10.3227 12.06 560 790 
0.232 2 10.00 10.00 1.2 1.1 0.018 0.009 10.2445 10.3227 12.06 560 800 
0.233 2 10.00 10.00 1.2 1.1 0.011 0.011 10.2445 10.3227 12.07 590 820 
0.234 2 10.00 10.00 1.3 1.0 0.011 0.013 9.9432 10.6478 12.07 560 790 
0.235 2 10.00 10.00 1.6 1.4 0.011 0.018 8.8384 9.3908 12.07 560 790 
0.236 2 10.00 10.00 1.6 1.4 0.007 0.007 8.8384 9.3908 12.07 560 800 
0.237 2 10.00 10.00 1.3 1.2 0.007 0.007 9.7991 10.2445 12.07 560 800 
0.238 2 10.00 10.00 1.1 1.4 0.009 0.011 10.5646 9.5906 12.02 590 800 
0.239 2 10.00 10.00 1.2 1.0 0.011 0.007 10.0916 10.6478 12.02 560 790 
0.242 2 10.00 10.00 1.2 1.0 0.016 0.013 10.0916 10.6478 12.02 560 790 
0.243 2 10.00 10.00 1.3 1.1 0.004 0.016 10.0168 10.3227 12.02 570 800 
0.244 2 10.00 10.00 1.1 1.4 0.009 0.011 10.5646 9.3260 12.02 560 790 
0.244 2 10.00 10.00 1.3 1.4 0.009 0.009 10.0168 9.3260 12.04 590 820 
0.245 2 10.00 10.00 1.3 1.1 0.018 0.007 10.0168 10.3227 12.04 560 790 
0.246 2 10.00 10.00 1.4 1.1 0.011 0.004 9.4564 10.4021 12.04 570 800 
0.247 2 10.00 10.00 1.3 1.2 0.009 0.011 9.8706 10.0916 12.04 570 800 
0.248 2 10.00 10.00 1.3 1.2 0.004 0.016 9.8706 10.0916 12.04 560 780 
0.249 2 10.00 10.00 1.4 1.4 0.009 0.013 9.5906 9.5230 12.07 590 810 
0.250 2 10.00 10.00 1.3 1.1 0.007 0.009 10.0916 10.4021 12.07 560 790 
0.251 2 10.00 10.00 1.2 1.2 0.009 0.002 10.1674 10.1674 12.07 570 800 
0.252 2 10.00 10.00 1.2 1.2 0.011 0.011 10.1674 10.1674 12.07 570 780 
0.253 2 10.00 10.00 1.2 1.1 0.013 0.009 10.0916 10.3227 12.07 560 790 
0.254 2 10.00 10.00 1.3 1.5 0.011 0.011 9.9432 9.1991 12.07 590 820 
0.255 2 10.00 10.00 1.3 1.5 0.009 0.009 9.9432 9.1991 12.07 560 800 
0.256 2 10.00 10.00 1.2 1.1 0.009 0.004 10.0916 10.4021 12.07 560 780 
0.257 2 10.00 10.00 1.4 1.2 0.013 0.004 9.7286 9.9432 12.07 560 790 
0.258 2 10.00 10.00 1.3 1.2 0.011 0.007 10.0168 10.2445 12.07 570 790 
0.259 2 10.00 10.00 1.3 1.1 0.011 0.011 10.0168 10.2445 12.07 590 810 
0.260 2 10.00 10.00 1.2 1.3 0.013 0.016 10.0916 9.5906 12.07 560 790 
0.261 2 10.00 10.00 1.2 1.1 0.016 0.009 10.0916 10.4827 12.07 560 790 
0.262 2 10.00 10.00 1.4 1.2 0.011 0.002 9.6591 9.9432 12.07 570 790 
0.263 2 10.00 10.00 1.4 1.2 0.009 0.009 9.6591 9.9432 12.07 560 790 
0.264 2 10.00 10.00 1.3 1.1 0.009 0.009 10.0916 10.2445 12.07 590 810 
0.265 2 10.00 10.00 1.3 1.3 0.009 0.007 9.9432 9.8706 12.07 560 790 
0.266 2 10.00 10.00 1.2 1.1 0.009 0.011 10.2445 10.4827 12.07 560 790 
0.267 2 10.00 10.00 1.2 1.1 0.011 0.013 10.2445 10.4827 12.07 560 790 
0.268 2 10.00 10.00 1.2 1.3 0.013 0.011 10.0916 9.7991 12.07 560 790 
0.269 2 10.00 10.00 1.2 1.1 0.018 0.018 10.1674 10.1674 12.07 590 820 
0.270 2 10.00 10.00 1.2 1.2 0.018 0.013 10.0916 9.9432 12.07 560 790 
0.271 2 10.00 10.00 1.2 1.2 0.016 0.016 10.0916 9.9432 12.07 570 790 
0.272 2 10.00 10.00 1.2 1.1 0.016 0.011 10.1674 10.4827 12.07 560 790 
0.273 2 10.00 10.00 1.2 1.5 0.011 0.013 10.2445 9.0756 12.07 570 800 
0.274 2 10.00 10.00 1.2 1.1 0.016 0.007 10.0916 10.3227 12.07 590 820 
0.275 2 10.00 10.00 1.2 1.1 0.016 0.009 10.0916 10.3227 12.07 570 790 
0.276 2 10.00 10.00 1.3 0.9 0.013 0.016 10.0168 11.0842 12.07 570 790 
0.277 2 10.00 10.00 1.2 1.0 0.013 0.002 10.0916 10.4827 12.07 560 790 
0.278 2 10.00 10.00 1.3 1.6 0.011 0.020 9.8706 8.6684 12.07 570 800 
0.279 2 10.00 10.00 1.3 1.6 0.009 0.016 9.8706 8.5587 12.07 590 810 
0.280 2 10.00 10.00 1.3 1.3 0.011 0.004 10.0168 9.7286 12.07 570 790 
0.281 2 10.00 10.00 1.4 1.4 0.011 0.004 9.5906 9.3260 12.07 570 790 
0.282 2 10.00 10.00 1.4 1.4 0.011 0.007 9.5906 9.3260 12.07 560 800 
0.283 2 10.00 10.00 1.2 1.1 0.007 0.007 10.0916 10.3227 12.07 560 800 
0.284 2 10.00 10.00 1.2 1.2 0.011 0.009 10.2445 10.0916 12.07 590 810 
0.285 2 10.00 10.00 1.2 1.2 0.016 0.009 10.0916 10.1674 12.07 560 790 
0.286 2 10.00 10.00 1.2 1.2 0.013 0.009 10.0916 10.1674 12.07 570 800 
0.287 2 10.00 10.00 1.3 1.4 0.011 0.007 9.8706 9.5906 12.07 560 800 
0.288 2 10.00 10.00 1.2 1.1 0.011 0.004 10.0916 10.4827 12.07 560 790 
0.289 2 10.00 10.00 1.4 1.3 0.009 0.007 9.5906 9.6591 12.07 590 820 
0.290 2 10.00 10.00 1.4 1.3 0.009 0.011 9.5906 9.6591 12.07 560 790 
0.291 2 10.00 10.00 1.3 1.2 0.009 0.007 10.0168 10.2445 12.07 560 790 
0.292 2 10.00 10.00 1.1 1.3 0.011 0.011 10.6478 9.8706 12.07 560 790 
0.293 2 10.00 10.00 1.2 1.1 0.013 0.009 10.2445 10.5646 12.07 570 780 
0.294 2 10.00 10.00 1.2 1.1 0.016 0.009 10.2445 10.5646 12.07 590 810 
0.295 2 10.00 10.00 1.1 1.5 0.016 0.013 10.4021 9.1370 12.07 560 800 
0.296 2 10.00 10.00 1.2 1.1 0.016 0.004 10.0168 10.3227 12.07 560 790 
0.297 2 10.00 10.00 1.2 1.1 0.018 0.013 10.2445 10.3227 12.07 570 800 
0.298 2 10.00 10.00 1.2 1.1 0.013 0.004 10.2445 10.3227 12.07 570 800 
0.299 2 10.00 10.00 1.3 1.0 0.016 0.011 9.9432 10.5646 12.07 590 810 
0.300 2 10.00 10.00 1.6 1.4 0.016 0.016 8.8384 9.3260 12.07 560 790 
0.301 2 10.00 10.00 1.3 1.4 0.007 0.007 9.7991 9.3260 12.07 570 800 
0.302 2 10.00 10.00 1.3 1.2 0.009 0.004 9.7991 10.0916 12.07 560 790 
0.303 2 10.00 10.00 1.1 1.4 0.007 0.007 10.5646 9.5230 12.07 570 790 
0.304 2 10.00 10.00 1.3 1.1 0.013 0.011 10.0168 10.5646 12.06 590 800 
0.305 2 10.00 10.00 1.4 1.1 0.013 0.013 9.5906 10.5646 12.06 570 800 
0.306 2 10.00 10.00 1.5 1.4 0.011 0.016 9.2621 9.4564 12.06 560 800 
0.307 2 10.00 10.00 1.3 1.1 0.007 0.011 10.0168 10.4021 12.06 560 790 
0.308 2 10.00 10.00 1.1 1.4 0.009 0.011 10.6478 9.4564 12.06 560 790 
0.309 2 10.00 10.00 1.2 1.4 0.013 0.009 10.0916 9.4564 12.07 590 820 
0.310 2 10.00 10.00 1.2 1.1 0.016 0.004 10.0916 10.5646 12.07 570 790 
0.311 2 10.00 10.00 1.4 1.0 0.016 0.007 9.5906 10.6478 12.07 570 800 
0.312 2 10.00 10.00 1.3 1.1 0.009 0.018 9.9432 10.3227 12.07 570 790 
0.313 2 10.00 10.00 1.3 1.1 0.009 0.013 9.9432 10.3227 12.07 560 790 
0.314 2 10.00 10.00 1.4 1.3 0.011 0.011 9.7286 9.7286 12.07 590 810 
0.315 2 10.00 10.00 1.3 1.0 0.007 0.018 10.0916 10.5646 12.07 560 780 
0.316 2 10.00 10.00 1.2 1.1 0.004 0.011 10.2445 10.2445 12.07 560 790 
0.317 2 10.00 10.00 1.2 1.1 0.011 0.013 10.2445 10.2445 12.07 560 790 
0.318 2 10.00 10.00 1.2 1.1 0.009 0.011 10.1674 10.3227 12.07 560 790 
0.319 2 10.00 10.00 1.3 1.4 0.016 0.011 9.9432 9.2621 12.07 590 820 
0.320 2 10.00 10.00 1.2 1.1 0.011 0.009 10.0916 10.4021 12.07 570 790 
0.321 2 10.00 10.00 1.2 1.1 0.011 0.009 10.0916 10.4021 12.07 570 790 
0.322 2 10.00 10.00 1.4 1.2 0.013 0.018 9.7286 9.9432 12.07 560 790 
0.323 2 10.00 10.00 1.3 1.2 0.011 0.013 10.0168 10.0916 12.07 570 790 
0.324 2 10.00 10.00 1.3 1.4 0.013 0.016 10.0168 9.3908 12.07 590 820 
0.325 2 10.00 10.00 1.3 1.4 0.011 0.007 10.0168 9.3908 12.07 560 780 
0.326 2 10.00 10.00 1.2 1.2 0.011 0.007 10.1674 10.0916 12.07 570 790 
0.327 2 10.00 10.00 1.4 1.3 0.013 0.004 9.7286 9.7286 12.07 570 790 
0.328 2 10.00 10.00 1.4 1.3 0.009 0.007 9.7286 9.7286 12.07 570 800 
0.329 2 10.00 10.00 1.2 1.2 0.007 0.007 10.1674 10.0916 12.07 590 820 
0.330 2 10.00 10.00 1.3 1.3 0.009 0.004 9.8706 9.7286 12.07 560 790 
0.331 2 10.00 10.00 1.2 1.1 0.009 0.009 10.2445 10.4021 12.07 570 790 
0.332 2 10.00 10.00 1.2 1.1 0.011 0.004 10.2445 10.4021 12.07 570 800 
0.333 2 10.00 10.00 1.3 1.3 0.016 0.011 10.0168 9.7991 12.07 570 800 
0.334 2 10.00 10.00 1.2 1.1 0.016 0.011 10.0916 10.2445 12.07 590 810 
0.335 2 10.00 10.00 1.2 1.2 0.016 0.011 10.0916 9.9432 12.07 570 790 
0.336 2 10.00 10.00 1.2 1.2 0.016 0.009 10.0916 9.9432 12.07 570 800 
0.337 2 10.00 10.00 1.2 1.1 0.011 0.009 10.1674 10.4021 12.07 570 800 
0.338 2 10.00 10.00 1.2 1.5 0.011 0.007 10.0916 9.1370 12.07 560 790 
0.339 2 10.00 10.00 1.2 1.1 0.016 0.004 10.0916 10.3227 12.07 590 820 
0.340 2 10.00 10.00 1.2 1.1 0.011 0.009 10.0916 10.3227 12.07 570 790 
0.341 2 10.00 10.00 1.2 0.9 0.011 0.013 10.0168 11.0842 12.07 570 790 
0.342 2 10.00 10.00 1.2 1.0 0.013 0.002 10.0916 10.4827 12.07 570 800 
0.343 2 10.00 10.00 1.3 1.6 0.016 0.020 9.8706 8.6684 12.07 570 790 
0.344 2 10.00 10.00 1.3 1.6 0.009 0.013 9.8706 8.6684 12.07 590 810 
0.345 2 10.00 10.00 1.3 1.3 0.009 0.004 10.0168 9.8706 12.07 560 790 
0.346 2 10.00 10.00 1.4 1.4 0.013 0.004 9.5906 9.5230 12.07 570 800 
0.347 2 10.00 10.00 1.3 1.4 0.011 0.009 10.0168 9.5230 12.07 570 800 
0.348 2 10.00 10.00 1.3 1.1 0.011 0.004 10.0168 10.4827 12.07 560 800 
0.349 2 10.00 10.00 1.2 1.2 0.009 0.013 10.2445 10.1674 12.06 590 810 
0.350 2 10.00 10.00 1.2 1.1 0.013 0.016 10.0916 10.3227 12.06 560 790 
0.351 2 10.00 10.00 1.3 1.1 0.016 0.011 9.7991 10.3227 12.06 570 800 
0.352 2 10.00 10.00 1.3 1.4 0.011 0.004 9.7991 9.5230 12.06 570 800 
0.353 2 10.00 10.00 1.2 1.1 0.009 0.007 10.0916 10.4021 12.06 570 800 
0.354 2 10.00 10.00 1.4 1.4 0.013 0.007 9.6591 9.5230 12.07 590 810 
0.355 2 10.00 10.00 1.4 1.4 0.009 0.013 9.6591 9.5230 12.07 570 800 
0.356 2 10.00 10.00 1.3 1.2 0.011 0.007 10.0168 10.0168 12.07 570 800 
0.357 2 10.00 10.00 1.1 1.3 0.009 0.009 10.6478 9.7991 12.07 570 790 
0.358 2 10.00 10.00 1.2 1.1 0.016 0.004 10.2445 10.4021 12.07 570 790 
0.359 2 10.00 10.00 1.1 1.1 0.016 0.009 10.4827 10.4021 12.07 590 820 
0.360 2 10.00 10.00 1.1 1.5 0.013 0.007 10.4827 9.1370 12.07 570 800 
0.361 2 10.00 10.00 1.2 1.1 0.018 0.009 10.0916 10.3227 12.07 570 790 
0.362 2 10.00 10.00 1.1 1.1 0.018 0.009 10.3227 10.3227 12.07 560 790 
0.363 2 10.00 10.00 1.2 1.1 0.013 0.009 9.9432 10.3227 12.07 560 790 
0.364 2 10.00 10.00 1.3 1.1 0.016 0.013 9.9432 10.5646 12.07 590 810 
0.365 2 10.00 10.00 1.6 1.4 0.016 0.016 8.8384 9.4564 12.07 570 790 
0.366 2 10.00 10.00 1.3 1.4 0.009 0.016 9.8706 9.4564 12.07 570 800 
0.367 2 10.00 10.00 1.3 1.2 0.007 0.011 9.8706 10.1674 12.07 570 790 
0.368 2 10.00 10.00 1.1 1.3 0.009 0.007 10.4827 9.6591 12.07 570 790 
0.369 2 10.00 10.00 1.2 1.0 0.016 0.007 10.0168 10.6478 12.07 580 810 
0.370 2 10.00 10.00 1.5 1.2 0.016 0.016 9.3260 10.2445 12.07 560 800 
0.371 2 10.00 10.00 1.5 1.4 0.007 0.013 9.3260 9.5230 12.07 560 790 
0.372 2 10.00 10.00 1.3 1.1 0.007 0.007 9.9432 10.4827 12.07 570 790 
0.373 2 10.00 10.00 1.1 1.4 0.009 0.002 10.6478 9.5230 12.07 570 790 
0.374 2 10.00 10.00 1.2 1.4 0.007 0.011 10.0916 9.5230 12.07 590 820 
0.375 2 10.00 10.00 1.2 1.0 0.018 0.009 10.0916 10.7323 12.07 570 800 
0.376 2 10.00 10.00 1.4 1.0 0.013 0.013 9.5230 10.6478 12.07 560 790 
0.377 2 10.00 10.00 1.3 1.1 0.011 0.020 9.8706 10.4021 12.07 570 790 
0.378 2 10.00 10.00 1.3 1.2 0.009 0.011 9.8706 9.9432 12.07 570 800 
0.379 2 10.00 10.00 1.4 1.3 0.011 0.016 9.5906 9.7991 12.07 590 820 
0.380 2 10.00 10.00 1.3 1.0 0.002 0.009 10.0916 10.6478 12.07 560 790 
0.381 2 10.00 10.00 1.2 1.1 0.011 0.013 10.2445 10.3227 12.07 560 790 
0.382 2 10.00 10.00 1.2 1.1 0.016 0.013 10.2445 10.4021 12.07 570 800 
0.383 2 10.00 10.00 1.2 1.1 0.011 0.013 10.0916 10.4021 12.07 570 800 
0.384 2 10.00 10.00 1.3 1.4 0.013 0.016 9.8706 9.3908 12.07 590 820 
0.385 2 10.00 10.00 1.2 1.1 0.009 0.011 10.0916 10.4021 12.07 560 790 
0.386 2 10.00 10.00 1.2 1.2 0.007 0.018 10.0916 9.9432 12.07 560 800 
0.387 2 10.00 10.00 1.4 1.2 0.011 0.022 9.7286 9.8706 12.07 570 800 
0.388 2 10.00 10.00 1.2 1.2 0.011 0.013 10.0916 10.0916 12.07 570 790 
0.389 2 10.00 10.00 1.3 1.4 0.013 0.016 10.0168 9.3908 12.07 590 820 
0.390 2 10.00 10.00 1.3 1.4 0.016 0.009 10.0168 9.3908 12.07 570 790 
0.391 2 10.00 10.00 1.2 1.1 0.013 0.007 10.1674 10.2445 12.07 560 790 
0.392 2 10.00 10.00 1.4 1.3 0.007 0.004 9.7286 9.7991 12.07 570 800 
0.393 2 10.00 10.00 1.2 1.2 0.011 0.007 10.0916 10.1674 12.07 570 790 
0.394 2 10.00 10.00 1.2 1.2 0.007 0.011 10.0916 10.1674 12.07 590 810 
0.395 2 10.00 10.00 1.3 1.3 0.011 0.007 9.9432 9.7991 12.07 560 790 
0.396 2 10.00 10.00 1.2 1.1 0.009 0.007 10.2445 10.4021 12.07 570 800 
0.397 2 10.00 10.00 1.2 1.3 0.011 0.013 10.0916 9.7991 12.07 560 790 
0.398 2 10.00 10.00 1.2 1.3 0.013 0.013 10.0916 9.7991 12.07 570 780 
0.399 2 10.00 10.00 1.2 1.2 0.018 0.011 10.0916 10.1674 12.06 590 820 
0.400 2 10.00 10.00 1.2 1.2 0.013 0.013 10.0916 10.0168 12.06 570 790 
0.401 4 20.00 20.00 4.3 4.1 0.018 0.011 10.2445 10.4827 12.06 570 790 
0.402 4 20.00 20.00 4.5 4.3 0.103 0.107 10.2445 10.4827 12.06 570 780 
0.403 4 20.00 20.00 4.6 4.9 0.321 0.263 10.2445 9.1370 12.06 560 790 
0.404 4 20.00 20.00 4.7 4.5 0.326 0.324 10.7323 10.9941 11.90 590 820 
0.405 4 20.00 20.00 4.7 4.3 0.417 0.408 11.3636 12.4061 11.90 570 790 
0.406 4 20.00 20.00 4.5 4.3 0.462 0.431 12.4061 12.7573 11.90 560 790 
0.407 4 20.00 20.00 4.4 4.9 0.467 0.424 13.1288 11.3636 11.90 570 790 
0.408 4 20.00 20.00 4.4 4.6 0.449 0.458 13.6593 12.6380 11.90 570 790 
0.409 4 20.00 20.00 4.4 4.5 0.420 0.467 14.0861 13.5227 11.88 590 810 
0.410 4 20.00 20.00 4.2 4.2 0.400 0.464 15.0252 14.8601 11.88 570 790 
0.411 4 20.00 20.00 4.1 4.0 0.292 0.315 15.7241 15.7241 11.88 560 790 
0.412 4 20.00 20.00 4.0 3.9 0.275 0.330 16.2924 16.4911 11.88 560 800 
0.413 4 20.00 20.00 3.8 3.6 0.290 0.317 17.1173 17.5619 11.88 570 800 
0.414 4 20.00 20.00 3.8 3.7 0.272 0.272 17.3368 17.5619 11.98 590 820 
0.415 4 20.00 20.00 3.3 3.4 0.246 0.237 19.0460 18.5242 11.98 570 800 
0.416 4 20.00 20.00 3.2 3.2 0.176 0.199 19.3181 19.3181 11.98 570 790 
0.417 4 20.00 20.00 3.1 3.5 0.147 0.129 19.5981 18.5242 11.98 570 810 
0.418 4 20.00 20.00 3.1 3.1 0.107 0.143 19.8863 19.8863 11.98 570 800 
0.419 4 20.00 20.00 3.1 2.8 0.107 0.129 19.8863 20.8041 12.02 590 810 
0.420 4 20.00 20.00 3.2 2.9 0.096 0.092 19.5981 20.4889 12.02 570 780 
0.421 4 20.00 20.00 2.9 3.0 0.083 0.067 20.4889 20.1831 12.02 570 770 
0.422 4 20.00 20.00 3.1 2.9 0.078 0.071 19.8863 20.4889 12.02 570 780 
0.423 4 20.00 20.00 2.9 2.8 0.065 0.054 20.4889 20.4889 12.02 570 770 
0.424 4 20.00 20.00 2.7 2.5 0.071 0.036 21.1292 21.4646 12.04 590 770 
0.425 4 20.00 20.00 2.8 2.4 0.047 0.033 20.8041 21.8108 12.04 570 760 
0.426 4 20.00 20.00 2.7 2.6 0.036 0.011 20.8041 21.1292 12.04 560 750 
0.427 4 20.00 20.00 2.4 2.2 0.040 0.020 21.8108 22.1684 12.04 560 760 
0.428 4 20.00 20.00 2.5 2.6 0.018 0.002 21.4646 20.8041 12.04 570 760 
0.429 4 20.00 20.00 2.5 2.3 0.018 0.007 21.4646 21.8108 12.06 590 780 
0.430 4 20.00 20.00 2.5 2.1 0.009 0.004 21.1292 22.1684 12.06 570 770 
0.431 4 20.00 20.00 2.4 2.3 0.007 0.011 21.4646 21.4646 12.06 560 770 
0.432 4 20.00 20.00 2.4 2.2 0.004 0.002 21.4646 21.8108 12.06 560 770 
0.433 4 20.00 20.00 2.4 2.2 0.007 0.007 21.4646 21.8108 12.06 570 760 
0.434 4 20.00 20.00 2.3 2.0 0.009 0.004 21.4646 22.1684 12.06 590 800 
0.435 4 20.00 20.00 2.3 2.0 0.007 0.009 21.4646 22.1684 12.06 560 760 
0.436 4 20.00 20.00 2.3 2.0 0.009 0.009 21.4646 21.8108 12.06 560 770 
0.437 4 20.00 20.00 2.1 2.3 0.011 0.011 21.8108 20.8041 12.06 570 770 
0.438 4 20.00 20.00 2.1 1.8 0.011 0.000 21.8108 22.5378 12.06 560 760 
0.439 4 20.00 20.00 2.1 1.7 0.004 0.011 21.8108 22.5378 12.07 590 790 
0.442 4 20.00 20.00 2.1 2.1 0.013 0.020 21.4646 21.1292 12.07 560 760 
0.442 4 20.00 20.00 2.2 1.9 0.011 0.009 21.1292 21.8108 12.07 570 760 
0.443 4 20.00 20.00 2.2 1.9 0.004 0.011 21.1292 21.4646 12.07 560 760 
0.444 4 20.00 20.00 2.3 1.8 0.004 0.011 20.8041 21.8108 12.07 570 780 
0.445 4 20.00 20.00 2.3 1.9 0.007 0.018 20.8041 21.4646 12.06 590 780 
0.446 4 20.00 20.00 2.3 2.0 0.007 0.013 20.8041 21.1292 12.06 570 760 
0.447 4 20.00 20.00 2.0 2.2 0.011 0.013 21.4646 20.1831 12.06 560 760 
0.448 4 20.00 20.00 2.0 2.0 0.016 0.007 21.4646 20.8041 12.06 570 770 
0.449 4 20.00 20.00 2.0 1.8 0.009 0.004 21.4646 21.4646 12.06 560 770 
0.450 4 20.00 20.00 2.4 2.1 0.013 0.011 19.8863 20.4889 12.07 600 820 
0.451 4 20.00 20.00 2.3 2.1 0.011 0.013 20.4889 20.4889 12.07 560 760 
0.452 4 20.00 20.00 2.0 1.9 0.011 0.013 21.1292 21.1292 12.07 570 750 
0.453 4 20.00 20.00 2.3 2.0 0.009 0.011 20.1831 20.8041 12.07 560 770 
0.454 4 20.00 20.00 1.9 2.2 0.007 0.011 21.4646 19.8863 12.07 570 790 
0.455 4 20.00 20.00 2.0 1.8 0.004 0.009 21.1292 21.1292 12.06 590 780 
0.456 4 20.00 20.00 2.2 1.8 0.016 0.009 20.4889 21.1292 12.06 560 760 
0.457 4 20.00 20.00 2.3 1.8 0.011 0.011 20.1831 21.1292 12.06 560 760 
0.458 4 20.00 20.00 2.1 1.8 0.009 0.018 20.8041 21.1292 12.06 560 750 
0.459 4 20.00 20.00 2.0 2.1 0.009 0.013 20.8041 19.8863 12.06 560 780 
0.460 4 20.00 20.00 2.1 2.0 0.009 0.004 20.4889 20.4889 12.06 590 790 
0.461 4 20.00 20.00 2.2 1.9 0.007 0.013 20.1831 20.8041 12.06 570 770 
0.462 4 20.00 20.00 2.1 2.0 0.009 0.013 20.4889 20.1831 12.06 560 760 
0.463 4 20.00 20.00 2.1 1.9 0.011 0.000 20.4889 20.4889 12.06 570 760 
0.464 4 20.00 20.00 2.1 2.0 0.009 0.007 20.4889 20.1831 12.06 560 760 
0.465 4 20.00 20.00 2.2 1.8 0.004 0.011 20.1831 20.8041 12.06 590 780 
0.466 4 20.00 20.00 2.1 2.0 0.009 0.013 20.4889 20.1831 12.06 560 760 
0.467 4 20.00 20.00 2.1 2.0 0.009 0.011 20.4889 20.1831 12.06 560 760 
0.468 4 20.00 20.00 2.1 1.9 0.013 0.016 20.4889 20.4889 12.06 560 770 
0.469 4 20.00 20.00 2.1 2.1 0.009 0.009 20.4889 19.8863 12.06 570 790 
0.470 4 20.00 20.00 2.0 1.8 0.007 0.009 20.4889 20.8041 12.06 590 780 
0.471 4 20.00 20.00 2.0 2.3 0.009 0.009 20.4889 19.0460 12.06 560 780 
0.472 4 20.00 20.00 2.1 2.2 0.007 0.011 20.1831 19.5981 12.06 560 790 
0.473 4 20.00 20.00 2.2 2.0 0.013 0.009 19.8863 20.1831 12.06 560 780 
0.474 4 20.00 20.00 2.0 2.0 0.007 0.004 20.4889 20.1831 12.06 570 770 
0.475 4 20.00 20.00 2.1 2.2 0.009 0.013 20.1831 19.5981 12.06 590 800 
0.476 4 20.00 20.00 2.2 2.0 0.009 0.011 19.8863 20.1831 12.06 560 780 
0.477 4 20.00 20.00 2.3 2.0 0.007 0.011 19.5981 20.1831 12.06 560 780 
0.478 4 20.00 20.00 2.0 2.1 0.007 0.011 20.4889 19.8863 12.06 570 780 
0.479 4 20.00 20.00 2.0 2.3 0.011 0.007 20.4889 19.3181 12.06 570 780 
0.480 4 20.00 20.00 2.0 2.1 0.011 0.007 20.4889 19.8863 12.04 590 810 
0.481 4 20.00 20.00 2.0 1.9 0.009 0.007 20.4889 20.4889 12.04 570 770 
0.482 4 20.00 20.00 2.2 2.2 0.011 0.018 19.8863 19.5981 12.04 560 800 
0.483 4 20.00 20.00 2.4 2.1 0.004 0.007 19.3181 19.8863 12.04 570 800 
0.484 4 20.00 20.00 2.1 2.0 0.011 0.002 20.1831 20.1831 12.04 560 770 
0.485 4 20.00 20.00 2.4 2.2 0.002 0.009 19.3181 19.5981 12.06 590 820 
0.486 4 20.00 20.00 2.3 2.3 0.009 0.013 19.5981 19.3181 12.06 560 800 
0.487 4 20.00 20.00 2.1 2.0 0.004 0.007 20.1831 20.1831 12.06 570 780 
0.488 4 20.00 20.00 2.3 1.9 0.009 0.009 19.5981 20.4889 12.06 560 780 
0.489 4 20.00 20.00 2.4 2.2 0.009 0.013 19.3181 19.5981 12.06 560 800 
0.490 4 20.00 20.00 2.3 1.9 0.007 0.004 19.5981 20.4889 12.06 590 810 
0.491 4 20.00 20.00 2.2 1.9 0.009 0.007 19.8863 20.4889 12.06 570 780 
0.492 4 20.00 20.00 2.3 2.1 0.009 0.013 19.5981 19.8863 12.06 560 800 
0.493 4 20.00 20.00 2.2 2.1 0.009 0.016 19.8863 19.8863 12.06 560 790 
0.494 4 20.00 20.00 2.2 2.2 0.011 0.009 19.8863 19.5981 12.06 570 800 
0.495 4 20.00 20.00 2.2 2.0 0.007 0.009 19.8863 20.1831 12.06 590 800 
0.496 4 20.00 20.00 2.3 2.0 0.007 0.004 19.5981 20.1831 12.06 560 780 
0.497 4 20.00 20.00 2.3 2.2 0.007 0.004 19.8863 19.5981 12.06 570 800 
0.498 4 20.00 20.00 2.3 2.0 0.013 0.007 19.8863 20.1831 12.06 560 780 
0.499 4 20.00 20.00 2.3 2.0 0.007 0.007 19.8863 20.1831 12.06 560 780 
0.500 4 20.00 20.00 2.3 2.1 0.007 0.013 19.8863 19.8863 12.06 590 820 
0.501 4 20.00 20.00 2.3 2.4 0.009 0.000 19.8863 19.0460 12.06 560 800 
0.502 4 20.00 20.00 2.2 2.2 0.007 0.004 20.1831 19.5981 12.06 560 790 
0.503 4 20.00 20.00 2.2 1.9 0.009 0.007 20.1831 20.4889 12.06 560 770 
0.504 4 20.00 20.00 2.3 2.5 0.007 0.009 19.8863 18.7815 12.06 560 800 
0.505 4 20.00 20.00 2.3 2.3 0.004 0.009 19.8863 19.3181 12.06 590 820 
0.506 4 20.00 20.00 2.4 2.1 0.004 0.007 19.5981 20.1831 12.06 560 780 
0.507 4 20.00 20.00 2.2 2.1 0.007 0.002 20.1831 20.1831 12.06 570 760 
0.508 4 20.00 20.00 2.2 2.2 0.009 0.007 20.1831 19.5981 12.06 560 780 
0.509 4 20.00 20.00 2.3 2.1 0.007 0.011 19.8863 20.1831 12.06 570 780 
0.510 4 20.00 20.00 2.4 2.1 0.007 0.007 19.5981 20.1831 12.06 590 800 
0.511 4 20.00 20.00 2.1 2.1 0.007 0.007 20.4889 19.8863 12.06 560 790 
0.512 4 20.00 20.00 2.1 2.4 0.009 0.007 20.4889 19.0460 12.06 560 780 
0.513 4 20.00 20.00 2.1 2.2 0.009 0.011 20.4889 19.8863 12.06 560 780 
0.514 4 20.00 20.00 2.1 2.0 0.009 0.009 20.4889 20.4889 12.06 560 770 
0.515 4 20.00 20.00 2.5 2.2 0.007 0.007 19.0460 19.5981 12.07 590 830 
0.516 4 20.00 20.00 2.3 2.3 0.007 0.011 19.5981 19.5981 12.07 560 800 
0.517 4 20.00 20.00 2.2 2.1 0.007 0.009 20.1831 20.1831 12.07 560 760 
0.518 4 20.00 20.00 2.4 2.1 0.007 0.002 19.3181 20.1831 12.07 560 780 
0.519 4 20.00 20.00 2.1 2.3 0.011 0.007 20.4889 19.5981 12.07 570 780 
0.520 4 20.00 20.00 2.2 1.9 0.009 0.013 20.1831 20.8041 12.06 590 790 
0.521 4 20.00 20.00 2.3 1.9 0.009 0.011 19.8863 20.8041 12.06 560 780 
0.522 4 20.00 20.00 2.4 2.0 0.009 0.011 19.5981 20.4889 12.06 560 780 
0.523 4 20.00 20.00 2.3 1.9 0.007 0.009 19.8863 20.4889 12.06 560 780 
0.524 4 20.00 20.00 2.2 2.2 0.009 0.007 20.1831 19.5981 12.06 560 780 
0.525 4 20.00 20.00 2.3 2.0 0.004 0.007 19.8863 20.1831 12.06 590 800 
0.526 4 20.00 20.00 2.4 2.0 0.007 0.007 19.5981 20.1831 12.06 570 780 
0.527 4 20.00 20.00 2.3 2.2 0.007 0.011 19.8863 19.5981 12.06 560 790 
0.528 4 20.00 20.00 2.2 2.0 0.009 0.007 20.1831 20.1831 12.06 570 760 
0.529 4 20.00 20.00 2.3 1.9 0.007 0.007 19.8863 20.4889 12.06 560 780 
0.530 4 20.00 20.00 2.3 1.9 0.009 0.013 19.8863 20.4889 12.06 590 800 
0.531 4 20.00 20.00 2.2 2.0 0.011 0.004 20.1831 20.1831 12.06 560 760 
0.532 4 20.00 20.00 2.2 2.0 0.007 0.018 20.1831 20.1831 12.06 560 770 
0.533 4 20.00 20.00 2.2 1.9 0.009 0.013 20.1831 20.4889 12.06 560 760 
0.534 4 20.00 20.00 2.2 2.3 0.007 0.011 20.1831 19.3181 12.06 560 780 
0.535 4 20.00 20.00 2.2 1.8 0.004 0.002 20.1831 20.8041 12.06 590 790 
0.536 4 20.00 20.00 2.2 1.8 0.007 0.009 20.1831 20.8041 12.06 570 770 
0.537 4 20.00 20.00 2.2 2.2 0.009 0.016 20.1831 19.5981 12.06 560 780 
0.538 4 20.00 20.00 2.2 2.3 0.009 0.004 20.1831 19.3181 12.06 560 780 
0.539 4 20.00 20.00 2.3 2.1 0.011 0.007 19.8863 19.8863 12.06 570 800 
0.540 4 20.00 20.00 2.2 2.0 0.002 0.011 20.1831 20.1831 12.06 590 790 
0.541 4 20.00 20.00 2.3 2.3 0.004 0.007 19.8863 19.3181 12.06 560 800 
0.542 4 20.00 20.00 2.2 2.2 0.004 0.002 20.1831 19.5981 12.06 560 780 
0.543 4 20.00 20.00 2.2 2.1 0.009 0.002 19.8863 19.8863 12.06 560 800 
0.544 4 20.00 20.00 2.1 2.0 0.009 0.011 20.4889 20.1831 12.06 560 770 
0.545 4 20.00 20.00 2.0 2.4 0.011 0.009 20.8041 19.0460 12.07 590 810 
0.546 4 20.00 20.00 2.0 2.1 0.011 0.011 20.4889 19.8863 12.07 560 780 
0.547 4 20.00 20.00 2.1 2.0 0.011 0.009 20.1831 20.1831 12.07 560 760 
0.548 4 20.00 20.00 2.6 2.1 0.009 0.007 18.7815 19.8863 12.07 560 800 
0.549 4 20.00 20.00 2.1 2.2 0.007 0.004 20.1831 19.5981 12.07 560 780 
0.550 4 20.00 20.00 2.2 2.3 0.007 0.004 19.8863 19.3181 12.06 590 820 
0.551 4 20.00 20.00 2.3 2.2 0.007 0.007 19.5981 19.8863 12.06 570 800 
0.552 4 20.00 20.00 2.2 2.3 0.009 0.004 20.1831 19.3181 12.06 560 790 
0.553 4 20.00 20.00 2.1 1.9 0.004 0.007 20.1831 20.8041 12.06 560 770 
0.554 4 20.00 20.00 2.3 2.1 0.009 0.016 19.5981 20.1831 12.06 560 780 
0.555 4 20.00 20.00 2.3 2.0 0.007 0.013 19.5981 20.4889 12.06 590 810 
0.556 4 20.00 20.00 2.2 2.0 0.009 0.004 20.1831 20.4889 12.06 560 760 
0.557 4 20.00 20.00 2.2 2.2 0.007 0.007 19.8863 19.5981 12.06 560 790 
0.558 4 20.00 20.00 2.3 2.0 0.009 0.009 19.8863 20.1831 12.06 560 790 
0.559 4 20.00 20.00 2.3 1.9 0.007 0.007 19.5981 20.4889 12.06 560 780 
0.560 4 20.00 20.00 2.3 2.1 0.007 0.016 19.8863 19.8863 12.06 590 820 
0.561 4 20.00 20.00 2.3 2.0 0.007 0.009 19.8863 20.1831 12.06 560 780 
0.562 4 20.00 20.00 2.3 2.0 0.004 0.004 19.8863 20.1831 12.06 570 790 
0.563 4 20.00 20.00 2.3 2.0 0.011 0.007 19.8863 20.1831 12.06 570 780 
0.564 4 20.00 20.00 2.3 2.1 0.007 0.007 19.8863 19.8863 12.06 560 800 
0.565 4 20.00 20.00 2.3 2.1 0.007 0.004 19.8863 19.8863 12.06 590 820 
0.566 4 20.00 20.00 2.3 2.0 0.009 0.007 19.8863 20.1831 12.06 560 780 
0.567 4 20.00 20.00 2.2 2.2 0.007 0.002 20.1831 19.5981 12.06 570 780 
0.568 4 20.00 20.00 2.2 1.8 0.007 0.002 20.1831 20.8041 12.06 560 760 
0.569 4 20.00 20.00 2.2 2.8 0.007 0.011 20.1831 17.7930 12.06 560 780 
0.570 4 20.00 20.00 2.2 2.2 0.007 0.007 20.1831 19.5981 12.06 590 800 
0.571 4 20.00 20.00 2.4 2.3 0.007 0.009 19.5981 19.3181 12.06 570 810 
0.572 4 20.00 20.00 2.3 2.1 0.007 0.013 19.8863 20.1831 12.06 570 790 
0.573 4 20.00 20.00 2.2 2.1 0.009 0.013 20.1831 20.1831 12.06 560 770 
0.574 4 20.00 20.00 2.3 2.1 0.009 0.009 19.8863 20.1831 12.06 560 780 
0.575 4 20.00 20.00 2.4 2.2 0.004 0.009 19.5981 19.8863 12.06 590 820 
0.576 4 20.00 20.00 2.3 2.2 0.004 0.009 19.8863 19.8863 12.06 560 800 
0.577 4 20.00 20.00 2.1 2.0 0.007 0.007 20.4889 20.4889 12.06 570 770 
0.578 4 20.00 20.00 2.0 2.2 0.009 0.007 20.8041 19.8863 12.06 570 790 
0.579 4 20.00 20.00 2.1 2.1 0.004 0.007 20.4889 20.1831 12.06 560 770 
0.580 4 20.00 20.00 2.1 2.2 0.009 0.009 20.4889 19.8863 12.07 590 800 
0.581 4 20.00 20.00 2.3 2.1 0.009 0.009 19.5981 20.1831 12.07 570 780 
0.582 4 20.00 20.00 2.2 2.0 0.011 0.009 20.1831 20.4889 12.07 560 770 
0.583 4 20.00 20.00 2.3 2.2 0.009 0.007 19.5981 19.5981 12.07 560 800 
0.584 4 20.00 20.00 2.3 2.4 0.004 0.004 19.5981 19.0460 12.07 560 800 
0.585 4 20.00 20.00 2.2 2.1 0.009 0.004 20.1831 20.1831 12.06 590 790 
0.586 4 20.00 20.00 2.3 1.9 0.007 0.007 19.5981 20.8041 12.06 570 780 
0.587 4 20.00 20.00 2.3 2.2 0.007 0.013 19.8863 19.8863 12.06 560 790 
0.588 4 20.00 20.00 2.3 2.0 0.009 0.007 19.8863 20.4889 12.06 570 780 
0.589 4 20.00 20.00 2.2 2.0 0.007 0.004 20.1831 20.4889 12.06 560 760 
0.590 4 20.00 20.00 2.3 2.0 0.007 0.007 19.8863 20.1831 12.06 590 800 
0.591 4 20.00 20.00 2.2 2.0 0.007 0.007 20.1831 20.1831 12.06 560 760 
0.592 4 20.00 20.00 2.3 2.0 0.009 0.011 19.8863 20.1831 12.06 560 780 
0.593 4 20.00 20.00 2.3 2.0 0.007 0.007 19.8863 20.1831 12.06 560 780 
0.594 4 20.00 20.00 2.4 2.1 0.007 0.007 19.5981 19.8863 12.06 570 810 
0.595 4 20.00 20.00 2.3 2.1 0.007 0.002 19.8863 19.8863 12.06 590 820 
0.596 4 20.00 20.00 2.3 2.0 0.016 0.000 19.8863 20.1831 12.06 560 790 
0.597 4 20.00 20.00 2.3 2.0 0.009 0.013 19.8863 20.1831 12.06 560 780 
0.598 4 20.00 20.00 2.2 2.1 0.011 0.011 20.1831 19.8863 12.06 560 780 
0.599 4 20.00 20.00 2.2 2.4 0.007 0.007 20.1831 19.0460 12.06 570 780 
0.600 4 20.00 20.00 2.2 2.1 0.007 0.007 20.1831 19.8863 12.04 590 810 
0.601 4 20.00 20.00 2.2 1.9 0.007 0.009 20.1831 20.8041 12.04 560 760 
0.602 4 20.00 20.00 2.2 2.4 0.007 0.007 20.1831 19.0460 12.04 560 780 
0.603 4 20.00 20.00 2.2 2.2 0.007 0.002 20.1831 19.5981 12.04 570 780 
0.604 4 20.00 20.00 2.3 2.1 0.007 0.002 19.5981 20.1831 12.04 560 780 
0.605 4 20.00 20.00 2.2 2.0 0.009 0.007 20.1831 20.4889 12.06 590 780 
0.606 4 20.00 20.00 2.2 2.2 0.007 0.007 20.1831 19.5981 12.06 570 790 
0.607 4 20.00 20.00 2.3 2.1 0.007 0.004 19.8863 20.1831 12.06 560 780 
0.608 4 20.00 20.00 2.3 2.1 0.007 0.007 19.5981 20.1831 12.06 560 780 
0.609 4 20.00 20.00 2.1 2.1 0.009 0.009 20.4889 19.8863 12.06 560 780 
0.610 4 20.00 20.00 2.1 2.3 0.007 0.007 20.4889 19.3181 12.06 590 810 
0.611 4 20.00 20.00 2.1 2.2 0.007 0.009 20.4889 19.8863 12.06 570 790 
0.612 4 20.00 20.00 2.1 2.0 0.007 0.007 20.4889 20.4889 12.06 560 760 
0.613 4 20.00 20.00 2.8 2.2 0.009 0.009 18.0303 19.5981 12.06 560 800 
0.614 4 20.00 20.00 2.4 2.2 0.009 0.007 19.5981 19.5981 12.06 560 800 
0.615 4 20.00 20.00 2.2 2.1 0.007 0.009 20.1831 20.1831 12.06 590 790 
0.616 4 20.00 20.00 2.4 2.1 0.007 0.002 19.5981 20.1831 12.06 560 780 
0.617 4 20.00 20.00 2.3 2.2 0.007 0.004 19.8863 19.5981 12.06 570 810 
0.618 4 20.00 20.00 2.1 1.9 0.011 0.007 20.4889 20.8041 12.06 560 770 
0.619 4 20.00 20.00 2.3 1.9 0.009 0.011 19.8863 20.8041 12.06 560 780 
0.620 4 20.00 20.00 2.3 1.9 0.009 0.013 19.8863 20.4889 12.06 590 800 
0.621 4 20.00 20.00 2.3 1.9 0.007 0.004 19.8863 20.4889 12.06 560 780 
0.622 4 20.00 20.00 2.2 2.5 0.007 0.004 20.1831 18.7815 12.06 560 780 
0.623 4 20.00 20.00 2.3 2.0 0.007 0.007 19.8863 20.1831 12.06 560 780 
0.624 4 20.00 20.00 2.3 1.9 0.007 0.000 19.8863 20.4889 12.06 560 780 
0.625 4 20.00 20.00 2.3 2.1 0.007 0.011 19.8863 19.8863 12.06 590 810 
0.626 4 20.00 20.00 2.2 1.9 0.011 0.004 20.1831 20.4889 12.06 570 770 
0.627 4 20.00 20.00 2.3 1.9 0.009 0.007 19.8863 20.4889 12.06 560 780 
0.628 4 20.00 20.00 2.2 2.0 0.009 0.009 20.1831 20.1831 12.06 560 770 
0.629 4 20.00 20.00 2.2 2.1 0.007 0.007 20.1831 19.8863 12.06 560 780 
0.630 4 20.00 20.00 2.2 2.0 0.007 0.007 20.1831 20.1831 12.07 590 800 
0.631 4 20.00 20.00 2.2 2.0 0.009 0.007 20.1831 20.1831 12.07 560 760 
0.632 4 20.00 20.00 2.2 2.4 0.007 0.004 20.1831 19.0460 12.07 570 790 
0.633 4 20.00 20.00 2.2 1.9 0.007 0.013 20.1831 20.4889 12.07 560 760 
0.634 4 20.00 20.00 2.2 1.8 0.007 0.009 20.1831 20.8041 12.07 570 770 
0.635 4 20.00 20.00 2.2 2.2 0.004 0.011 20.1831 19.5981 12.06 590 800 
0.636 4 20.00 20.00 2.2 2.3 0.009 0.009 20.1831 19.3181 12.06 560 780 
0.637 4 20.00 20.00 2.2 2.0 0.016 0.002 19.8863 20.1831 12.06 570 780 
0.638 4 20.00 20.00 2.2 2.0 0.007 0.009 20.1831 20.1831 12.06 560 760 
0.639 4 20.00 20.00 2.2 2.3 0.004 0.007 19.8863 19.3181 12.06 560 790 
0.642 4 20.00 20.00 2.3 2.2 0.007 0.007 19.8863 19.5981 12.06 590 820 
0.643 4 20.00 20.00 2.1 2.4 0.007 0.027 20.4889 19.0460 12.06 580 790 
0.644 4 20.00 20.00 2.0 2.1 0.007 0.009 20.8041 19.8863 12.06 560 780 
0.644 4 20.00 20.00 2.0 2.1 0.009 0.016 20.4889 20.1831 12.06 560 770 
0.645 4 20.00 20.00 2.1 2.0 0.011 0.007 20.1831 20.4889 12.06 560 760 
0.646 4 20.00 20.00 2.5 2.1 0.007 0.011 19.0460 19.8863 12.06 590 820 
0.647 4 20.00 20.00 2.0 2.2 0.009 0.011 20.4889 19.5981 12.06 570 780 
0.648 4 20.00 20.00 2.0 2.3 0.009 0.007 20.4889 19.3181 12.06 560 780 
0.649 4 20.00 20.00 2.2 2.2 0.009 0.000 19.8863 19.8863 12.06 560 800 
0.650 4 20.00 20.00 2.0 2.1 0.009 0.009 20.4889 20.1831 12.06 560 770 
0.651 4 20.00 20.00 2.2 1.9 0.007 0.007 19.8863 20.8041 12.07 590 810 
0.652 4 20.00 20.00 2.2 2.1 0.009 0.016 19.8863 19.8863 12.07 560 800 
0.653 4 20.00 20.00 2.3 2.0 0.007 0.009 19.5981 20.4889 12.07 560 780 
0.654 4 20.00 20.00 2.1 1.9 0.007 0.007 20.1831 20.4889 12.07 570 770 
0.655 4 20.00 20.00 2.1 2.3 0.007 0.007 20.1831 19.3181 12.07 560 780 
0.656 4 20.00 20.00 2.2 2.0 0.004 0.009 19.8863 20.1831 12.06 590 800 
0.657 4 20.00 20.00 2.3 2.0 0.009 0.009 19.5981 20.1831 12.06 560 780 
0.658 4 20.00 20.00 2.2 2.2 0.007 0.007 19.8863 19.5981 12.06 560 800 
0.659 4 20.00 20.00 2.2 2.1 0.009 0.009 19.8863 19.8863 12.06 560 800 
0.660 4 20.00 20.00 2.2 2.1 0.004 0.007 19.8863 20.1831 12.06 560 780 
0.661 4 20.00 20.00 2.3 2.0 0.011 0.004 19.5981 20.4889 12.06 590 800 
0.662 4 20.00 20.00 2.2 2.1 0.002 0.007 19.8863 19.8863 12.06 570 800 
0.663 4 20.00 20.00 2.2 2.0 0.007 0.007 19.8863 20.1831 12.06 560 780 
0.664 4 20.00 20.00 2.2 1.9 0.009 0.009 19.8863 20.4889 12.06 560 780 
0.665 4 20.00 20.00 2.2 2.1 0.004 0.007 20.1831 19.8863 12.06 560 780 
0.666 4 20.00 20.00 2.2 1.8 0.007 0.004 19.8863 20.8041 12.06 590 820 
0.667 4 20.00 20.00 2.2 2.4 0.004 0.011 19.8863 19.0460 12.06 560 800 
0.668 4 20.00 20.00 2.2 2.2 0.004 0.007 19.8863 19.5981 12.06 560 790 
0.669 4 20.00 20.00 2.3 2.0 0.002 0.009 19.5981 20.1831 12.06 570 780 
0.670 4 20.00 20.00 2.3 2.0 0.007 0.002 19.8863 20.1831 12.06 560 780 
0.671 4 20.00 20.00 2.2 2.2 0.004 0.002 20.1831 19.5981 12.06 590 800 
0.672 4 20.00 20.00 2.3 2.0 0.009 0.007 19.5981 20.1831 12.06 560 780 
0.673 4 20.00 20.00 2.3 2.2 0.009 0.004 19.5981 19.5981 12.06 560 790 
0.674 4 20.00 20.00 2.3 2.1 0.007 0.004 19.8863 19.8863 12.06 560 790 
0.675 4 20.00 20.00 2.2 2.0 0.009 0.007 20.1831 20.4889 12.06 560 770 
0.676 4 20.00 20.00 2.1 2.1 0.007 0.007 20.4889 19.8863 12.06 590 800 
0.677 4 20.00 20.00 2.1 2.0 0.009 0.007 20.4889 20.1831 12.06 560 770 
0.678 4 20.00 20.00 2.2 2.2 0.009 0.007 20.1831 19.5981 12.06 560 780 
0.679 4 20.00 20.00 2.5 2.1 0.013 0.007 19.0460 19.8863 12.06 570 810 
0.680 4 20.00 20.00 2.2 2.0 0.007 0.007 20.1831 20.1831 12.06 560 760 
0.681 4 20.00 20.00 2.3 2.3 0.007 0.009 19.5981 19.3181 12.06 590 820 
0.682 4 20.00 20.00 2.4 2.4 0.009 0.004 19.5981 19.0460 12.06 570 800 
0.683 4 20.00 20.00 2.1 2.2 0.016 0.013 20.4889 19.8863 12.06 560 780 
0.684 4 20.00 20.00 2.3 2.0 0.007 0.007 19.8863 20.4889 12.06 570 780 
0.685 4 20.00 20.00 2.3 2.2 0.009 0.009 19.8863 19.8863 12.06 560 790 
0.686 4 20.00 20.00 2.3 2.0 0.007 0.007 19.8863 20.4889 12.06 590 800 
0.687 4 20.00 20.00 2.2 2.0 0.007 0.009 20.1831 20.4889 12.06 560 760 
0.688 4 20.00 20.00 2.3 2.3 0.009 0.004 19.8863 19.3181 12.06 570 800 
0.689 4 20.00 20.00 2.3 2.1 0.007 0.009 19.8863 20.1831 12.06 560 780 
0.690 4 20.00 20.00 2.3 2.0 0.004 0.007 19.8863 20.4889 12.06 560 780 
0.691 4 20.00 20.00 2.3 2.0 0.004 0.011 19.8863 20.4889 12.06 590 800 
0.692 4 20.00 20.00 2.3 2.0 0.007 0.007 19.8863 20.1831 12.06 560 780 
0.693 4 20.00 20.00 2.3 2.1 0.009 0.002 19.8863 19.8863 12.06 560 800 
0.694 4 20.00 20.00 2.3 1.9 0.011 0.004 19.8863 20.4889 12.06 560 790 
0.695 4 20.00 20.00 2.2 2.0 0.007 0.007 20.1831 20.1831 12.06 560 760 
0.696 4 20.00 20.00 2.2 2.0 0.004 0.013 20.1831 20.1831 12.06 590 790 
0.697 4 20.00 20.00 2.1 2.3 0.009 0.007 20.4889 19.3181 12.06 560 780 
0.698 4 20.00 20.00 2.1 2.1 0.009 0.007 20.4889 19.8863 12.06 560 790 
0.699 4 20.00 20.00 2.2 1.8 0.009 0.007 20.1831 20.8041 12.06 560 770 
0.700 4 20.00 20.00 2.2 2.4 0.007 0.007 20.1831 19.0460 12.06 560 780 
0.701 4 20.00 20.00 2.2 2.2 0.004 0.007 20.1831 19.5981 12.06 590 800 
0.702 4 20.00 20.00 2.3 2.0 0.007 0.007 19.5981 20.1831 12.06 560 780 
0.703 4 20.00 20.00 2.2 2.0 0.007 0.007 20.1831 20.4889 12.06 560 760 
0.704 4 20.00 20.00 2.2 2.2 0.009 0.007 20.1831 19.5981 12.06 560 780 
0.705 4 20.00 20.00 2.2 2.3 0.007 0.011 20.1831 19.3181 12.06 560 780 
0.706 4 20.00 20.00 2.3 2.1 0.007 0.002 19.5981 20.1831 12.06 590 800 
0.707 4 20.00 20.00 2.1 2.1 0.007 0.009 20.4889 20.1831 12.06 560 760 
0.708 4 20.00 20.00 2.1 2.3 0.011 0.004 20.4889 19.3181 12.06 570 780 
0.709 4 20.00 20.00 2.1 2.2 0.011 0.004 20.1831 19.8863 12.06 560 780 
0.710 4 20.00 20.00 2.0 2.0 0.009 0.004 20.4889 20.4889 12.06 560 760 
0.711 4 20.00 20.00 2.5 2.2 0.007 0.009 19.0460 19.5981 12.06 590 830 
0.712 4 20.00 20.00 2.3 2.2 0.007 0.013 19.5981 19.8863 12.06 560 800 
0.713 4 20.00 20.00 2.2 2.0 0.011 0.009 20.1831 20.4889 12.06 570 770 
0.714 4 20.00 20.00 2.4 2.1 0.009 0.007 19.3181 20.1831 12.06 560 780 
0.715 4 20.00 20.00 2.3 2.2 0.009 0.009 19.5981 19.5981 12.06 560 800 
0.716 4 20.00 20.00 2.1 1.9 0.018 0.004 20.4889 20.8041 12.06 590 790 
0.717 4 20.00 20.00 2.3 1.9 0.007 0.011 19.8863 20.8041 12.06 570 790 
0.718 4 20.00 20.00 2.3 1.9 0.009 0.011 19.5981 20.4889 12.06 560 780 
0.719 4 20.00 20.00 2.3 1.9 0.009 0.011 19.8863 20.4889 12.06 560 780 
0.720 4 20.00 20.00 2.2 2.3 0.009 0.004 20.1831 19.3181 12.06 560 780 
0.721 4 20.00 20.00 2.3 2.0 0.007 0.007 19.8863 20.1831 12.07 590 810 
0.722 4 20.00 20.00 2.3 2.0 0.007 0.007 19.8863 20.1831 12.07 560 770 
0.723 4 20.00 20.00 2.3 2.2 0.007 0.009 19.8863 19.5981 12.07 560 790 
0.724 4 20.00 20.00 2.2 2.0 0.007 0.009 20.1831 20.1831 12.07 570 760 
0.725 4 20.00 20.00 2.3 2.0 0.007 0.004 19.8863 20.1831 12.07 560 780 
0.726 4 20.00 20.00 2.3 1.9 0.004 0.009 19.8863 20.4889 12.06 590 800 
0.727 4 20.00 20.00 2.2 2.1 0.009 0.007 20.1831 19.8863 12.06 560 780 
0.728 4 20.00 20.00 2.2 2.0 0.009 0.009 20.1831 20.1831 12.06 560 770 
0.729 4 20.00 20.00 2.2 1.9 0.011 0.009 20.1831 20.4889 12.06 560 760 
0.730 4 20.00 20.00 2.2 2.3 0.004 0.013 20.1831 19.3181 12.06 560 790 
0.731 4 20.00 20.00 2.2 1.8 0.009 0.004 20.1831 20.8041 12.06 590 790 
0.732 4 20.00 20.00 2.2 1.8 0.007 0.013 20.1831 20.8041 12.06 560 770 
0.733 4 20.00 20.00 2.2 2.2 0.007 0.018 20.1831 19.5981 12.06 570 780 
0.734 4 20.00 20.00 2.2 2.3 0.009 0.011 20.1831 19.3181 12.06 560 780 
0.735 4 20.00 20.00 2.2 2.1 0.007 0.007 19.8863 19.8863 12.06 560 790 
0.736 4 20.00 20.00 2.2 2.1 0.007 0.007 20.1831 19.8863 12.06 590 810 
0.737 4 20.00 20.00 2.2 2.1 0.009 0.009 19.8863 19.8863 12.06 570 790 
0.738 4 20.00 20.00 2.2 2.2 0.009 0.009 19.8863 19.5981 12.06 560 790 
0.739 4 20.00 20.00 2.2 2.1 0.009 0.009 19.8863 19.8863 12.06 560 800 
0.740 4 20.00 20.00 2.1 2.0 0.009 0.004 20.4889 20.1831 12.06 560 770 
0.741 4 20.00 20.00 2.1 2.4 0.009 0.011 20.4889 19.0460 12.06 590 810 
0.742 4 20.00 20.00 2.1 2.1 0.009 0.009 20.1831 19.8863 12.06 560 780 
0.743 4 20.00 20.00 2.1 1.9 0.009 0.002 20.1831 20.4889 12.06 570 770 
0.744 4 20.00 20.00 2.5 2.1 0.009 0.011 19.0460 19.8863 12.06 560 800 
0.745 4 20.00 20.00 2.1 2.3 0.007 0.011 20.4889 19.3181 12.06 560 780 
0.746 4 20.00 20.00 2.1 2.3 0.009 0.004 20.1831 19.3181 12.06 590 810 
0.747 4 20.00 20.00 2.4 2.2 0.007 0.007 19.3181 19.5981 12.06 560 800 
0.748 4 20.00 20.00 2.1 2.4 0.009 0.007 20.4889 19.0460 12.06 560 780 
0.749 4 20.00 20.00 2.1 2.0 0.007 0.007 20.1831 20.4889 12.06 560 770 
0.750 4 20.00 20.00 2.2 2.0 0.009 0.009 19.8863 20.4889 12.06 560 780 
0.751 4 20.00 20.00 2.3 2.0 0.007 0.011 19.5981 20.4889 12.06 590 810 
0.752 4 20.00 20.00 2.1 2.0 0.007 0.009 20.1831 20.4889 12.06 570 770 
0.753 4 20.00 20.00 2.1 2.2 0.009 0.009 20.1831 19.5981 12.06 560 780 
0.754 4 20.00 20.00 2.1 2.0 0.004 0.009 20.1831 20.1831 12.06 560 770 
0.755 4 20.00 20.00 2.3 2.0 0.009 0.007 19.5981 20.1831 12.06 560 780 
0.756 4 20.00 20.00 2.2 2.2 0.007 0.007 19.8863 19.5981 12.06 590 820 
0.757 4 20.00 20.00 2.2 2.1 0.009 0.007 19.8863 19.8863 12.06 560 800 
0.758 4 20.00 20.00 2.2 2.1 0.009 0.009 19.8863 20.1831 12.06 570 790 
0.759 4 20.00 20.00 2.3 2.0 0.011 0.004 19.5981 20.4889 12.06 560 780 
0.760 4 20.00 20.00 2.2 2.0 0.009 0.009 19.8863 20.1831 12.06 560 790 
0.761 4 20.00 20.00 2.3 2.0 0.009 0.007 19.8863 20.1831 12.06 590 800 
0.762 4 20.00 20.00 2.3 1.9 0.009 0.011 19.8863 20.4889 12.06 560 780 
0.763 4 20.00 20.00 2.2 2.1 0.004 0.011 20.1831 19.8863 12.06 560 780 
0.764 4 20.00 20.00 2.2 1.8 0.007 0.009 20.1831 20.8041 12.06 560 760 
0.765 4 20.00 20.00 2.2 2.4 0.009 0.011 20.1831 19.0460 12.06 570 780 
0.766 4 20.00 20.00 2.2 2.2 0.009 0.007 20.1831 19.5981 12.06 590 800 
0.767 4 20.00 20.00 2.3 2.2 0.007 0.004 19.5981 19.5981 12.06 560 790 
0.768 4 20.00 20.00 2.2 2.0 0.009 0.007 19.8863 20.1831 12.06 560 780 
0.769 4 20.00 20.00 2.2 2.0 0.004 0.009 20.1831 20.1831 12.06 560 770 
0.770 4 20.00 20.00 2.2 2.0 0.007 0.004 19.8863 20.1831 12.06 570 790 
0.771 4 20.00 20.00 2.3 2.1 0.007 0.011 19.5981 19.8863 12.06 590 820 
0.772 4 20.00 20.00 2.3 2.1 0.004 0.007 19.8863 19.8863 12.06 560 790 
0.773 4 20.00 20.00 2.1 1.9 0.004 0.004 20.4889 20.4889 12.06 560 770 
0.774 4 20.00 20.00 2.0 2.1 0.009 0.007 20.8041 19.8863 12.06 560 780 
0.775 4 20.00 20.00 2.0 2.0 0.007 0.007 20.4889 20.1831 12.06 560 770 
0.776 4 20.00 20.00 2.0 2.2 0.011 0.007 20.4889 19.5981 12.07 590 810 
0.777 4 20.00 20.00 2.3 2.1 0.011 0.007 19.5981 19.8863 12.07 560 800 
0.778 4 20.00 20.00 2.1 2.0 0.011 0.009 20.1831 20.1831 12.07 560 760 
0.779 4 20.00 20.00 2.3 2.3 0.011 0.007 19.5981 19.3181 12.07 560 800 
0.780 4 20.00 20.00 2.3 2.5 0.009 0.004 19.5981 18.7815 12.07 560 800 
0.781 4 20.00 20.00 2.0 2.2 0.011 0.011 20.4889 19.8863 12.04 590 810 
0.782 4 20.00 20.00 2.3 2.0 0.009 0.009 19.5981 20.4889 12.04 560 780 
0.783 4 20.00 20.00 2.2 2.2 0.007 0.007 19.8863 19.8863 12.04 560 790 
0.784 4 20.00 20.00 2.2 2.0 0.007 0.004 19.8863 20.4889 12.04 570 780 
0.785 4 20.00 20.00 2.1 2.0 0.004 0.004 20.1831 20.4889 12.04 560 760 
0.786 4 20.00 20.00 2.2 2.2 0.007 0.007 19.8863 19.5981 12.06 590 820 
0.787 4 20.00 20.00 2.2 2.1 0.007 0.007 19.8863 20.1831 12.06 560 780 
0.788 4 20.00 20.00 2.2 2.0 0.002 0.009 19.8863 20.4889 12.06 560 790 
0.789 4 20.00 20.00 2.2 1.9 0.009 0.009 19.8863 20.4889 12.06 560 780 
0.790 4 20.00 20.00 2.3 2.0 0.009 0.009 19.5981 20.1831 12.06 570 790 
0.791 4 20.00 20.00 2.3 2.1 0.007 0.007 19.8863 19.8863 12.06 590 820 
0.792 4 20.00 20.00 2.3 1.9 0.011 0.009 19.5981 20.4889 12.06 560 790 
0.793 4 20.00 20.00 2.3 2.0 0.007 0.007 19.8863 20.1831 12.06 560 780 
0.794 4 20.00 20.00 2.2 2.1 0.004 0.009 20.1831 19.8863 12.06 560 780 
0.795 4 20.00 20.00 2.2 2.3 0.009 0.004 20.1831 19.3181 12.06 560 780 
0.796 4 20.00 20.00 2.2 2.1 0.007 0.007 20.1831 19.8863 12.06 590 800 
0.797 4 20.00 20.00 2.2 1.8 0.007 0.009 20.1831 20.8041 12.06 560 760 
0.798 4 20.00 20.00 2.2 2.4 0.007 0.011 20.1831 19.0460 12.06 560 780 
0.799 4 20.00 20.00 2.2 2.3 0.007 0.009 20.1831 19.3181 12.06 560 780 
0.800 4 20.00 20.00 2.3 2.1 0.009 0.007 19.5981 20.1831 12.06 570 790 
0.801 4 20.00 20.00 2.2 2.0 0.007 0.007 20.1831 20.4889 12.04 590 780 
0.802 4 20.00 20.00 2.2 2.2 0.007 0.007 20.1831 19.5981 12.04 560 780 
0.803 4 20.00 20.00 2.2 2.0 0.007 0.007 19.8863 20.1831 12.04 560 780 
0.804 4 20.00 20.00 2.3 2.0 0.009 0.007 19.5981 20.1831 12.04 560 780 
0.805 4 20.00 20.00 2.1 2.1 0.004 0.009 20.4889 19.8863 12.04 560 780 
0.806 4 20.00 20.00 2.1 2.3 0.009 0.007 20.4889 19.3181 12.06 590 800 
0.807 4 20.00 20.00 2.0 2.1 0.007 0.009 20.4889 19.8863 12.06 560 780 
0.808 4 20.00 20.00 2.0 1.9 0.009 0.007 20.4889 20.8041 12.06 560 760 
0.809 4 20.00 20.00 2.6 2.1 0.009 0.009 18.7815 19.8863 12.06 570 810 
0.810 4 20.00 20.00 2.3 2.1 0.009 0.013 19.5981 19.8863 12.06 570 800 
0.811 4 20.00 20.00 2.1 1.9 0.004 0.011 20.4889 20.4889 12.06 590 790 
0.812 4 20.00 20.00 2.4 2.1 0.009 0.007 19.3181 19.8863 12.06 560 800 
0.813 4 20.00 20.00 2.3 2.3 0.007 0.002 19.5981 19.3181 12.06 560 790 
0.814 4 20.00 20.00 2.2 1.9 0.016 0.007 20.1831 20.8041 12.06 560 760 
0.815 4 20.00 20.00 2.3 1.9 0.007 0.009 19.8863 20.4889 12.06 560 780 
0.816 4 20.00 20.00 2.3 1.9 0.009 0.013 19.5981 20.4889 12.06 590 800 
0.817 4 20.00 20.00 2.3 1.9 0.007 0.009 19.8863 20.4889 12.06 560 780 
0.818 4 20.00 20.00 2.2 2.3 0.007 0.007 20.1831 19.3181 12.06 560 780 
0.819 4 20.00 20.00 2.3 2.0 0.007 0.009 19.8863 20.1831 12.06 560 780 
0.820 4 20.00 20.00 2.3 2.0 0.007 0.009 19.8863 20.1831 12.06 560 780 
0.821 4 20.00 20.00 2.3 2.2 0.007 0.009 19.8863 19.5981 12.06 590 810 
0.822 4 20.00 20.00 2.2 2.0 0.004 0.007 20.1831 20.1831 12.06 570 770 
0.823 4 20.00 20.00 2.3 2.0 0.004 0.004 19.8863 20.1831 12.06 560 780 
0.824 4 20.00 20.00 2.2 2.1 0.009 0.007 20.1831 19.8863 12.06 560 790 
0.825 4 20.00 20.00 2.2 2.1 0.007 0.007 20.1831 19.8863 12.06 560 780 
0.826 4 20.00 20.00 2.2 2.0 0.009 0.007 20.1831 20.1831 12.06 590 790 
0.827 4 20.00 20.00 2.2 1.9 0.009 0.009 20.1831 20.4889 12.06 560 760 
0.828 4 20.00 20.00 2.2 2.3 0.007 0.004 20.1831 19.3181 12.06 570 790 
0.829 4 20.00 20.00 2.2 1.8 0.013 0.009 20.1831 20.8041 12.06 560 760 
0.830 4 20.00 20.00 2.2 1.8 0.007 0.009 20.1831 20.8041 12.06 560 760 
0.831 4 20.00 20.00 2.2 2.2 0.009 0.016 19.8863 19.5981 12.07 590 810 
0.832 4 20.00 20.00 2.2 2.3 0.009 0.009 20.1831 19.3181 12.07 560 780 
0.833 4 20.00 20.00 2.2 2.0 0.009 0.007 19.8863 20.1831 12.07 560 780 
0.834 4 20.00 20.00 2.2 2.0 0.009 0.007 20.1831 20.1831 12.07 570 770 
0.835 4 20.00 20.00 2.2 2.0 0.009 0.009 19.8863 20.1831 12.07 570 780 
0.836 4 20.00 20.00 2.2 2.2 0.009 0.009 19.8863 19.5981 12.06 590 810 
0.837 4 20.00 20.00 2.3 2.1 0.009 0.009 19.5981 19.8863 12.06 560 800 
0.838 4 20.00 20.00 2.1 2.0 0.011 0.007 20.4889 20.1831 12.06 560 770 
0.839 4 20.00 20.00 2.1 2.4 0.009 0.007 20.4889 19.0460 12.06 560 780 
0.840 4 20.00 20.00 2.1 2.1 0.011 0.011 20.1831 19.8863 12.06 560 780 
0.841 4 20.00 20.00 2.1 2.0 0.004 0.007 20.1831 20.1831 12.06 590 790 
0.842 4 20.00 20.00 2.5 2.1 0.011 0.009 19.0460 19.8863 12.06 560 800 
0.843 4 20.00 20.00 2.3 2.2 0.007 0.011 19.5981 19.5981 12.06 560 800 
0.844 4 20.00 20.00 2.2 2.3 0.007 0.004 20.1831 19.3181 12.06 570 780 
0.845 4 20.00 20.00 2.4 2.1 0.007 0.007 19.3181 19.8863 12.06 560 790 
0.846 4 20.00 20.00 2.1 2.3 0.016 0.004 20.4889 19.3181 12.06 590 800 
0.847 4 20.00 20.00 2.2 2.0 0.009 0.004 20.1831 20.4889 12.06 570 770 
0.848 4 20.00 20.00 2.2 2.0 0.009 0.007 19.8863 20.4889 12.06 560 780 
0.849 4 20.00 20.00 2.3 1.9 0.009 0.011 19.5981 20.4889 12.06 560 780 
0.850 4 20.00 20.00 2.2 1.9 0.007 0.007 20.1831 20.4889 12.06 560 770 
