%  1    time 0.000 sec
%  2    mission (0) state 2
%  3  4 Motor velocity ref left, right: 20.00 20.00
%  5  6 Motor voltage [V] left, right: 10.9 10.9
%  7  8 Motor current left, right [A]: 0.002 0.002
%  9 10 Wheel velocity [r/s] left, right: -0.0028 0.0027
% 11    Battery voltage [V]: 12.10
% 12 13 Get data time [us]: 560 +ctrl 890
0.001 2 20.00 20.00 10.5 10.5 0.429 0.560 -0.0028 0.0027 10.82 580 840 
0.002 2 20.00 20.00 9.3 9.3 1.203 1.645 -0.0028 0.0027 10.82 560 820 
0.003 2 20.00 20.00 8.3 8.2 1.484 1.781 -0.0028 0.0027 10.82 560 820 
0.004 2 20.00 20.00 7.3 7.4 1.417 1.243 0.0028 0.0027 10.82 560 820 
0.005 2 20.00 20.00 6.6 8.0 1.295 1.237 0.0028 7.5970 10.82 560 840 
0.006 2 20.00 20.00 8.3 8.2 1.179 1.275 7.3895 7.5970 11.22 580 820 
0.007 2 20.00 20.00 7.8 7.0 1.277 1.301 8.5587 10.2445 11.22 560 740 
0.008 2 20.00 20.00 8.0 6.9 0.940 1.203 8.5587 10.7323 11.22 560 790 
0.009 2 20.00 20.00 7.4 6.3 1.025 1.096 10.0916 12.0738 11.22 570 800 
0.010 2 20.00 20.00 6.9 5.7 1.096 1.002 11.1758 13.3888 11.22 570 800 
0.011 2 20.00 20.00 6.1 5.2 1.071 0.904 12.8788 14.5405 11.12 590 830 
0.012 2 20.00 20.00 5.9 4.8 0.989 0.571 13.5227 15.3667 11.12 560 790 
0.013 2 20.00 20.00 5.5 4.8 0.886 0.592 14.5405 15.5433 11.12 560 800 
0.014 2 20.00 20.00 4.5 4.3 0.786 0.549 16.4911 16.4911 11.12 570 800 
0.015 2 20.00 20.00 4.1 4.5 0.656 0.516 17.3368 16.2924 11.12 560 790 
0.016 2 20.00 20.00 3.9 4.1 0.368 0.482 17.7930 17.1173 11.75 590 820 
0.017 2 20.00 20.00 3.6 3.6 0.324 0.431 18.2739 18.0303 11.75 560 790 
0.018 2 20.00 20.00 3.5 4.2 0.272 0.355 18.5242 17.1173 11.75 560 790 
0.019 2 20.00 20.00 3.4 3.8 0.225 0.266 18.7815 17.7930 11.75 560 800 
0.020 2 20.00 20.00 3.4 3.8 0.199 0.290 18.7815 18.0303 11.75 560 790 
0.021 2 20.00 20.00 3.2 4.3 0.136 0.277 19.3181 17.1173 11.94 590 820 
0.022 2 20.00 20.00 3.3 4.2 0.136 0.299 19.0460 17.3368 11.94 560 800 
0.023 2 20.00 20.00 3.2 4.4 0.143 0.326 19.3181 17.1173 11.94 560 800 
0.024 2 20.00 20.00 3.3 4.4 0.132 0.362 19.0460 17.1173 11.94 560 800 
0.025 2 20.00 20.00 2.9 4.2 0.134 0.315 19.8863 17.5619 11.94 560 740 
0.026 2 20.00 20.00 3.1 4.7 0.096 0.337 19.5981 16.6947 11.94 580 830 
0.027 2 20.00 20.00 3.2 4.2 0.074 0.382 19.3181 17.7930 11.94 570 800 
0.028 2 20.00 20.00 3.4 4.3 0.098 0.384 19.0460 17.5619 11.94 560 740 
0.029 2 20.00 20.00 3.7 4.7 0.129 0.379 18.5242 16.9034 11.94 560 730 
0.030 2 20.00 20.00 4.4 4.7 0.167 0.402 17.3368 17.1173 11.94 560 800 
0.031 2 20.00 20.00 4.1 5.2 0.225 0.348 17.7930 16.2924 11.82 590 820 
0.032 2 20.00 20.00 4.4 6.3 0.266 0.411 17.3368 14.2344 11.82 560 740 
0.033 2 20.00 20.00 5.0 5.9 0.225 0.589 16.2924 15.1940 11.82 560 740 
0.034 2 20.00 20.00 4.8 6.2 0.326 0.667 16.9034 14.8601 11.82 560 790 
0.035 2 20.00 20.00 5.0 6.2 0.402 0.719 16.4911 15.0252 11.82 560 790 
0.036 2 20.00 20.00 5.3 6.3 0.433 0.761 16.0984 14.8601 11.52 590 820 
0.037 2 20.00 20.00 5.3 5.9 0.484 0.826 16.2924 15.7241 11.52 560 790 
0.038 2 20.00 20.00 5.3 5.7 0.529 0.612 16.2924 16.2924 11.52 560 800 
0.039 2 20.00 20.00 5.0 5.4 0.562 0.658 16.9034 16.9034 11.52 570 780 
0.040 2 20.00 20.00 5.0 5.1 0.406 0.643 17.1173 17.5619 11.52 560 790 
0.041 2 20.00 20.00 5.0 5.2 0.446 0.621 17.1173 17.5619 11.63 590 820 
0.042 2 20.00 20.00 4.7 4.7 0.467 0.549 17.7930 18.5242 11.63 570 790 
0.043 2 20.00 20.00 4.5 4.3 0.449 0.520 18.2739 19.3181 11.63 560 790 
0.044 2 20.00 20.00 4.1 4.4 0.413 0.462 19.0460 19.0460 11.63 560 800 
0.045 2 20.00 20.00 3.8 4.0 0.368 0.319 19.5981 19.8863 11.63 560 790 
0.046 2 20.00 20.00 3.5 4.3 0.241 0.321 20.1831 19.3181 11.82 590 810 
0.047 2 20.00 20.00 3.3 4.6 0.221 0.319 20.4889 18.7815 11.82 560 780 
0.048 2 20.00 20.00 3.3 4.8 0.174 0.339 20.4889 18.5242 11.82 560 790 
0.049 2 20.00 20.00 3.1 4.2 0.141 0.377 20.8041 19.5981 11.82 570 780 
0.050 2 20.00 20.00 3.1 4.2 0.125 0.328 20.8041 19.5981 11.82 560 780 
0.051 2 20.00 20.00 3.3 4.6 0.083 0.337 20.4889 18.7815 11.94 590 800 
0.052 2 20.00 20.00 3.6 4.7 0.114 0.348 19.8863 18.7815 11.94 560 800 
0.053 2 20.00 20.00 4.1 4.7 0.145 0.384 19.0460 18.7815 11.94 560 800 
0.054 2 20.00 20.00 4.1 4.8 0.188 0.404 19.0460 18.5242 11.94 560 800 
0.055 2 20.00 20.00 4.4 5.4 0.223 0.444 18.5242 17.5619 11.94 560 800 
0.056 2 20.00 20.00 4.1 5.2 0.259 0.386 19.0460 18.0303 11.79 590 820 
0.057 2 20.00 20.00 4.1 5.2 0.230 0.484 19.0460 18.0303 11.79 560 800 
0.058 2 20.00 20.00 4.4 5.6 0.279 0.511 18.5242 17.3368 11.79 560 790 
0.059 2 20.00 20.00 4.6 5.7 0.312 0.567 18.2739 17.3368 11.79 560 790 
0.060 2 20.00 20.00 4.5 5.9 0.344 0.596 18.5242 16.9034 11.79 560 790 
0.061 2 20.00 20.00 4.1 5.7 0.337 0.670 19.3181 17.3368 11.64 580 820 
0.062 2 20.00 20.00 3.8 5.7 0.317 0.665 19.8863 17.5619 11.64 560 800 
0.063 2 20.00 20.00 3.8 6.0 0.203 0.571 19.8863 17.1173 11.64 560 800 
0.064 2 20.00 20.00 3.8 5.5 0.210 0.621 19.8863 18.0303 11.64 560 800 
0.065 2 20.00 20.00 4.5 5.0 0.217 0.654 18.5242 19.0460 11.64 560 800 
0.066 2 20.00 20.00 4.0 5.3 0.254 0.594 19.5981 18.5242 11.71 590 820 
0.067 2 20.00 20.00 4.0 4.7 0.268 0.567 19.5981 19.5981 11.71 560 800 
0.068 2 20.00 20.00 4.0 4.6 0.185 0.400 19.5981 19.8863 11.71 560 800 
0.069 2 20.00 20.00 3.7 4.6 0.225 0.393 20.1831 19.8863 11.71 560 790 
0.070 2 20.00 20.00 3.8 4.6 0.225 0.393 19.8863 19.8863 11.71 570 800 
0.071 2 20.00 20.00 3.8 4.9 0.217 0.388 19.8863 19.3181 11.79 590 830 
0.072 2 20.00 20.00 3.7 4.4 0.221 0.426 20.1831 20.1831 11.79 560 770 
0.073 2 20.00 20.00 3.5 4.6 0.223 0.328 20.4889 19.8863 11.79 560 780 
0.074 2 20.00 20.00 3.6 5.0 0.150 0.375 20.1831 19.0460 11.79 560 780 
0.075 2 20.00 20.00 3.5 4.7 0.172 0.429 20.4889 19.5981 11.79 560 780 
0.076 2 20.00 20.00 3.6 4.9 0.165 0.440 20.1831 19.3181 11.85 590 800 
0.077 2 20.00 20.00 3.8 5.1 0.167 0.460 19.8863 19.0460 11.85 560 790 
0.078 2 20.00 20.00 3.9 4.9 0.196 0.482 19.5981 19.3181 11.85 570 800 
0.079 2 20.00 20.00 4.0 5.4 0.179 0.471 19.5981 18.5242 11.85 560 800 
0.080 2 20.00 20.00 4.1 5.0 0.234 0.420 19.3181 19.3181 11.85 560 790 
0.081 2 20.00 20.00 4.0 5.8 0.254 0.458 19.5981 17.7930 11.75 590 830 
0.082 2 20.00 20.00 4.0 5.6 0.257 0.547 19.5981 18.2739 11.75 560 800 
0.083 2 20.00 20.00 4.0 5.6 0.252 0.600 19.5981 18.2739 11.75 560 800 
0.084 2 20.00 20.00 4.0 4.9 0.272 0.547 19.5981 19.5981 11.75 560 800 
0.085 2 20.00 20.00 4.0 4.9 0.203 0.455 19.5981 19.5981 11.75 560 800 
0.086 2 20.00 20.00 3.8 5.2 0.234 0.496 19.8863 19.0460 11.77 590 820 
0.087 2 20.00 20.00 3.8 5.1 0.237 0.504 19.8863 19.3181 11.77 560 800 
0.088 2 20.00 20.00 4.2 5.0 0.228 0.502 19.3181 19.5981 11.77 560 800 
0.089 2 20.00 20.00 4.0 4.6 0.257 0.504 19.5981 20.1831 11.77 560 790 
0.090 2 20.00 20.00 3.9 5.1 0.192 0.437 19.8863 19.3181 11.77 560 800 
0.091 2 20.00 20.00 4.2 4.8 0.232 0.382 19.3181 19.8863 11.75 590 820 
0.092 2 20.00 20.00 4.3 4.5 0.263 0.422 19.0460 20.4889 11.75 560 780 
0.093 2 20.00 20.00 4.2 4.6 0.295 0.400 19.3181 20.1831 11.75 560 780 
0.094 2 20.00 20.00 3.9 4.8 0.299 0.377 19.8863 19.8863 11.75 570 800 
0.095 2 20.00 20.00 3.7 4.6 0.277 0.420 20.1831 20.1831 11.75 560 770 
0.096 2 20.00 20.00 3.6 4.3 0.174 0.337 20.4889 20.8041 11.87 590 790 
0.097 2 20.00 20.00 3.6 4.3 0.185 0.348 20.4889 20.8041 11.87 560 770 
0.098 2 20.00 20.00 4.2 4.1 0.179 0.333 19.3181 21.1292 11.87 560 780 
0.099 2 20.00 20.00 3.6 4.6 0.208 0.310 20.4889 20.1831 11.87 560 770 
0.100 2 20.00 20.00 3.6 4.1 0.208 0.328 20.4889 21.1292 11.87 560 760 
0.101 2 20.00 20.00 4.0 4.1 0.132 0.243 19.5981 21.1292 11.87 590 790 
0.102 2 20.00 20.00 3.7 4.7 0.199 0.261 20.1831 19.8863 11.87 560 780 
0.103 2 20.00 20.00 4.3 4.4 0.221 0.306 19.0460 20.4889 11.87 560 780 
0.104 2 20.00 20.00 4.4 4.4 0.254 0.335 19.0460 20.4889 11.87 560 780 
0.105 2 20.00 20.00 4.5 4.4 0.299 0.344 18.7815 20.4889 11.87 560 780 
0.106 2 20.00 20.00 4.2 4.4 0.337 0.275 19.3181 20.4889 11.83 580 800 
0.107 2 20.00 20.00 4.4 4.7 0.254 0.321 19.0460 19.8863 11.83 560 800 
0.108 2 20.00 20.00 4.4 4.5 0.306 0.357 19.0460 20.1831 11.83 560 780 
0.109 2 20.00 20.00 4.4 4.5 0.321 0.375 19.0460 20.1831 11.83 570 780 
0.110 2 20.00 20.00 4.3 4.5 0.335 0.364 19.3181 20.1831 11.83 560 780 
0.111 2 20.00 20.00 4.2 4.8 0.333 0.373 19.5981 19.5981 11.71 580 820 
0.112 2 20.00 20.00 4.3 4.4 0.239 0.306 19.3181 20.4889 11.71 570 780 
0.113 2 20.00 20.00 4.3 3.8 0.288 0.328 19.3181 21.4646 11.71 560 780 
0.114 2 20.00 20.00 4.2 4.8 0.317 0.297 19.5981 19.5981 11.71 560 790 
0.115 2 20.00 20.00 4.2 4.7 0.315 0.315 19.5981 19.8863 11.71 560 800 
0.116 2 20.00 20.00 4.2 4.2 0.312 0.382 19.5981 20.8041 11.80 590 800 
0.117 2 20.00 20.00 3.9 4.0 0.306 0.283 20.1831 21.1292 11.80 560 750 
0.118 2 20.00 20.00 4.0 4.3 0.201 0.288 19.8863 20.4889 11.80 560 780 
0.119 2 20.00 20.00 4.0 4.1 0.239 0.295 19.8863 20.8041 11.80 560 780 
0.120 2 20.00 20.00 4.2 3.9 0.252 0.290 19.5981 21.1292 11.80 560 770 
0.121 2 20.00 20.00 4.4 3.5 0.270 0.272 19.3181 21.8108 11.83 590 800 
0.122 2 20.00 20.00 4.1 4.2 0.292 0.192 19.8863 20.4889 11.83 560 780 
0.123 2 20.00 20.00 3.6 3.7 0.203 0.203 20.8041 21.4646 11.83 560 760 
0.124 2 20.00 20.00 3.9 3.9 0.205 0.221 20.1831 21.1292 11.83 560 760 
0.125 2 20.00 20.00 3.7 3.7 0.217 0.210 20.4889 21.4646 11.83 560 760 
0.126 2 20.00 20.00 3.7 3.6 0.217 0.201 20.4889 21.4646 11.82 590 780 
0.127 2 20.00 20.00 3.4 4.0 0.201 0.221 21.1292 20.8041 11.82 570 770 
0.128 2 20.00 20.00 3.2 4.1 0.179 0.192 21.4646 20.4889 11.82 560 770 
0.129 2 20.00 20.00 3.3 3.6 0.105 0.241 21.1292 21.4646 11.82 570 770 
0.130 2 20.00 20.00 3.5 3.4 0.123 0.225 20.8041 21.8108 11.82 560 770 
0.131 2 20.00 20.00 4.0 3.5 0.141 0.170 19.8863 21.4646 11.87 590 800 
0.132 2 20.00 20.00 3.6 3.3 0.176 0.174 20.4889 21.8108 11.87 560 760 
0.133 2 20.00 20.00 4.3 3.9 0.192 0.143 19.3181 20.8041 11.87 560 780 
0.134 2 20.00 20.00 4.1 3.5 0.174 0.181 19.5981 21.4646 11.87 570 780 
0.135 2 20.00 20.00 3.8 3.3 0.248 0.163 20.1831 21.8108 11.87 560 770 
0.136 2 20.00 20.00 4.1 3.6 0.248 0.152 19.5981 21.1292 11.88 590 810 
0.137 2 20.00 20.00 4.0 3.4 0.252 0.125 19.8863 21.4646 11.88 560 790 
0.138 2 20.00 20.00 3.8 3.6 0.261 0.163 20.1831 21.1292 11.88 560 760 
0.139 2 20.00 20.00 3.5 3.2 0.239 0.174 20.8041 21.8108 11.88 570 770 
0.140 2 20.00 20.00 3.6 3.3 0.170 0.141 20.4889 21.4646 11.88 560 700 
0.141 2 20.00 20.00 3.5 3.3 0.181 0.134 20.8041 21.4646 11.96 590 730 
0.142 2 20.00 20.00 3.4 3.7 0.167 0.134 20.8041 20.8041 11.96 560 710 
0.143 2 20.00 20.00 3.4 3.3 0.156 0.121 20.8041 21.4646 11.96 560 710 
0.144 2 20.00 20.00 3.6 2.7 0.147 0.134 20.4889 22.5378 11.96 560 710 
0.145 2 20.00 20.00 3.4 3.2 0.147 0.074 20.8041 21.4646 11.96 570 770 
0.146 2 20.00 20.00 3.4 3.4 0.163 0.074 20.8041 21.1292 11.99 590 780 
0.147 2 20.00 20.00 3.4 2.8 0.152 0.087 20.8041 22.1684 11.99 560 710 
0.148 2 20.00 20.00 3.5 2.8 0.145 0.085 20.4889 22.1684 11.99 560 710 
0.149 2 20.00 20.00 3.5 2.7 0.154 0.069 20.4889 22.1684 11.99 560 700 
0.150 2 20.00 20.00 3.5 2.9 0.121 0.054 20.4889 21.8108 11.99 570 770 
0.151 2 20.00 20.00 3.7 3.0 0.156 0.051 20.1831 21.4646 12.01 590 800 
0.152 2 20.00 20.00 3.9 3.4 0.174 0.067 19.8863 20.8041 12.01 560 780 
0.153 2 20.00 20.00 3.9 3.0 0.194 0.083 19.8863 21.4646 12.01 560 780 
0.154 2 20.00 20.00 4.0 2.6 0.210 0.094 19.5981 22.1684 12.01 560 780 
0.155 2 20.00 20.00 3.9 3.1 0.179 0.051 19.8863 21.1292 12.01 560 780 
0.156 2 20.00 20.00 4.3 3.1 0.210 0.047 19.0460 21.1292 11.91 590 800 
0.157 2 20.00 20.00 4.3 3.1 0.263 0.083 19.0460 21.1292 11.91 560 770 
0.158 2 20.00 20.00 4.5 2.7 0.299 0.074 18.7815 21.8108 11.91 560 780 
0.159 2 20.00 20.00 3.9 2.5 0.328 0.067 19.8863 22.1684 11.91 560 780 
0.160 2 20.00 20.00 3.9 2.2 0.295 0.036 19.8863 22.5378 11.91 560 790 
0.161 2 20.00 20.00 3.9 2.6 0.203 0.009 19.8863 21.8108 12.01 590 810 
0.162 2 20.00 20.00 3.9 2.2 0.217 0.013 19.8863 22.5378 12.01 570 790 
0.163 2 20.00 20.00 4.5 2.1 0.234 0.004 18.7815 22.5378 12.01 560 790 
0.164 2 20.00 20.00 4.2 2.3 0.268 0.018 19.3181 22.1684 12.01 570 780 
0.165 2 20.00 20.00 3.8 2.5 0.283 0.009 20.1831 21.8108 12.01 570 760 
0.166 2 20.00 20.00 4.3 2.8 0.208 0.007 19.3181 21.1292 12.02 590 790 
0.167 2 20.00 20.00 3.8 2.4 0.212 0.020 20.1831 21.8108 12.02 570 760 
0.168 2 20.00 20.00 3.8 2.4 0.241 0.029 20.1831 21.8108 12.02 570 770 
0.169 2 20.00 20.00 4.1 2.4 0.230 0.013 19.5981 21.8108 12.02 560 790 
0.170 2 20.00 20.00 4.3 2.5 0.241 0.009 19.3181 21.4646 12.02 560 780 
0.171 2 20.00 20.00 4.0 2.5 0.279 0.004 19.8863 21.4646 11.96 590 800 
0.172 2 20.00 20.00 4.0 2.8 0.203 0.011 19.8863 20.8041 11.96 570 780 
0.173 2 20.00 20.00 4.1 2.5 0.225 0.018 19.5981 21.4646 11.96 560 780 
0.174 2 20.00 20.00 4.1 1.9 0.252 0.031 19.5981 22.5378 11.96 560 780 
0.175 2 20.00 20.00 4.0 2.9 0.266 0.007 19.8863 20.4889 11.96 560 780 
0.176 2 20.00 20.00 3.7 2.8 0.266 0.011 20.4889 20.8041 11.94 590 780 
0.177 2 20.00 20.00 3.8 2.4 0.181 0.045 20.1831 21.4646 11.94 570 770 
0.178 2 20.00 20.00 3.8 2.4 0.201 0.040 20.1831 21.4646 11.94 560 760 
0.179 2 20.00 20.00 3.6 2.3 0.214 0.029 20.4889 21.4646 11.94 560 770 
0.180 2 20.00 20.00 3.6 2.7 0.208 0.009 20.4889 20.8041 11.94 560 770 
0.181 2 20.00 20.00 3.6 2.7 0.199 0.013 20.4889 20.8041 11.98 590 790 
0.182 2 20.00 20.00 3.4 2.3 0.194 0.031 20.8041 21.4646 11.98 560 770 
0.183 2 20.00 20.00 3.4 2.6 0.127 0.016 20.8041 20.8041 11.98 560 770 
0.184 2 20.00 20.00 3.6 2.4 0.147 0.018 20.4889 21.1292 11.98 560 760 
0.185 2 20.00 20.00 3.8 2.6 0.158 0.016 20.1831 20.8041 11.98 560 770 
0.186 2 20.00 20.00 3.9 2.4 0.179 0.011 19.8863 21.1292 12.01 590 800 
0.187 2 20.00 20.00 3.6 2.2 0.201 0.011 20.4889 21.4646 12.01 560 770 
0.188 2 20.00 20.00 3.4 2.7 0.141 0.016 20.8041 20.4889 12.01 560 770 
0.189 2 20.00 20.00 3.6 2.7 0.161 0.027 20.4889 20.4889 12.01 560 770 
0.190 2 20.00 20.00 3.6 2.3 0.161 0.038 20.4889 21.1292 12.01 560 750 
0.191 2 20.00 20.00 3.4 2.0 0.165 0.020 20.8041 21.8108 12.02 590 790 
0.192 2 20.00 20.00 3.0 2.1 0.145 0.009 21.4646 21.4646 12.02 560 760 
0.193 2 20.00 20.00 2.8 2.1 0.105 0.009 21.8108 21.4646 12.02 570 770 
0.194 2 20.00 20.00 2.8 2.8 0.065 0.009 21.8108 20.1831 12.02 560 770 
0.195 2 20.00 20.00 3.5 2.2 0.054 0.016 20.4889 21.1292 12.02 560 760 
0.196 2 20.00 20.00 3.3 2.2 0.083 0.009 20.8041 21.1292 12.02 590 780 
0.197 2 20.00 20.00 2.9 2.6 0.096 0.011 21.4646 20.4889 12.02 570 780 
0.198 2 20.00 20.00 3.2 2.2 0.065 0.009 20.8041 21.1292 12.02 560 760 
0.199 2 20.00 20.00 2.7 2.0 0.083 0.018 21.8108 21.4646 12.02 560 770 
0.200 2 20.00 20.00 2.7 2.0 0.074 0.009 21.8108 21.4646 12.02 560 770 
0.201 2 20.00 20.00 3.0 2.1 0.045 0.009 21.1292 21.1292 12.07 590 770 
0.202 2 20.00 20.00 3.0 2.3 0.054 0.011 21.1292 20.8041 12.07 570 760 
0.203 2 20.00 20.00 2.8 3.4 0.074 0.007 21.4646 18.7815 12.07 560 790 
0.204 2 20.00 20.00 3.1 2.5 0.051 0.038 20.8041 20.4889 12.07 560 770 
0.207 2 20.00 20.00 2.9 1.9 0.069 0.051 21.1292 21.4646 12.07 560 760 
0.208 2 20.00 20.00 2.7 2.8 0.060 0.018 21.4646 19.8863 12.07 590 810 
0.209 2 20.00 20.00 3.1 2.3 0.042 0.004 20.8041 20.8041 12.07 570 770 
0.209 2 20.00 20.00 2.9 2.3 0.060 0.022 21.1292 20.8041 12.07 560 760 
0.210 2 20.00 20.00 2.9 2.8 0.074 0.022 21.1292 19.8863 12.07 560 770 
0.211 2 20.00 20.00 2.7 2.6 0.060 0.033 21.4646 20.1831 12.07 570 770 
0.212 2 20.00 20.00 2.6 2.4 0.042 0.031 21.4646 20.4889 12.07 590 780 
0.213 2 20.00 20.00 2.4 2.2 0.033 0.022 21.8108 20.8041 12.07 560 760 
0.214 2 20.00 20.00 2.4 2.9 0.011 0.018 21.8108 19.5981 12.07 560 780 
0.215 2 20.00 20.00 2.4 2.4 0.007 0.036 21.8108 20.4889 12.07 570 760 
0.216 2 20.00 20.00 2.3 2.1 0.009 0.036 21.8108 21.1292 12.07 560 750 
0.217 2 20.00 20.00 2.7 2.2 0.009 0.009 21.1292 20.8041 12.09 590 770 
0.218 2 20.00 20.00 2.3 2.5 0.013 0.007 21.8108 20.1831 12.09 570 770 
0.219 2 20.00 20.00 2.3 2.5 0.007 0.011 21.8108 20.1831 12.09 570 770 
0.220 2 20.00 20.00 2.4 2.4 0.007 0.022 21.4646 20.4889 12.09 560 770 
0.221 2 20.00 20.00 2.4 2.2 0.007 0.018 21.4646 20.8041 12.09 580 780 
0.222 2 20.00 20.00 2.0 1.8 0.011 0.009 22.1684 21.4646 12.09 590 790 
0.223 2 20.00 20.00 1.8 2.3 0.013 0.011 22.5378 20.4889 12.09 560 760 
0.224 2 20.00 20.00 1.9 2.1 0.016 0.011 22.1684 20.8041 12.09 560 760 
0.225 2 20.00 20.00 2.1 1.9 0.020 0.009 21.8108 21.1292 12.09 560 750 
0.226 2 20.00 20.00 2.8 2.6 0.018 0.009 20.4889 19.8863 12.09 560 780 
0.227 2 20.00 20.00 2.2 2.3 0.009 0.007 21.4646 20.4889 12.07 590 780 
0.228 2 20.00 20.00 2.2 2.3 0.009 0.009 21.4646 20.4889 12.07 560 760 
0.229 2 20.00 20.00 2.4 2.3 0.011 0.004 21.1292 20.4889 12.07 560 750 
0.230 2 20.00 20.00 2.2 2.4 0.009 0.009 21.4646 20.1831 12.07 560 770 
0.231 2 20.00 20.00 2.3 2.4 0.009 0.027 21.1292 20.1831 12.07 560 760 
0.232 2 20.00 20.00 2.5 2.1 0.011 0.025 20.8041 20.8041 12.07 590 790 
0.233 2 20.00 20.00 2.3 2.2 0.009 0.009 21.1292 20.4889 12.07 560 760 
0.234 2 20.00 20.00 2.1 2.2 0.009 0.009 21.4646 20.4889 12.07 560 760 
0.235 2 20.00 20.00 2.2 2.7 0.011 0.009 21.1292 19.5981 12.07 570 780 
0.236 2 20.00 20.00 2.4 2.4 0.009 0.016 20.8041 20.1831 12.07 560 770 
0.237 2 20.00 20.00 2.2 1.9 0.011 0.022 21.1292 21.1292 12.09 590 770 
0.238 2 20.00 20.00 2.2 2.9 0.009 0.009 21.1292 19.3181 12.09 560 770 
0.239 2 20.00 20.00 2.4 2.9 0.007 0.011 20.8041 19.3181 12.09 560 780 
0.240 2 20.00 20.00 2.3 2.4 0.009 0.040 20.8041 20.1831 12.09 570 760 
0.241 2 20.00 20.00 2.2 2.2 0.004 0.040 21.1292 20.4889 12.09 570 760 
0.242 2 20.00 20.00 2.1 2.7 0.011 0.027 21.1292 19.5981 12.09 590 790 
0.243 2 20.00 20.00 1.9 2.4 0.011 0.038 21.4646 20.1831 12.09 560 770 
0.244 2 20.00 20.00 1.9 2.4 0.011 0.027 21.4646 20.1831 12.09 560 770 
0.245 2 20.00 20.00 1.9 2.4 0.018 0.018 21.4646 20.1831 12.09 560 760 
0.246 2 20.00 20.00 1.9 2.7 0.018 0.027 21.4646 19.5981 12.09 560 780 
0.247 2 20.00 20.00 2.0 2.4 0.020 0.029 21.1292 20.1831 12.09 590 790 
0.248 2 20.00 20.00 2.4 1.9 0.020 0.027 20.4889 21.1292 12.09 560 760 
0.249 2 20.00 20.00 2.0 2.4 0.009 0.009 21.1292 20.1831 12.09 560 760 
0.250 2 20.00 20.00 2.2 2.4 0.009 0.007 20.8041 20.1831 12.09 560 760 
0.251 2 20.00 20.00 2.2 2.0 0.011 0.007 20.8041 20.8041 12.09 560 760 
0.252 2 20.00 20.00 2.3 2.4 0.009 0.011 20.4889 20.1831 12.07 590 790 
0.253 2 20.00 20.00 2.0 2.8 0.009 0.009 21.1292 19.3181 12.07 560 770 
0.254 2 20.00 20.00 1.8 2.2 0.013 0.029 21.4646 20.4889 12.07 560 760 
0.255 2 20.00 20.00 1.9 2.2 0.018 0.020 21.1292 20.4889 12.07 570 760 
0.256 2 20.00 20.00 2.1 2.2 0.016 0.007 20.8041 20.4889 12.07 560 760 
0.257 2 20.00 20.00 2.7 2.2 0.018 0.009 19.5981 20.4889 12.09 590 800 
0.258 2 20.00 20.00 2.1 2.8 0.011 0.007 20.8041 19.3181 12.09 560 780 
0.259 2 20.00 20.00 2.1 2.3 0.009 0.029 20.8041 20.1831 12.09 560 760 
0.260 2 20.00 20.00 2.2 2.2 0.011 0.018 20.4889 20.4889 12.09 560 760 
0.261 2 20.00 20.00 1.9 2.5 0.011 0.007 21.1292 19.8863 12.09 570 780 
0.262 2 20.00 20.00 2.0 2.3 0.011 0.009 20.8041 20.1831 12.09 590 780 
0.263 2 20.00 20.00 2.0 2.2 0.020 0.031 20.8041 20.4889 12.09 560 760 
0.264 2 20.00 20.00 2.0 2.2 0.018 0.020 20.8041 20.4889 12.09 560 760 
0.265 2 20.00 20.00 1.8 2.3 0.016 0.011 21.1292 20.1831 12.09 560 750 
0.266 2 20.00 20.00 2.0 2.3 0.016 0.007 20.8041 20.1831 12.09 570 760 
0.267 2 20.00 20.00 1.8 2.1 0.020 0.007 21.1292 20.4889 12.09 590 780 
0.268 2 20.00 20.00 1.9 2.5 0.020 0.009 20.8041 19.8863 12.09 560 780 
0.269 2 20.00 20.00 1.9 1.8 0.020 0.007 20.8041 21.1292 12.09 560 760 
0.270 2 20.00 20.00 2.1 2.9 0.020 0.009 20.4889 19.0460 12.09 570 790 
0.271 2 20.00 20.00 2.1 2.6 0.011 0.009 20.4889 19.5981 12.09 560 790 
0.272 2 20.00 20.00 1.9 2.1 0.013 0.027 20.8041 20.4889 12.09 590 790 
0.273 2 20.00 20.00 1.7 2.1 0.016 0.016 21.1292 20.4889 12.09 560 760 
0.274 2 20.00 20.00 1.7 2.3 0.022 0.009 21.1292 20.1831 12.09 560 700 
0.275 2 20.00 20.00 1.5 2.1 0.020 0.011 21.4646 20.4889 12.09 560 710 
0.276 2 20.00 20.00 1.6 2.3 0.020 0.007 21.1292 20.1831 12.09 570 710 
0.277 2 20.00 20.00 1.6 2.3 0.022 0.009 21.1292 20.1831 12.07 590 720 
0.278 2 20.00 20.00 1.6 2.1 0.018 0.011 21.1292 20.4889 12.07 560 700 
0.279 2 20.00 20.00 1.9 2.4 0.025 0.007 20.4889 19.8863 12.07 560 720 
0.280 2 20.00 20.00 1.8 2.3 0.018 0.013 20.8041 20.1831 12.07 560 710 
0.281 2 20.00 20.00 1.7 2.4 0.013 0.007 20.8041 19.8863 12.07 560 720 
0.282 2 20.00 20.00 1.9 2.3 0.018 0.007 20.4889 20.1831 12.09 590 730 
0.283 2 20.00 20.00 1.9 2.3 0.018 0.009 20.4889 20.1831 12.09 560 710 
0.284 2 20.00 20.00 1.9 2.6 0.020 0.011 20.4889 19.5981 12.09 560 790 
0.285 2 20.00 20.00 1.5 2.7 0.020 0.022 21.1292 19.3181 12.09 570 780 
0.286 2 20.00 20.00 1.7 2.3 0.020 0.045 20.8041 20.1831 12.09 570 770 
0.287 2 20.00 20.00 1.5 1.9 0.020 0.029 21.1292 20.8041 12.09 590 780 
0.288 2 20.00 20.00 2.5 2.4 0.022 0.009 19.3181 19.8863 12.09 560 800 
0.289 2 20.00 20.00 2.2 2.1 0.018 0.009 19.8863 20.4889 12.09 560 780 
0.290 2 20.00 20.00 1.7 2.1 0.011 0.007 20.8041 20.4889 12.09 560 770 
0.291 2 20.00 20.00 2.3 2.2 0.016 0.009 19.5981 20.1831 12.09 570 790 
0.292 2 20.00 20.00 2.2 2.2 0.013 0.007 19.8863 20.1831 12.09 590 810 
0.293 2 20.00 20.00 1.7 2.4 0.009 0.007 20.8041 19.8863 12.09 560 780 
0.294 2 20.00 20.00 2.0 2.4 0.013 0.009 20.1831 19.8863 12.09 570 790 
0.295 2 20.00 20.00 2.1 2.6 0.016 0.025 19.8863 19.5981 12.09 560 800 
0.296 2 20.00 20.00 2.0 2.6 0.013 0.047 20.1831 19.5981 12.09 560 790 
0.297 2 20.00 20.00 1.8 2.3 0.013 0.045 20.4889 20.1831 12.09 590 790 
0.298 2 20.00 20.00 2.0 2.3 0.011 0.025 20.1831 20.1831 12.09 560 770 
0.299 2 20.00 20.00 2.0 2.3 0.013 0.007 20.1831 20.1831 12.09 560 770 
0.300 2 20.00 20.00 2.0 2.7 0.018 0.009 20.1831 19.3181 12.09 570 790 
0.301 2 20.00 20.00 2.0 2.4 0.018 0.018 20.1831 19.8863 12.09 560 790 
0.302 2 20.00 20.00 2.1 1.9 0.013 0.033 19.8863 20.8041 12.07 590 810 
0.303 2 20.00 20.00 2.1 2.9 0.011 0.011 19.8863 19.0460 12.07 560 800 
0.304 2 20.00 20.00 2.0 2.6 0.009 0.016 20.1831 19.5981 12.07 560 790 
0.305 2 20.00 20.00 2.0 2.3 0.011 0.027 20.1831 20.1831 12.07 560 770 
0.306 2 20.00 20.00 2.0 2.3 0.013 0.029 20.1831 20.1831 12.07 570 770 
0.307 2 20.00 20.00 2.0 2.7 0.016 0.022 20.1831 19.3181 12.09 580 800 
0.308 2 20.00 20.00 2.0 2.3 0.011 0.029 20.1831 20.1831 12.09 560 760 
0.309 2 20.00 20.00 2.0 2.4 0.013 0.027 20.1831 19.8863 12.09 560 780 
0.310 2 20.00 20.00 2.0 2.6 0.016 0.022 20.1831 19.5981 12.09 560 780 
0.311 2 20.00 20.00 2.3 2.9 0.018 0.040 19.5981 19.0460 12.09 560 790 
0.312 2 20.00 20.00 2.1 2.6 0.011 0.056 19.8863 19.5981 12.07 590 820 
0.313 2 20.00 20.00 2.0 2.1 0.011 0.058 20.1831 20.4889 12.07 560 760 
0.314 2 20.00 20.00 2.1 2.6 0.011 0.025 19.8863 19.5981 12.07 560 790 
0.315 2 20.00 20.00 2.1 2.9 0.011 0.020 19.8863 19.0460 12.07 560 800 
0.316 2 20.00 20.00 2.1 2.3 0.011 0.045 19.8863 20.1831 12.07 560 780 
0.317 2 20.00 20.00 1.8 2.8 0.011 0.047 20.4889 19.3181 12.07 590 810 
0.318 2 20.00 20.00 1.8 2.9 0.013 0.049 20.4889 19.0460 12.07 570 780 
0.319 2 20.00 20.00 1.9 2.5 0.018 0.074 20.1831 19.8863 12.07 560 790 
0.320 2 20.00 20.00 1.9 2.3 0.013 0.054 20.1831 20.1831 12.07 560 770 
0.321 2 20.00 20.00 2.6 2.7 0.013 0.033 19.0460 19.5981 12.07 570 810 
0.322 2 20.00 20.00 2.0 2.2 0.011 0.033 20.1831 20.4889 12.07 590 780 
0.323 2 20.00 20.00 2.0 2.2 0.011 0.025 20.1831 20.4889 12.07 560 760 
0.324 2 20.00 20.00 2.3 2.5 0.013 0.009 19.5981 19.8863 12.07 570 790 
0.325 2 20.00 20.00 2.0 2.5 0.007 0.011 20.1831 19.8863 12.07 560 780 
0.326 2 20.00 20.00 2.3 2.8 0.009 0.018 19.5981 19.3181 12.07 560 790 
0.327 2 20.00 20.00 2.3 2.5 0.011 0.047 19.5981 19.8863 12.02 590 810 
0.328 2 20.00 20.00 2.3 2.5 0.009 0.051 19.5981 19.8863 12.02 560 800 
0.329 2 20.00 20.00 2.0 2.7 0.009 0.056 20.1831 19.5981 12.02 560 780 
0.330 2 20.00 20.00 2.0 2.5 0.009 0.058 20.1831 19.8863 12.02 560 780 
0.331 2 20.00 20.00 2.1 2.7 0.011 0.049 19.8863 19.5981 12.02 560 790 
0.332 2 20.00 20.00 2.3 2.8 0.011 0.049 19.5981 19.3181 11.98 590 830 
0.333 2 20.00 20.00 2.1 3.1 0.013 0.060 19.8863 18.7815 11.98 560 790 
0.334 2 20.00 20.00 2.1 2.9 0.011 0.065 19.8863 19.3181 11.98 560 800 
0.335 2 20.00 20.00 2.3 2.4 0.009 0.094 19.5981 20.1831 11.98 560 780 
0.336 2 20.00 20.00 2.3 3.3 0.013 0.056 19.5981 18.5242 11.98 560 790 
0.337 2 20.00 20.00 2.2 2.9 0.011 0.067 19.8863 19.3181 12.07 590 820 
0.338 2 20.00 20.00 2.2 2.4 0.009 0.092 19.8863 20.1831 12.07 560 780 
0.339 2 20.00 20.00 2.0 2.3 0.009 0.054 20.1831 20.4889 12.07 570 770 
0.340 2 20.00 20.00 2.0 2.6 0.013 0.042 20.1831 19.8863 12.07 560 780 
0.341 2 20.00 20.00 2.0 2.1 0.011 0.031 20.1831 20.8041 12.07 570 780 
0.342 2 20.00 20.00 2.0 2.2 0.013 0.013 20.1831 20.4889 12.09 590 790 
0.343 2 20.00 20.00 2.0 2.4 0.016 0.007 20.1831 20.1831 12.09 570 780 
0.344 2 20.00 20.00 2.3 2.9 0.013 0.016 19.5981 19.3181 12.09 560 790 
0.345 2 20.00 20.00 2.1 2.6 0.011 0.042 19.8863 19.8863 12.09 560 800 
0.346 2 20.00 20.00 2.1 2.2 0.009 0.047 19.8863 20.4889 12.09 560 780 
0.347 2 20.00 20.00 2.3 2.9 0.007 0.022 19.5981 19.3181 12.09 580 820 
0.348 2 20.00 20.00 2.5 3.0 0.009 0.031 19.3181 19.0460 12.09 560 800 
0.349 2 20.00 20.00 2.3 2.8 0.011 0.074 19.5981 19.5981 12.09 560 790 
0.350 2 20.00 20.00 2.0 3.1 0.009 0.096 20.1831 19.0460 12.09 560 790 
0.351 2 20.00 20.00 1.8 3.2 0.011 0.087 20.4889 18.7815 12.09 560 780 
0.352 2 20.00 20.00 1.8 2.8 0.013 0.105 20.4889 19.5981 11.98 590 820 
0.353 2 20.00 20.00 2.0 2.5 0.016 0.096 20.1831 20.1831 11.98 560 770 
0.354 2 20.00 20.00 2.6 2.8 0.018 0.062 19.0460 19.5981 11.98 560 800 
0.355 2 20.00 20.00 2.0 2.3 0.009 0.062 20.1831 20.4889 11.98 560 770 
0.356 2 20.00 20.00 2.0 2.3 0.011 0.033 20.1831 20.4889 11.98 560 760 
0.357 2 20.00 20.00 2.3 2.3 0.011 0.018 19.5981 20.4889 12.09 590 800 
0.358 2 20.00 20.00 2.0 2.3 0.009 0.007 20.1831 20.4889 12.09 560 760 
0.359 2 20.00 20.00 2.3 2.6 0.009 0.007 19.5981 19.8863 12.09 560 790 
0.360 2 20.00 20.00 2.3 2.5 0.009 0.027 19.5981 20.1831 12.09 560 780 
0.361 2 20.00 20.00 2.2 2.5 0.007 0.033 19.8863 20.1831 12.09 570 780 
0.362 2 20.00 20.00 2.0 2.6 0.009 0.047 20.1831 19.8863 12.07 590 800 
0.363 2 20.00 20.00 2.3 2.6 0.009 0.040 19.5981 19.8863 12.07 560 800 
0.364 2 20.00 20.00 2.2 2.5 0.009 0.042 19.8863 20.1831 12.07 560 780 
0.365 2 20.00 20.00 2.3 2.6 0.011 0.033 19.5981 19.8863 12.07 560 800 
0.366 2 20.00 20.00 2.4 2.9 0.009 0.040 19.5981 19.3181 12.07 560 790 
0.367 2 20.00 20.00 2.2 2.6 0.007 0.058 19.8863 19.8863 12.02 590 840 
0.368 2 20.00 20.00 2.2 2.1 0.009 0.058 19.8863 20.8041 12.02 560 780 
0.369 2 20.00 20.00 2.4 3.1 0.011 0.022 19.5981 19.0460 12.02 570 810 
0.370 2 20.00 20.00 2.2 2.8 0.011 0.040 19.8863 19.5981 12.02 560 790 
0.371 2 20.00 20.00 2.2 2.5 0.009 0.065 19.8863 20.1831 12.02 560 780 
0.372 2 20.00 20.00 2.1 2.3 0.009 0.054 20.1831 20.4889 12.07 590 780 
0.373 2 20.00 20.00 1.9 2.6 0.011 0.040 20.4889 19.8863 12.07 560 780 
0.374 2 20.00 20.00 2.0 2.6 0.011 0.040 20.1831 19.8863 12.07 560 780 
0.375 2 20.00 20.00 2.0 2.5 0.013 0.042 20.1831 20.1831 12.07 560 760 
0.376 2 20.00 20.00 2.2 2.3 0.016 0.033 19.8863 20.4889 12.07 560 780 
0.377 2 20.00 20.00 2.4 2.9 0.011 0.033 19.5981 19.3181 12.07 590 810 
0.378 2 20.00 20.00 2.2 2.5 0.009 0.051 19.8863 20.1831 12.07 560 780 
0.379 2 20.00 20.00 2.2 2.3 0.009 0.047 19.8863 20.4889 12.07 560 780 
0.380 2 20.00 20.00 2.4 2.8 0.009 0.016 19.5981 19.5981 12.07 560 800 
0.381 2 20.00 20.00 2.4 2.8 0.011 0.029 19.5981 19.5981 12.07 560 800 
0.382 2 20.00 20.00 2.4 2.3 0.009 0.045 19.5981 20.4889 12.07 590 810 
0.383 2 20.00 20.00 2.2 2.5 0.009 0.031 19.8863 20.1831 12.07 560 780 
0.384 2 20.00 20.00 2.1 2.8 0.011 0.031 20.1831 19.5981 12.07 560 780 
0.385 2 20.00 20.00 2.2 2.1 0.009 0.033 19.8863 20.8041 12.07 560 780 
0.386 2 20.00 20.00 2.4 2.1 0.007 0.018 19.5981 20.8041 12.07 560 780 
0.387 2 20.00 20.00 3.0 2.3 0.007 0.009 18.5242 20.4889 12.09 580 800 
0.388 2 20.00 20.00 2.3 2.3 0.033 0.007 19.8863 20.4889 12.09 560 780 
0.389 2 20.00 20.00 2.4 2.9 0.027 0.009 19.5981 19.3181 12.09 560 800 
0.390 2 20.00 20.00 2.6 2.6 0.016 0.033 19.3181 19.8863 12.09 560 800 
0.391 2 20.00 20.00 2.3 2.4 0.038 0.040 19.8863 20.1831 12.09 560 790 
0.392 2 20.00 20.00 2.6 2.6 0.027 0.029 19.3181 19.8863 12.07 590 820 
0.393 2 20.00 20.00 2.6 2.3 0.025 0.031 19.3181 20.4889 12.07 560 780 
0.394 2 20.00 20.00 2.5 2.3 0.031 0.038 19.5981 20.4889 12.07 560 790 
0.395 2 20.00 20.00 2.3 2.3 0.038 0.022 19.8863 20.4889 12.07 560 780 
0.396 2 20.00 20.00 2.3 2.4 0.013 0.009 19.8863 20.1831 12.07 560 730 
0.397 2 20.00 20.00 2.3 2.4 0.016 0.009 19.8863 20.1831 12.07 590 750 
0.398 2 20.00 20.00 2.5 2.2 0.007 0.013 19.5981 20.4889 12.07 560 730 
0.399 2 20.00 20.00 2.3 2.6 0.011 0.018 19.8863 19.8863 12.07 560 740 
0.400 2 20.00 20.00 2.3 2.1 0.007 0.022 19.8863 20.8041 12.07 560 720 
0.401 4 30.00 30.00 7.9 9.3 0.009 0.007 19.5981 17.5619 12.07 560 740 
0.402 4 30.00 30.00 8.1 8.5 0.335 0.400 19.5981 19.3181 11.45 580 760 
0.403 4 30.00 30.00 7.9 8.7 0.670 0.806 20.1831 19.3181 11.45 560 720 
0.404 4 30.00 30.00 7.8 7.7 0.846 0.828 20.8041 21.4646 11.45 560 700 
0.405 4 30.00 30.00 7.2 7.4 0.940 0.864 22.1684 22.1684 11.45 560 700 
0.406 4 30.00 30.00 6.4 6.7 0.781 0.888 23.7240 23.7240 11.45 560 710 
0.407 4 30.00 30.00 6.1 6.1 0.629 0.842 24.5867 25.0420 11.34 590 730 
0.408 4 30.00 30.00 6.1 5.6 0.625 0.768 24.5867 26.0052 11.34 560 710 
0.409 4 30.00 30.00 6.2 5.7 0.627 0.511 24.5867 26.0052 11.34 560 710 
0.410 4 30.00 30.00 5.5 5.2 0.576 0.498 26.0052 27.0454 11.34 560 700 
0.411 4 30.00 30.00 5.9 5.2 0.467 0.446 25.5145 27.0454 11.34 560 700 
0.412 4 30.00 30.00 5.9 5.3 0.516 0.442 25.5145 27.0454 11.60 590 730 
0.413 4 30.00 30.00 5.5 5.3 0.538 0.337 26.5151 27.0454 11.60 560 700 
0.414 4 30.00 30.00 4.9 4.8 0.507 0.375 27.5973 28.1723 11.60 570 770 
0.415 4 30.00 30.00 5.0 4.8 0.319 0.339 27.5973 28.1723 11.60 560 760 
0.416 4 30.00 30.00 5.9 4.2 0.330 0.350 26.0052 29.3972 11.60 560 760 
0.417 4 30.00 30.00 5.4 4.8 0.391 0.219 27.0454 28.1723 11.79 590 770 
0.418 4 30.00 30.00 5.7 4.2 0.420 0.232 26.5151 29.3972 11.79 560 760 
0.419 4 30.00 30.00 5.2 4.2 0.342 0.188 27.5973 29.3972 11.79 560 760 
0.420 4 30.00 30.00 5.5 3.9 0.373 0.150 27.0454 30.0504 11.79 560 760 
0.421 4 30.00 30.00 5.6 3.5 0.391 0.145 27.0454 30.7334 11.79 560 750 
0.422 4 30.00 30.00 5.0 3.5 0.437 0.089 28.1723 30.7334 11.80 590 790 
0.423 4 30.00 30.00 5.3 3.5 0.312 0.069 27.5973 30.7334 11.80 560 760 
0.424 4 30.00 30.00 5.4 4.2 0.346 0.051 27.5973 29.3972 11.80 560 760 
0.425 4 30.00 30.00 5.7 3.5 0.382 0.094 27.0454 30.7334 11.80 560 760 
0.426 4 30.00 30.00 5.8 4.8 0.413 0.071 27.0454 28.1723 11.80 560 760 
0.427 4 30.00 30.00 5.8 4.5 0.393 0.154 27.0454 28.7717 11.75 590 790 
0.428 4 30.00 30.00 5.6 5.2 0.440 0.203 27.5973 27.5973 11.75 560 760 
0.429 4 30.00 30.00 5.3 5.2 0.449 0.283 28.1723 27.5973 11.75 560 760 
0.430 4 30.00 30.00 5.3 5.0 0.442 0.301 28.1723 28.1723 11.75 560 760 
0.431 4 30.00 30.00 5.3 5.6 0.315 0.368 28.1723 27.0454 11.75 560 760 
0.432 4 30.00 30.00 5.4 5.0 0.346 0.321 28.1723 28.1723 11.75 590 790 
0.433 4 30.00 30.00 5.7 5.4 0.364 0.342 27.5973 27.5973 11.75 560 760 
0.434 4 30.00 30.00 5.1 5.4 0.304 0.348 28.7717 27.5973 11.75 570 760 
0.435 4 30.00 30.00 5.5 5.5 0.337 0.411 28.1723 27.5973 11.75 570 770 
0.436 4 30.00 30.00 5.5 5.5 0.368 0.346 28.1723 27.5973 11.75 560 760 
0.437 4 30.00 30.00 5.2 4.9 0.388 0.386 28.7717 28.7717 11.71 590 780 
0.438 4 30.00 30.00 4.9 4.9 0.321 0.362 29.3972 28.7717 11.71 560 760 
0.439 4 30.00 30.00 4.9 3.9 0.279 0.268 29.3972 30.7334 11.71 560 770 
0.440 4 30.00 30.00 5.5 3.9 0.288 0.190 28.1723 30.7334 11.71 560 760 
0.441 4 30.00 30.00 5.2 3.5 0.333 0.123 28.7717 31.4481 11.71 560 770 
0.442 4 30.00 30.00 5.6 3.0 0.266 0.085 28.1723 32.1969 11.90 590 800 
0.443 4 30.00 30.00 5.3 3.0 0.339 0.038 28.7717 32.1969 11.90 560 760 
0.444 4 30.00 30.00 5.3 3.0 0.353 0.011 28.7717 32.1969 11.90 560 770 
0.445 4 30.00 30.00 4.6 2.9 0.368 0.016 30.0504 32.1969 11.90 560 760 
0.446 4 30.00 30.00 4.6 4.4 0.241 0.004 30.0504 29.3972 11.90 560 760 
0.447 4 30.00 30.00 4.6 3.7 0.234 0.067 30.0504 30.7334 11.87 590 790 
0.448 4 30.00 30.00 4.6 4.4 0.228 0.080 30.0504 29.3972 11.87 560 760 
0.449 4 30.00 30.00 4.6 4.1 0.196 0.121 30.0504 30.0504 11.87 560 760 
0.450 4 30.00 30.00 4.6 4.1 0.212 0.141 30.0504 30.0504 11.87 560 770 
0.451 4 30.00 30.00 4.6 4.1 0.221 0.150 30.0504 30.0504 11.87 570 780 
0.452 4 30.00 30.00 4.6 4.1 0.223 0.145 30.0504 30.0504 11.88 590 790 
0.453 4 30.00 30.00 4.6 5.4 0.179 0.152 30.0504 27.5973 11.88 570 760 
0.454 4 30.00 30.00 4.6 4.8 0.205 0.194 30.0504 28.7717 11.88 560 760 
0.455 4 30.00 30.00 4.6 5.1 0.210 0.275 30.0504 28.1723 11.88 560 760 
0.456 4 30.00 30.00 5.0 5.2 0.221 0.275 29.3972 28.1723 11.88 560 760 
0.457 4 30.00 30.00 4.6 5.5 0.196 0.353 30.0504 27.5973 11.79 590 790 
0.458 4 30.00 30.00 5.0 5.5 0.239 0.319 29.3972 27.5973 11.79 560 770 
0.459 4 30.00 30.00 4.3 4.9 0.254 0.373 30.7334 28.7717 11.79 560 760 
0.460 4 30.00 30.00 4.3 4.6 0.228 0.359 30.7334 29.3972 11.79 560 760 
0.461 4 30.00 30.00 4.3 4.3 0.143 0.259 30.7334 30.0504 11.79 570 770 
0.462 4 30.00 30.00 5.3 5.0 0.156 0.208 28.7717 28.7717 11.88 590 790 
0.463 4 30.00 30.00 4.6 4.7 0.208 0.252 30.0504 29.3972 11.88 560 770 
0.464 4 30.00 30.00 4.6 5.0 0.176 0.248 30.0504 28.7717 11.88 560 760 
0.465 4 30.00 30.00 4.3 4.7 0.194 0.232 30.7334 29.3972 11.88 560 760 
0.466 4 30.00 30.00 4.2 4.3 0.179 0.263 30.7334 30.0504 11.88 560 760 
0.467 4 30.00 30.00 4.2 4.7 0.165 0.230 30.7334 29.3972 11.88 590 790 
0.468 4 30.00 30.00 4.2 5.0 0.118 0.232 30.7334 28.7717 11.88 560 770 
0.469 4 30.00 30.00 3.8 4.4 0.136 0.199 31.4481 30.0504 11.88 560 760 
0.470 4 30.00 30.00 3.8 5.4 0.114 0.208 31.4481 28.1723 11.88 570 760 
0.471 4 30.00 30.00 4.2 5.1 0.092 0.266 30.7334 28.7717 11.88 560 760 
0.472 4 30.00 30.00 4.2 4.4 0.107 0.261 30.7334 30.0504 11.90 590 790 
0.473 4 30.00 30.00 4.1 4.8 0.118 0.263 30.7334 29.3972 11.90 570 770 
0.474 4 30.00 30.00 4.1 4.4 0.121 0.234 30.7334 30.0504 11.90 570 770 
0.475 4 30.00 30.00 4.1 4.0 0.094 0.232 30.7334 30.7334 11.90 560 760 
0.476 4 30.00 30.00 4.1 4.8 0.112 0.150 30.7334 29.3972 11.90 570 770 
0.477 4 30.00 30.00 4.1 4.0 0.112 0.181 30.7334 30.7334 11.91 590 790 
0.478 4 30.00 30.00 3.7 4.4 0.123 0.167 31.4481 30.0504 11.91 570 770 
0.479 4 30.00 30.00 3.7 4.0 0.089 0.172 31.4481 30.7334 11.91 560 760 
0.480 4 30.00 30.00 3.7 6.0 0.078 0.129 31.4481 27.0454 11.91 560 760 
0.481 4 30.00 30.00 4.0 4.4 0.062 0.277 30.7334 30.0504 11.91 560 770 
0.482 4 30.00 30.00 3.6 4.4 0.071 0.279 31.4481 30.0504 11.90 600 790 
0.483 4 30.00 30.00 3.6 4.1 0.071 0.239 31.4481 30.7334 11.90 560 760 
0.484 4 30.00 30.00 4.3 5.1 0.056 0.163 30.0504 28.7717 11.90 560 770 
0.485 4 30.00 30.00 4.0 4.4 0.089 0.208 30.7334 30.0504 11.90 560 770 
0.486 4 30.00 30.00 3.9 4.1 0.087 0.223 30.7334 30.7334 11.90 570 770 
0.487 4 30.00 30.00 3.9 4.1 0.103 0.147 30.7334 30.7334 11.94 590 780 
0.488 4 30.00 30.00 3.9 4.0 0.089 0.158 30.7334 30.7334 11.94 560 760 
0.489 4 30.00 30.00 3.5 4.0 0.105 0.141 31.4481 30.7334 11.94 560 770 
0.490 4 30.00 30.00 3.5 4.0 0.062 0.141 31.4481 30.7334 11.94 560 770 
0.491 4 30.00 30.00 3.5 4.4 0.045 0.109 31.4481 30.0504 11.94 570 770 
0.492 4 30.00 30.00 3.5 5.4 0.033 0.132 31.4481 28.1723 11.93 590 780 
0.493 4 30.00 30.00 3.4 5.1 0.036 0.230 31.4481 28.7717 11.93 560 760 
0.494 4 30.00 30.00 3.4 4.4 0.040 0.237 31.4481 30.0504 11.93 560 770 
0.495 4 30.00 30.00 3.4 4.8 0.020 0.250 31.4481 29.3972 11.93 560 760 
0.496 4 30.00 30.00 3.4 4.4 0.025 0.246 31.4481 30.0504 11.93 560 760 
0.497 4 30.00 30.00 3.3 4.1 0.025 0.228 31.4481 30.7334 11.94 590 790 
0.498 4 30.00 30.00 3.3 4.8 0.013 0.154 31.4481 29.3972 11.94 570 770 
0.499 4 30.00 30.00 3.7 4.4 0.009 0.185 30.7334 30.0504 11.94 560 760 
0.500 4 30.00 30.00 3.3 4.4 0.036 0.201 31.4481 30.0504 11.94 560 760 
0.501 4 30.00 30.00 3.3 4.4 0.040 0.203 31.4481 30.0504 11.94 560 770 
0.502 4 30.00 30.00 3.2 4.8 0.016 0.179 31.4481 29.3972 11.91 590 790 
0.503 4 30.00 30.00 2.8 5.1 0.011 0.203 32.1969 28.7717 11.91 560 710 
0.504 4 30.00 30.00 2.8 4.5 0.011 0.283 32.1969 30.0504 11.91 570 770 
0.505 4 30.00 30.00 3.1 4.1 0.013 0.270 31.4481 30.7334 11.91 560 760 
0.506 4 30.00 30.00 3.5 5.2 0.011 0.170 30.7334 28.7717 11.91 560 770 
0.507 4 30.00 30.00 3.1 4.8 0.009 0.219 31.4481 29.3972 11.91 590 730 
0.508 4 30.00 30.00 2.7 4.5 0.018 0.252 32.1969 30.0504 11.91 560 710 
0.509 4 30.00 30.00 3.1 4.1 0.009 0.192 31.4481 30.7334 11.91 570 770 
0.510 4 30.00 30.00 3.0 4.1 0.011 0.196 31.4481 30.7334 11.91 560 760 
0.511 4 30.00 30.00 3.0 4.1 0.009 0.179 31.4481 30.7334 11.91 570 770 
0.512 4 30.00 30.00 3.0 3.7 0.004 0.154 31.4481 31.4481 11.98 590 730 
0.513 4 30.00 30.00 3.0 4.4 0.009 0.085 31.4481 30.0504 11.98 570 770 
0.514 4 30.00 30.00 3.3 5.1 0.011 0.123 30.7334 28.7717 11.98 570 770 
0.515 4 30.00 30.00 3.3 4.8 0.018 0.192 30.7334 29.3972 11.98 570 770 
0.516 4 30.00 30.00 3.3 4.1 0.018 0.199 30.7334 30.7334 11.98 570 770 
0.517 4 30.00 30.00 3.3 4.4 0.013 0.192 30.7334 30.0504 11.99 590 730 
0.518 4 30.00 30.00 3.3 4.1 0.013 0.176 30.7334 30.7334 11.99 560 710 
0.519 4 30.00 30.00 3.3 3.7 0.016 0.165 30.7334 31.4481 11.99 570 770 
0.520 4 30.00 30.00 3.3 4.4 0.007 0.092 30.7334 30.0504 11.99 560 760 
0.521 4 30.00 30.00 3.2 4.0 0.007 0.136 30.7334 30.7334 11.99 570 770 
0.522 4 30.00 30.00 3.2 4.4 0.022 0.127 30.7334 30.0504 11.90 590 730 
0.523 4 30.00 30.00 3.2 4.0 0.016 0.156 30.7334 30.7334 11.90 560 710 
0.524 4 30.00 30.00 2.8 4.4 0.009 0.129 31.4481 30.0504 11.90 560 710 
0.525 4 30.00 30.00 2.8 4.0 0.007 0.143 31.4481 30.7334 11.90 570 710 
0.526 4 30.00 30.00 2.8 4.4 0.011 0.150 31.4481 30.0504 11.90 560 700 
0.527 4 30.00 30.00 3.5 4.0 0.013 0.176 30.0504 30.7334 11.96 590 730 
0.528 4 30.00 30.00 3.1 5.1 0.009 0.141 30.7334 28.7717 11.96 560 710 
0.529 4 30.00 30.00 3.5 4.4 0.009 0.205 30.0504 30.0504 11.96 560 770 
0.530 4 30.00 30.00 3.1 4.0 0.027 0.210 30.7334 30.7334 11.96 570 780 
0.531 4 30.00 30.00 3.1 4.0 0.011 0.145 30.7334 30.7334 11.96 560 700 
0.532 4 30.00 30.00 3.1 3.6 0.009 0.145 30.7334 31.4481 11.94 590 730 
0.533 4 30.00 30.00 3.1 3.6 0.011 0.092 30.7334 31.4481 11.94 560 710 
0.534 4 30.00 30.00 3.1 4.7 0.009 0.080 30.7334 29.3972 11.94 570 770 
0.535 4 30.00 30.00 3.1 3.9 0.007 0.121 30.7334 30.7334 11.94 570 770 
0.536 4 30.00 30.00 3.1 5.0 0.009 0.127 30.7334 28.7717 11.94 560 710 
0.537 4 30.00 30.00 3.0 4.7 0.009 0.194 30.7334 29.3972 11.98 590 730 
0.538 4 30.00 30.00 3.0 4.0 0.009 0.185 30.7334 30.7334 11.98 560 770 
0.539 4 30.00 30.00 3.0 4.0 0.011 0.183 30.7334 30.7334 11.98 560 760 
0.540 4 30.00 30.00 3.0 3.9 0.009 0.129 30.7334 30.7334 11.98 560 760 
0.541 4 30.00 30.00 3.0 3.5 0.009 0.121 30.7334 31.4481 11.98 560 700 
0.542 4 30.00 30.00 3.0 3.9 0.009 0.065 30.7334 30.7334 12.02 580 730 
0.543 4 30.00 30.00 3.0 3.9 0.007 0.080 30.7334 30.7334 12.02 570 770 
0.544 4 30.00 30.00 3.0 4.3 0.009 0.085 30.7334 30.0504 12.02 560 770 
0.545 4 30.00 30.00 3.0 4.3 0.011 0.132 30.7334 30.0504 12.02 560 700 
0.546 4 30.00 30.00 2.6 4.6 0.007 0.136 31.4481 29.3972 12.02 560 710 
0.547 4 30.00 30.00 2.5 3.9 0.009 0.174 31.4481 30.7334 11.99 590 800 
0.548 4 30.00 30.00 2.5 3.9 0.018 0.154 31.4481 30.7334 11.99 560 760 
0.549 4 30.00 30.00 3.6 3.5 0.020 0.092 29.3972 31.4481 11.99 560 770 
0.550 4 30.00 30.00 3.6 3.5 0.009 0.083 29.3972 31.4481 11.99 570 710 
0.551 4 30.00 30.00 3.3 3.4 0.042 0.047 30.0504 31.4481 11.99 560 710 
0.552 4 30.00 30.00 3.3 3.4 0.036 0.067 30.0504 31.4481 11.94 590 790 
0.553 4 30.00 30.00 3.3 3.8 0.020 0.056 30.0504 30.7334 11.94 560 760 
0.554 4 30.00 30.00 2.9 3.8 0.022 0.069 30.7334 30.7334 11.94 560 760 
0.555 4 30.00 30.00 2.9 3.8 0.009 0.076 30.7334 30.7334 11.94 560 770 
0.556 4 30.00 30.00 2.9 4.8 0.011 0.092 30.7334 28.7717 11.94 570 720 
0.557 4 30.00 30.00 2.9 3.8 0.011 0.145 30.7334 30.7334 11.94 590 790 
0.558 4 30.00 30.00 2.8 4.5 0.011 0.136 30.7334 29.3972 11.94 570 770 
0.559 4 30.00 30.00 2.8 4.1 0.009 0.145 30.7334 30.0504 11.94 560 760 
0.560 4 30.00 30.00 3.6 3.8 0.011 0.145 29.3972 30.7334 11.94 570 780 
0.561 4 30.00 30.00 2.8 3.7 0.009 0.132 30.7334 30.7334 11.94 560 710 
0.562 4 30.00 30.00 2.8 3.7 0.009 0.100 30.7334 30.7334 11.98 590 790 
0.563 4 30.00 30.00 2.8 4.4 0.011 0.098 30.7334 29.3972 11.98 560 760 
0.564 4 30.00 30.00 3.2 3.7 0.020 0.116 30.0504 30.7334 11.98 560 760 
0.565 4 30.00 30.00 2.8 3.7 0.009 0.112 30.7334 30.7334 11.98 560 770 
0.566 4 30.00 30.00 3.2 4.1 0.009 0.094 30.0504 30.0504 11.98 570 720 
0.567 4 30.00 30.00 3.2 3.7 0.007 0.138 30.0504 30.7334 11.98 600 800 
0.568 4 30.00 30.00 2.8 3.7 0.011 0.096 30.7334 30.7334 11.98 560 760 
0.569 4 30.00 30.00 2.8 3.3 0.009 0.074 30.7334 31.4481 11.98 560 760 
0.570 4 30.00 30.00 2.8 3.7 0.013 0.049 30.7334 30.7334 11.98 560 770 
0.571 4 30.00 30.00 3.1 4.0 0.018 0.060 30.0504 30.0504 11.98 570 770 
0.572 4 30.00 30.00 3.8 4.0 0.009 0.085 28.7717 30.0504 11.99 600 800 
0.573 4 30.00 30.00 3.1 4.0 0.042 0.096 30.0504 30.0504 11.99 560 760 
0.574 4 30.00 30.00 3.1 3.6 0.038 0.096 30.0504 30.7334 11.99 560 760 
0.575 4 30.00 30.00 3.1 3.6 0.011 0.103 30.0504 30.7334 11.99 560 770 
0.576 4 30.00 30.00 3.1 3.2 0.016 0.080 30.0504 31.4481 11.99 570 770 
0.577 4 30.00 30.00 3.1 3.2 0.011 0.040 30.0504 31.4481 12.02 590 790 
0.578 4 30.00 30.00 3.1 3.2 0.007 0.020 30.0504 31.4481 12.02 560 760 
0.579 4 30.00 30.00 3.1 2.8 0.009 0.011 30.0504 32.1969 12.02 560 760 
0.580 4 30.00 30.00 3.1 3.9 0.011 0.009 30.0504 30.0504 12.02 560 770 
0.581 4 30.00 30.00 3.1 3.5 0.018 0.036 30.0504 30.7334 12.02 560 760 
0.582 4 30.00 30.00 3.1 3.9 0.007 0.076 30.0504 30.0504 12.07 580 780 
0.583 4 30.00 30.00 3.1 3.5 0.009 0.076 30.0504 30.7334 12.07 570 770 
0.584 4 30.00 30.00 3.1 3.5 0.009 0.062 30.0504 30.7334 12.07 560 760 
0.585 4 30.00 30.00 3.1 3.5 0.004 0.047 30.0504 30.7334 12.07 560 770 
0.586 4 30.00 30.00 3.1 3.1 0.009 0.049 30.0504 31.4481 12.07 560 760 
0.587 4 30.00 30.00 3.1 3.4 0.009 0.020 30.0504 30.7334 12.07 590 790 
0.588 4 30.00 30.00 3.1 3.0 0.016 0.013 30.0504 31.4481 12.07 560 770 
0.589 4 30.00 30.00 3.1 3.4 0.009 0.016 30.0504 30.7334 12.07 560 760 
0.590 4 30.00 30.00 2.8 3.4 0.007 0.020 30.7334 30.7334 12.07 570 770 
0.591 4 30.00 30.00 2.7 3.8 0.011 0.029 30.7334 30.0504 12.07 560 760 
0.592 4 30.00 30.00 2.7 3.4 0.013 0.062 30.7334 30.7334 12.04 590 780 
0.593 4 30.00 30.00 3.4 3.8 0.016 0.056 29.3972 30.0504 12.04 560 770 
0.594 4 30.00 30.00 3.5 3.4 0.009 0.056 29.3972 30.7334 12.04 570 780 
0.595 4 30.00 30.00 3.1 3.4 0.033 0.047 30.0504 30.7334 12.04 570 770 
0.596 4 30.00 30.00 3.1 3.4 0.025 0.056 30.0504 30.7334 12.04 570 770 
0.597 4 30.00 30.00 3.1 3.0 0.009 0.040 30.0504 31.4481 12.07 580 780 
0.598 4 30.00 30.00 3.1 2.9 0.013 0.013 30.0504 31.4481 12.07 560 770 
0.599 4 30.00 30.00 3.1 4.0 0.009 0.009 30.0504 29.3972 12.07 560 770 
0.600 4 30.00 30.00 3.1 3.3 0.007 0.045 30.0504 30.7334 12.07 560 760 
0.601 4 30.00 30.00 3.1 4.4 0.007 0.040 30.0504 28.7717 12.07 560 760 
0.602 4 30.00 30.00 3.1 4.0 0.009 0.071 30.0504 29.3972 12.01 590 780 
0.603 4 30.00 30.00 3.1 3.3 0.016 0.098 30.0504 30.7334 12.01 560 760 
0.604 4 30.00 30.00 3.1 2.9 0.007 0.083 30.0504 31.4481 12.01 560 770 
0.605 4 30.00 30.00 3.1 2.9 0.009 0.018 30.0504 31.4481 12.01 560 760 
0.606 4 30.00 30.00 3.1 2.9 0.009 0.011 30.0504 31.4481 12.01 560 770 
0.607 4 30.00 30.00 3.1 2.9 0.009 0.007 30.0504 31.4481 12.09 590 780 
0.608 4 30.00 30.00 3.5 3.2 0.009 0.016 29.3972 30.7334 12.09 570 780 
0.609 4 30.00 30.00 3.1 3.2 0.018 0.011 30.0504 30.7334 12.09 560 760 
0.610 4 30.00 30.00 3.1 3.6 0.025 0.011 30.0504 30.0504 12.09 560 760 
0.611 4 30.00 30.00 3.1 3.6 0.011 0.038 30.0504 30.0504 12.09 560 770 
0.612 4 30.00 30.00 2.7 3.2 0.009 0.040 30.7334 30.7334 12.07 580 790 
0.613 4 30.00 30.00 2.7 2.8 0.009 0.045 30.7334 31.4481 12.07 570 770 
0.614 4 30.00 30.00 2.7 2.8 0.007 0.011 30.7334 31.4481 12.07 560 760 
0.615 4 30.00 30.00 3.8 3.5 0.018 0.009 28.7717 30.0504 12.07 560 760 
0.616 4 30.00 30.00 3.4 3.1 0.011 0.007 29.3972 30.7334 12.07 560 760 
0.617 4 30.00 30.00 3.8 3.1 0.033 0.016 28.7717 30.7334 12.01 590 790 
0.618 4 30.00 30.00 3.5 3.5 0.062 0.020 29.3972 30.0504 12.01 580 780 
0.619 4 30.00 30.00 3.5 3.1 0.056 0.038 29.3972 30.7334 12.01 560 770 
0.620 4 30.00 30.00 3.1 3.1 0.054 0.016 30.0504 30.7334 12.01 570 760 
0.621 4 30.00 30.00 3.1 4.2 0.022 0.022 30.0504 28.7717 12.01 560 760 
0.622 4 30.00 30.00 3.1 3.5 0.011 0.067 30.0504 30.0504 12.02 580 780 
0.623 4 30.00 30.00 3.1 4.5 0.007 0.067 30.0504 28.1723 12.02 560 770 
0.624 4 30.00 30.00 3.1 3.9 0.011 0.109 30.0504 29.3972 12.02 560 770 
0.625 4 30.00 30.00 3.1 3.5 0.018 0.109 30.0504 30.0504 12.02 560 770 
0.626 4 30.00 30.00 3.1 3.1 0.009 0.105 30.0504 30.7334 12.02 560 760 
0.627 4 30.00 30.00 3.1 3.1 0.007 0.049 30.0504 30.7334 12.06 590 780 
0.628 4 30.00 30.00 3.1 3.1 0.007 0.025 30.0504 30.7334 12.06 560 760 
0.629 4 30.00 30.00 3.1 3.5 0.009 0.020 30.0504 30.0504 12.06 570 770 
0.630 4 30.00 30.00 3.1 3.5 0.011 0.022 30.0504 30.0504 12.06 560 760 
0.631 4 30.00 30.00 3.1 3.5 0.007 0.031 30.0504 30.0504 12.06 570 770 
0.632 4 30.00 30.00 3.1 3.5 0.016 0.060 30.0504 30.0504 11.99 590 790 
0.633 4 30.00 30.00 3.1 3.8 0.011 0.047 30.0504 29.3972 11.99 560 760 
0.634 4 30.00 30.00 2.8 3.1 0.009 0.065 30.7334 30.7334 11.99 560 770 
0.635 4 30.00 30.00 2.7 3.1 0.009 0.054 30.7334 30.7334 11.99 570 770 
0.636 4 30.00 30.00 3.1 3.1 0.009 0.016 30.0504 30.7334 11.99 560 770 
0.637 4 30.00 30.00 3.5 3.1 0.011 0.011 29.3972 30.7334 11.99 590 790 
0.638 4 30.00 30.00 3.1 3.1 0.007 0.007 30.0504 30.7334 11.99 560 760 
0.639 4 30.00 30.00 3.5 3.1 0.013 0.007 29.3972 30.7334 11.99 570 770 
0.640 4 30.00 30.00 3.1 3.0 0.036 0.020 30.0504 30.7334 11.99 560 760 
0.641 4 30.00 30.00 3.1 3.0 0.018 0.009 30.0504 30.7334 11.99 560 760 
0.642 4 30.00 30.00 3.1 3.0 0.013 0.009 30.0504 30.7334 12.07 590 790 
0.643 4 30.00 30.00 3.5 4.1 0.011 0.004 29.3972 28.7717 12.07 560 770 
0.644 4 30.00 30.00 3.1 3.4 0.025 0.051 30.0504 30.0504 12.07 560 770 
0.645 4 30.00 30.00 3.1 4.1 0.013 0.047 30.0504 28.7717 12.07 570 760 
0.646 4 30.00 30.00 3.5 3.8 0.013 0.078 29.3972 29.3972 12.07 570 760 
0.647 4 30.00 30.00 3.5 3.1 0.038 0.094 29.3972 30.7334 11.98 590 780 
0.648 4 30.00 30.00 3.5 3.1 0.045 0.069 29.3972 30.7334 11.98 560 770 
0.649 4 30.00 30.00 3.5 3.0 0.047 0.018 29.3972 30.7334 11.98 560 770 
0.650 4 30.00 30.00 3.5 4.1 0.047 0.013 29.3972 28.7717 11.98 560 770 
0.651 4 30.00 30.00 3.5 3.4 0.054 0.078 29.3972 30.0504 11.98 570 770 
0.652 4 30.00 30.00 3.5 3.4 0.051 0.069 29.3972 30.0504 12.02 590 780 
0.653 4 30.00 30.00 3.6 3.8 0.047 0.042 29.3972 29.3972 12.02 560 760 
0.654 4 30.00 30.00 3.2 3.4 0.045 0.067 30.0504 30.0504 12.02 560 760 
0.655 4 30.00 30.00 3.2 3.8 0.045 0.065 30.0504 29.3972 12.02 560 770 
0.656 4 30.00 30.00 3.2 3.1 0.022 0.065 30.0504 30.7334 12.02 560 770 
0.657 4 30.00 30.00 2.8 3.1 0.013 0.029 30.7334 30.7334 11.94 590 790 
0.658 4 30.00 30.00 2.8 3.0 0.011 0.018 30.7334 30.7334 11.94 560 760 
0.659 4 30.00 30.00 4.2 3.8 0.009 0.011 28.1723 29.3972 11.94 560 760 
0.660 4 30.00 30.00 3.6 3.4 0.040 0.033 29.3972 30.0504 11.94 560 760 
0.661 4 30.00 30.00 4.2 3.0 0.065 0.056 28.1723 30.7334 11.94 560 760 
0.662 4 30.00 30.00 3.6 3.4 0.103 0.040 29.3972 30.0504 11.94 590 790 
0.663 4 30.00 30.00 3.6 3.0 0.100 0.033 29.3972 30.7334 11.94 560 760 
0.664 4 30.00 30.00 3.6 3.0 0.076 0.011 29.3972 30.7334 11.94 570 770 
0.665 4 30.00 30.00 3.3 4.1 0.060 0.009 30.0504 28.7717 11.94 560 760 
0.666 4 30.00 30.00 3.3 3.4 0.047 0.058 30.0504 30.0504 11.94 560 760 
0.667 4 30.00 30.00 3.3 4.1 0.029 0.058 30.0504 28.7717 11.99 590 790 
0.668 4 30.00 30.00 3.3 3.8 0.016 0.080 30.0504 29.3972 11.99 570 770 
0.669 4 30.00 30.00 3.3 3.4 0.027 0.087 30.0504 30.0504 11.99 560 760 
0.670 4 30.00 30.00 3.3 3.4 0.029 0.083 30.0504 30.0504 11.99 560 770 
0.671 4 30.00 30.00 3.3 3.4 0.016 0.056 30.0504 30.0504 11.99 560 760 
0.672 4 30.00 30.00 3.3 3.8 0.020 0.045 30.0504 29.3972 12.06 590 780 
0.673 4 30.00 30.00 3.3 3.4 0.022 0.069 30.0504 30.0504 12.06 570 770 
0.674 4 30.00 30.00 3.3 3.4 0.018 0.054 30.0504 30.0504 12.06 560 760 
0.675 4 30.00 30.00 4.0 3.4 0.013 0.040 28.7717 30.0504 12.06 560 760 
0.676 4 30.00 30.00 3.6 3.4 0.049 0.047 29.3972 30.0504 12.06 560 770 
0.677 4 30.00 30.00 3.7 4.1 0.083 0.038 29.3972 28.7717 11.99 590 790 
0.678 4 30.00 30.00 3.7 3.4 0.078 0.087 29.3972 30.0504 11.99 570 770 
0.679 4 30.00 30.00 3.3 3.1 0.069 0.069 30.0504 30.7334 11.99 570 760 
0.680 4 30.00 30.00 2.9 3.1 0.045 0.025 30.7334 30.7334 11.99 560 760 
0.681 4 30.00 30.00 2.9 3.0 0.018 0.011 30.7334 30.7334 11.99 570 760 
0.682 4 30.00 30.00 4.0 3.0 0.009 0.007 28.7717 30.7334 12.07 590 790 
0.683 4 30.00 30.00 3.7 3.4 0.029 0.007 29.3972 30.0504 12.07 560 770 
0.684 4 30.00 30.00 3.3 3.4 0.060 0.027 30.0504 30.0504 12.07 560 770 
0.685 4 30.00 30.00 3.3 3.0 0.051 0.036 30.0504 30.7334 12.07 560 760 
0.686 4 30.00 30.00 3.3 3.0 0.029 0.009 30.0504 30.7334 12.07 560 760 
0.687 4 30.00 30.00 3.3 4.1 0.036 0.007 30.0504 28.7717 12.06 590 780 
0.688 4 30.00 30.00 3.3 3.0 0.025 0.038 30.0504 30.7334 12.06 560 770 
0.689 4 30.00 30.00 3.3 4.1 0.025 0.033 30.0504 28.7717 12.06 560 760 
0.690 4 30.00 30.00 3.3 3.8 0.018 0.054 30.0504 29.3972 12.06 560 770 
0.691 4 30.00 30.00 3.3 3.0 0.018 0.089 30.0504 30.7334 12.06 560 760 
0.692 4 30.00 30.00 3.3 3.0 0.038 0.054 30.0504 30.7334 12.06 590 780 
0.693 4 30.00 30.00 3.3 3.0 0.025 0.011 30.0504 30.7334 12.06 560 760 
0.694 4 30.00 30.00 3.3 4.1 0.018 0.007 30.0504 28.7717 12.06 570 770 
0.695 4 30.00 30.00 3.3 3.4 0.018 0.058 30.0504 30.0504 12.06 570 770 
0.696 4 30.00 30.00 3.3 3.4 0.020 0.062 30.0504 30.0504 12.06 570 770 
0.697 4 30.00 30.00 3.3 3.4 0.009 0.033 30.0504 30.0504 12.06 590 780 
0.698 4 30.00 30.00 3.3 3.4 0.018 0.049 30.0504 30.0504 12.06 560 760 
0.699 4 30.00 30.00 3.3 3.7 0.033 0.038 30.0504 29.3972 12.06 560 770 
0.700 4 30.00 30.00 3.3 3.0 0.029 0.045 30.0504 30.7334 12.06 570 770 
0.701 4 30.00 30.00 3.3 3.0 0.020 0.027 30.0504 30.7334 12.06 560 770 
0.702 4 30.00 30.00 3.3 3.0 0.020 0.011 30.0504 30.7334 12.07 580 780 
0.703 4 30.00 30.00 3.3 3.7 0.027 0.007 30.0504 29.3972 12.07 560 760 
0.704 4 30.00 30.00 4.0 3.7 0.018 0.025 28.7717 29.3972 12.07 560 760 
0.705 4 30.00 30.00 3.7 3.4 0.047 0.056 29.3972 30.0504 12.07 560 770 
0.706 4 30.00 30.00 3.7 3.4 0.056 0.060 29.3972 30.0504 12.07 560 760 
0.707 4 30.00 30.00 3.7 3.0 0.074 0.049 29.3972 30.7334 11.98 590 790 
0.708 4 30.00 30.00 3.4 3.0 0.067 0.016 30.0504 30.7334 11.98 560 760 
0.709 4 30.00 30.00 3.0 4.1 0.058 0.016 30.7334 28.7717 11.98 560 760 
0.710 4 30.00 30.00 3.0 3.0 0.013 0.051 30.7334 30.7334 11.98 570 770 
0.711 4 30.00 30.00 3.0 4.1 0.009 0.031 30.7334 28.7717 11.98 560 760 
0.712 4 30.00 30.00 2.9 3.7 0.011 0.060 30.7334 29.3972 12.01 580 790 
0.713 4 30.00 30.00 2.9 3.4 0.009 0.087 30.7334 30.0504 12.01 570 770 
0.714 4 30.00 30.00 2.9 3.0 0.009 0.080 30.7334 30.7334 12.01 560 760 
0.715 4 30.00 30.00 2.9 3.0 0.011 0.025 30.7334 30.7334 12.01 560 770 
0.716 4 30.00 30.00 2.9 3.7 0.011 0.013 30.7334 29.3972 12.01 560 760 
0.717 4 30.00 30.00 2.9 3.4 0.009 0.042 30.7334 30.0504 12.04 580 780 
0.718 4 30.00 30.00 2.9 3.4 0.009 0.045 30.7334 30.0504 12.04 570 770 
0.719 4 30.00 30.00 3.2 3.4 0.013 0.027 30.0504 30.0504 12.04 560 760 
0.720 4 30.00 30.00 3.2 3.4 0.009 0.051 30.0504 30.0504 12.04 560 760 
0.721 4 30.00 30.00 3.2 3.7 0.022 0.038 30.0504 29.3972 12.04 560 770 
0.722 4 30.00 30.00 3.2 3.4 0.022 0.083 30.0504 30.0504 11.99 590 790 
0.723 4 30.00 30.00 2.9 3.0 0.011 0.047 30.7334 30.7334 11.99 560 760 
0.724 4 30.00 30.00 2.9 3.0 0.007 0.016 30.7334 30.7334 11.99 570 770 
0.725 4 30.00 30.00 2.8 3.7 0.009 0.011 30.7334 29.3972 11.99 560 760 
0.726 4 30.00 30.00 3.9 4.1 0.011 0.025 28.7717 28.7717 11.99 560 770 
0.727 4 30.00 30.00 3.6 3.4 0.018 0.078 29.3972 30.0504 11.91 590 780 
0.728 4 30.00 30.00 3.6 3.4 0.042 0.087 29.3972 30.0504 11.91 560 760 
0.729 4 30.00 30.00 3.2 3.0 0.067 0.062 30.0504 30.7334 11.91 560 760 
0.730 4 30.00 30.00 3.2 3.0 0.038 0.029 30.0504 30.7334 11.91 560 760 
0.731 4 30.00 30.00 2.9 4.1 0.031 0.036 30.7334 28.7717 11.91 570 780 
0.732 4 30.00 30.00 3.2 3.0 0.007 0.060 30.0504 30.7334 11.99 590 800 
0.733 4 30.00 30.00 3.2 4.1 0.004 0.029 30.0504 28.7717 11.99 560 760 
0.734 4 30.00 30.00 3.2 3.8 0.007 0.060 30.0504 29.3972 11.99 560 760 
0.735 4 30.00 30.00 3.2 3.4 0.011 0.092 30.0504 30.0504 11.99 560 760 
0.736 4 30.00 30.00 3.2 3.4 0.029 0.085 30.0504 30.0504 11.99 560 760 
0.737 4 30.00 30.00 3.2 3.8 0.018 0.049 30.0504 29.3972 11.94 590 790 
0.738 4 30.00 30.00 3.2 4.1 0.009 0.067 30.0504 28.7717 11.94 580 770 
0.739 4 30.00 30.00 3.2 3.4 0.007 0.096 30.0504 30.0504 11.94 570 770 
0.740 4 30.00 30.00 3.2 3.4 0.018 0.080 30.0504 30.0504 11.94 560 760 
0.741 4 30.00 30.00 3.2 3.4 0.007 0.045 30.0504 30.0504 11.94 560 770 
0.742 4 30.00 30.00 2.8 3.4 0.009 0.065 30.7334 30.0504 12.04 590 790 
0.743 4 30.00 30.00 3.2 3.4 0.009 0.042 30.0504 30.0504 12.04 560 770 
0.744 4 30.00 30.00 3.2 3.1 0.007 0.042 30.0504 30.7334 12.04 560 760 
0.745 4 30.00 30.00 2.8 3.0 0.007 0.020 30.7334 30.7334 12.04 560 760 
0.746 4 30.00 30.00 2.8 3.0 0.004 0.011 30.7334 30.7334 12.04 560 770 
0.747 4 30.00 30.00 2.8 3.8 0.011 0.009 30.7334 29.3972 12.07 590 790 
0.748 4 30.00 30.00 3.5 4.1 0.009 0.027 29.3972 28.7717 12.07 570 770 
0.749 4 30.00 30.00 3.2 3.4 0.009 0.078 30.0504 30.0504 12.07 570 760 
0.750 4 30.00 30.00 3.5 3.4 0.011 0.092 29.3972 30.0504 12.07 560 760 
0.751 4 30.00 30.00 3.2 3.0 0.036 0.065 30.0504 30.7334 12.07 560 760 
0.752 4 30.00 30.00 3.2 3.0 0.025 0.027 30.0504 30.7334 12.07 590 790 
0.753 4 30.00 30.00 3.2 4.1 0.016 0.018 30.0504 28.7717 12.07 560 770 
0.754 4 30.00 30.00 3.2 3.4 0.011 0.049 30.0504 30.0504 12.07 570 770 
0.755 4 30.00 30.00 3.2 4.1 0.011 0.058 30.0504 28.7717 12.07 560 760 
0.756 4 30.00 30.00 3.2 3.8 0.009 0.083 30.0504 29.3972 12.07 560 760 
0.757 4 30.00 30.00 3.2 3.4 0.011 0.098 30.0504 30.0504 12.02 590 780 
0.758 4 30.00 30.00 3.2 3.4 0.018 0.089 30.0504 30.0504 12.02 560 760 
0.759 4 30.00 30.00 3.2 3.4 0.011 0.051 30.0504 30.0504 12.02 560 770 
0.760 4 30.00 30.00 3.2 4.1 0.007 0.054 30.0504 28.7717 12.02 580 770 
0.761 4 30.00 30.00 3.2 3.5 0.009 0.087 30.0504 30.0504 12.02 560 760 
0.762 4 30.00 30.00 3.2 3.5 0.009 0.074 30.0504 30.0504 11.99 590 790 
0.763 4 30.00 30.00 3.2 3.5 0.009 0.045 30.0504 30.0504 11.99 560 770 
0.764 4 30.00 30.00 3.2 3.5 0.007 0.060 30.0504 30.0504 11.99 570 770 
0.765 4 30.00 30.00 3.9 3.1 0.018 0.049 28.7717 30.7334 11.99 570 770 
0.766 4 30.00 30.00 2.8 2.7 0.056 0.027 30.7334 31.4481 11.99 560 760 
0.767 4 30.00 30.00 2.4 3.1 0.018 0.011 31.4481 30.7334 12.07 590 790 
0.768 4 30.00 30.00 2.4 3.0 0.013 0.004 31.4481 30.7334 12.07 560 770 
0.769 4 30.00 30.00 2.4 3.8 0.018 0.007 31.4481 29.3972 12.07 560 770 
0.770 4 30.00 30.00 3.8 3.8 0.022 0.022 28.7717 29.3972 12.07 580 780 
0.771 4 30.00 30.00 3.1 3.4 0.011 0.067 30.0504 30.0504 12.07 560 760 
0.772 4 30.00 30.00 3.5 3.4 0.011 0.094 29.3972 30.0504 12.01 590 790 
0.773 4 30.00 30.00 3.1 3.4 0.036 0.060 30.0504 30.0504 12.01 560 760 
0.774 4 30.00 30.00 3.1 3.4 0.022 0.047 30.0504 30.0504 12.01 560 760 
0.775 4 30.00 30.00 3.1 4.4 0.011 0.058 30.0504 28.1723 12.01 560 770 
0.776 4 30.00 30.00 3.1 3.4 0.011 0.094 30.0504 30.0504 12.01 570 770 
0.777 4 30.00 30.00 3.1 4.1 0.007 0.080 30.0504 28.7717 11.99 600 800 
0.778 4 30.00 30.00 3.1 3.8 0.011 0.096 30.0504 29.3972 11.99 560 760 
0.779 4 30.00 30.00 3.1 3.5 0.009 0.107 30.0504 30.0504 11.99 560 760 
0.780 4 30.00 30.00 3.1 3.5 0.018 0.096 30.0504 30.0504 11.99 560 760 
0.781 4 30.00 30.00 3.1 3.5 0.011 0.051 30.0504 30.0504 11.99 560 770 
0.782 4 30.00 30.00 3.1 4.2 0.004 0.056 30.0504 28.7717 11.98 590 790 
0.783 4 30.00 30.00 3.1 3.8 0.009 0.100 30.0504 29.3972 11.98 570 770 
0.784 4 30.00 30.00 3.1 3.5 0.009 0.098 30.0504 30.0504 11.98 560 760 
0.785 4 30.00 30.00 3.1 3.5 0.009 0.069 30.0504 30.0504 11.98 560 760 
0.786 4 30.00 30.00 3.1 3.5 0.009 0.080 30.0504 30.0504 11.98 560 760 
0.787 4 30.00 30.00 2.8 3.5 0.013 0.058 30.7334 30.0504 11.99 590 800 
0.788 4 30.00 30.00 2.7 3.1 0.009 0.051 30.7334 30.7334 11.99 560 760 
0.789 4 30.00 30.00 2.7 3.1 0.011 0.029 30.7334 30.7334 11.99 560 760 
0.790 4 30.00 30.00 2.7 3.1 0.013 0.011 30.7334 30.7334 11.99 560 760 
0.791 4 30.00 30.00 2.7 3.8 0.013 0.016 30.7334 29.3972 11.99 560 770 
0.792 4 30.00 30.00 3.8 4.5 0.016 0.040 28.7717 28.1723 12.02 590 790 
0.793 4 30.00 30.00 3.1 3.5 0.011 0.114 30.0504 30.0504 12.02 560 760 
0.794 4 30.00 30.00 3.4 3.5 0.013 0.116 29.3972 30.0504 12.02 560 770 
0.795 4 30.00 30.00 3.1 3.5 0.036 0.083 30.0504 30.0504 12.02 560 760 
0.796 4 30.00 30.00 3.1 3.5 0.016 0.060 30.0504 30.0504 12.02 560 760 
0.797 4 30.00 30.00 3.1 4.2 0.009 0.071 30.0504 28.7717 12.02 590 780 
0.798 4 30.00 30.00 2.7 3.1 0.009 0.078 30.7334 30.7334 12.02 570 770 
0.799 4 30.00 30.00 3.1 4.2 0.013 0.058 30.0504 28.7717 12.02 560 760 
0.800 4 30.00 30.00 3.1 3.9 0.007 0.080 30.0504 29.3972 12.02 560 770 
0.801 4 30.00 30.00 3.1 3.5 0.007 0.109 30.0504 30.0504 12.02 570 760 
0.802 4 30.00 30.00 3.1 3.2 0.013 0.098 30.0504 30.7334 11.99 590 780 
0.803 4 30.00 30.00 3.1 3.2 0.007 0.049 30.0504 30.7334 11.99 560 760 
0.804 4 30.00 30.00 3.1 4.2 0.009 0.033 30.0504 28.7717 11.99 570 770 
0.807 4 30.00 30.00 3.1 3.5 0.011 0.078 30.0504 30.0504 11.99 560 760 
0.808 4 30.00 30.00 3.4 3.2 0.011 0.060 29.3972 30.7334 11.99 560 770 
0.809 4 30.00 30.00 3.1 3.1 0.011 0.038 30.0504 30.7334 12.06 600 790 
0.809 4 30.00 30.00 3.1 3.1 0.018 0.027 30.0504 30.7334 12.06 560 770 
0.810 4 30.00 30.00 3.1 2.7 0.018 0.011 30.0504 31.4481 12.06 560 760 
0.811 4 30.00 30.00 3.1 3.1 0.009 0.009 30.0504 30.7334 12.06 560 760 
0.812 4 30.00 30.00 2.7 3.1 0.009 0.020 30.7334 30.7334 12.06 580 780 
0.813 4 30.00 30.00 2.7 3.8 0.011 0.007 30.7334 29.3972 12.02 590 780 
0.814 4 30.00 30.00 3.8 3.5 0.016 0.025 28.7717 30.0504 12.02 560 760 
0.815 4 30.00 30.00 3.1 3.5 0.009 0.058 30.0504 30.0504 12.02 570 770 
0.816 4 30.00 30.00 3.4 3.5 0.011 0.054 29.3972 30.0504 12.02 570 770 
0.817 4 30.00 30.00 3.1 3.5 0.033 0.058 30.0504 30.0504 12.02 560 760 
0.818 4 30.00 30.00 3.1 3.5 0.016 0.042 30.0504 30.0504 12.06 590 790 
0.819 4 30.00 30.00 3.1 4.5 0.007 0.062 30.0504 28.1723 12.06 560 760 
0.820 4 30.00 30.00 3.1 3.8 0.011 0.100 30.0504 29.3972 12.06 560 770 
0.821 4 30.00 30.00 3.1 4.5 0.009 0.107 30.0504 28.1723 12.06 570 760 
0.822 4 30.00 30.00 3.1 3.9 0.009 0.132 30.0504 29.3972 12.06 560 760 
0.823 4 30.00 30.00 3.1 3.5 0.009 0.125 30.0504 30.0504 12.02 580 780 
0.824 4 30.00 30.00 3.1 3.5 0.013 0.107 30.0504 30.0504 12.02 560 760 
0.825 4 30.00 30.00 3.1 3.5 0.007 0.071 30.0504 30.0504 12.02 570 770 
0.826 4 30.00 30.00 3.1 4.2 0.009 0.062 30.0504 28.7717 12.02 560 760 
0.827 4 30.00 30.00 3.1 3.5 0.007 0.094 30.0504 30.0504 12.02 570 770 
0.828 4 30.00 30.00 3.1 3.5 0.011 0.080 30.0504 30.0504 12.04 590 790 
0.829 4 30.00 30.00 3.1 3.5 0.007 0.062 30.0504 30.0504 12.04 560 760 
0.830 4 30.00 30.00 3.4 3.5 0.009 0.074 29.3972 30.0504 12.04 560 770 
0.831 4 30.00 30.00 3.1 3.9 0.016 0.062 30.0504 29.3972 12.04 560 770 
0.832 4 30.00 30.00 3.1 3.2 0.029 0.087 30.0504 30.7334 12.04 570 770 
0.833 4 30.00 30.00 3.1 3.2 0.009 0.049 30.0504 30.7334 12.07 590 780 
0.834 4 30.00 30.00 2.7 3.2 0.007 0.022 30.7334 30.7334 12.07 560 760 
0.835 4 30.00 30.00 2.7 3.9 0.009 0.013 30.7334 29.3972 12.07 560 770 
0.836 4 30.00 30.00 2.7 3.5 0.011 0.042 30.7334 30.0504 12.07 560 770 
0.837 4 30.00 30.00 3.8 3.5 0.018 0.065 28.7717 30.0504 12.07 560 770 
0.838 4 30.00 30.00 3.4 3.2 0.016 0.069 29.3972 30.7334 12.01 590 780 
0.839 4 30.00 30.00 3.1 3.1 0.042 0.051 30.0504 30.7334 12.01 560 760 
0.840 4 30.00 30.00 3.1 3.1 0.029 0.022 30.0504 30.7334 12.01 560 760 
0.841 4 30.00 30.00 3.1 4.2 0.009 0.022 30.0504 28.7717 12.01 560 760 
0.842 4 30.00 30.00 3.1 3.5 0.013 0.062 30.0504 30.0504 12.01 560 770 
0.843 4 30.00 30.00 3.1 4.2 0.009 0.069 30.0504 28.7717 12.01 590 790 
0.844 4 30.00 30.00 3.1 3.9 0.011 0.089 30.0504 29.3972 12.01 560 760 
0.845 4 30.00 30.00 3.1 3.2 0.007 0.103 30.0504 30.7334 12.01 570 780 
0.846 4 30.00 30.00 3.1 3.2 0.009 0.078 30.0504 30.7334 12.01 560 760 
0.847 4 30.00 30.00 3.1 3.1 0.018 0.027 30.0504 30.7334 12.01 570 770 
0.848 4 30.00 30.00 3.1 3.9 0.007 0.029 30.0504 29.3972 12.01 590 800 
0.849 4 30.00 30.00 3.1 3.5 0.007 0.056 30.0504 30.0504 12.01 560 760 
0.850 4 30.00 30.00 3.1 3.5 0.009 0.058 30.0504 30.0504 12.01 560 760 
0.851 4 30.00 30.00 3.1 3.1 0.009 0.040 30.0504 30.7334 12.01 560 770 
0.852 4 30.00 30.00 3.4 3.5 0.007 0.040 29.3972 30.0504 12.01 580 780 
0.853 4 30.00 30.00 3.1 3.1 0.022 0.040 30.0504 30.7334 11.99 590 790 
0.854 4 30.00 30.00 3.1 2.7 0.027 0.022 30.0504 31.4481 11.99 570 770 
0.855 4 30.00 30.00 3.1 2.7 0.016 0.009 30.0504 31.4481 11.99 560 760 
0.856 4 30.00 30.00 2.7 2.7 0.007 0.009 30.7334 31.4481 11.99 560 770 
0.857 4 30.00 30.00 2.7 3.4 0.009 0.009 30.7334 30.0504 11.99 560 760 
0.858 4 30.00 30.00 2.7 3.4 0.009 0.009 30.7334 30.0504 12.09 590 790 
0.859 4 30.00 30.00 3.7 3.4 0.016 0.027 28.7717 30.0504 12.09 560 760 
0.860 4 30.00 30.00 3.4 3.4 0.011 0.047 29.3972 30.0504 12.09 560 760 
0.861 4 30.00 30.00 3.8 3.0 0.029 0.054 28.7717 30.7334 12.09 560 760 
0.862 4 30.00 30.00 3.5 3.0 0.067 0.022 29.3972 30.7334 12.09 560 760 
0.863 4 30.00 30.00 3.5 4.1 0.051 0.018 29.3972 28.7717 12.02 590 790 
0.864 4 30.00 30.00 3.5 3.0 0.049 0.058 29.3972 30.7334 12.02 570 780 
0.865 4 30.00 30.00 3.1 4.1 0.036 0.038 30.0504 28.7717 12.02 570 770 
0.866 4 30.00 30.00 3.1 3.8 0.027 0.060 30.0504 29.3972 12.02 570 780 
0.867 4 30.00 30.00 3.1 3.1 0.011 0.087 30.0504 30.7334 12.02 560 760 
0.868 4 30.00 30.00 3.1 3.0 0.011 0.058 30.0504 30.7334 12.02 590 790 
0.869 4 30.00 30.00 3.1 3.0 0.020 0.031 30.0504 30.7334 12.02 570 770 
0.870 4 30.00 30.00 3.1 3.4 0.013 0.009 30.0504 30.0504 12.02 560 760 
0.871 4 30.00 30.00 3.1 3.0 0.009 0.025 30.0504 30.7334 12.02 560 760 
0.872 4 30.00 30.00 3.1 3.4 0.011 0.011 30.0504 30.0504 12.02 570 770 
0.873 4 30.00 30.00 3.1 3.4 0.011 0.007 30.0504 30.0504 12.02 590 780 
0.874 4 30.00 30.00 3.1 3.0 0.004 0.042 30.0504 30.7334 12.02 570 770 
0.875 4 30.00 30.00 3.5 3.0 0.004 0.022 29.3972 30.7334 12.02 560 760 
0.876 4 30.00 30.00 3.5 3.0 0.029 0.007 29.3972 30.7334 12.02 560 760 
0.877 4 30.00 30.00 3.5 3.0 0.054 0.009 29.3972 30.7334 12.02 560 760 
0.878 4 30.00 30.00 3.5 3.0 0.051 0.007 29.3972 30.7334 12.04 590 790 
0.879 4 30.00 30.00 3.2 3.7 0.051 0.009 30.0504 29.3972 12.04 560 770 
0.880 4 30.00 30.00 3.2 3.7 0.027 0.022 30.0504 29.3972 12.04 580 780 
0.881 4 30.00 30.00 4.5 3.3 0.022 0.058 27.5973 30.0504 12.04 570 770 
0.882 4 30.00 30.00 3.9 3.3 0.080 0.069 28.7717 30.0504 12.04 560 760 
0.883 4 30.00 30.00 4.2 3.0 0.121 0.047 28.1723 30.7334 11.94 590 790 
0.884 4 30.00 30.00 3.6 3.0 0.114 0.016 29.3972 30.7334 11.94 560 760 
0.885 4 30.00 30.00 3.6 4.0 0.109 0.013 29.3972 28.7717 11.94 560 770 
0.886 4 30.00 30.00 3.6 3.0 0.078 0.049 29.3972 30.7334 11.94 560 770 
0.887 4 30.00 30.00 3.3 4.0 0.069 0.029 30.0504 28.7717 11.94 560 760 
0.888 4 30.00 30.00 3.3 3.7 0.047 0.065 30.0504 29.3972 11.98 590 800 
0.889 4 30.00 30.00 3.3 3.4 0.027 0.094 30.0504 30.0504 11.98 560 760 
0.890 4 30.00 30.00 3.3 3.4 0.016 0.074 30.0504 30.0504 11.98 560 760 
0.891 4 30.00 30.00 3.3 3.4 0.027 0.047 30.0504 30.0504 11.98 570 770 
0.892 4 30.00 30.00 3.3 3.4 0.036 0.051 30.0504 30.0504 11.98 560 760 
0.893 4 30.00 30.00 3.3 3.4 0.025 0.042 30.0504 30.0504 11.96 590 790 
0.894 4 30.00 30.00 3.3 3.4 0.022 0.027 30.0504 30.0504 11.96 570 770 
0.895 4 30.00 30.00 3.3 3.4 0.020 0.025 30.0504 30.0504 11.96 560 760 
0.896 4 30.00 30.00 3.3 3.4 0.029 0.042 30.0504 30.0504 11.96 560 770 
0.897 4 30.00 30.00 3.6 3.4 0.013 0.042 29.3972 30.0504 11.96 560 760 
0.898 4 30.00 30.00 3.3 3.0 0.038 0.027 30.0504 30.7334 12.01 590 790 
0.899 4 30.00 30.00 3.3 3.0 0.047 0.011 30.0504 30.7334 12.01 560 770 
0.900 4 30.00 30.00 3.3 3.0 0.036 0.007 30.0504 30.7334 12.01 560 770 
0.901 4 30.00 30.00 3.3 3.7 0.022 0.007 30.0504 29.3972 12.01 560 770 
0.902 4 30.00 30.00 3.3 3.3 0.022 0.016 30.0504 30.0504 12.01 560 760 
0.903 4 30.00 30.00 3.3 3.0 0.027 0.031 30.0504 30.7334 12.07 580 780 
0.904 4 30.00 30.00 4.0 3.3 0.018 0.031 28.7717 30.0504 12.07 560 760 
0.905 4 30.00 30.00 3.6 2.9 0.045 0.020 29.3972 30.7334 12.07 560 760 
0.906 4 30.00 30.00 3.6 2.9 0.054 0.004 29.3972 30.7334 12.07 570 770 
0.907 4 30.00 30.00 3.3 4.0 0.065 0.011 30.0504 28.7717 12.07 560 770 
0.908 4 30.00 30.00 3.3 2.9 0.042 0.049 30.0504 30.7334 12.01 590 790 
0.909 4 30.00 30.00 3.3 4.3 0.031 0.029 30.0504 28.1723 12.01 560 760 
0.910 4 30.00 30.00 3.3 4.0 0.020 0.074 30.0504 28.7717 12.01 560 760 
0.911 4 30.00 30.00 3.3 3.7 0.022 0.123 30.0504 29.3972 12.01 560 760 
0.912 4 30.00 30.00 3.3 3.4 0.018 0.125 30.0504 30.0504 12.01 560 770 
0.913 4 30.00 30.00 3.3 3.7 0.018 0.069 30.0504 29.3972 12.02 590 790 
0.914 4 30.00 30.00 3.3 4.1 0.036 0.094 30.0504 28.7717 12.02 570 770 
0.915 4 30.00 30.00 3.3 3.4 0.022 0.094 30.0504 30.0504 12.02 560 760 
0.916 4 30.00 30.00 3.3 3.4 0.016 0.071 30.0504 30.0504 12.02 560 760 
0.917 4 30.00 30.00 3.3 3.4 0.018 0.036 30.0504 30.0504 12.02 560 760 
0.918 4 30.00 30.00 3.3 3.4 0.025 0.051 30.0504 30.0504 11.98 590 790 
0.919 4 30.00 30.00 3.3 3.0 0.018 0.042 30.0504 30.7334 11.98 560 770 
0.920 4 30.00 30.00 3.3 2.6 0.020 0.013 30.0504 31.4481 11.98 570 780 
0.921 4 30.00 30.00 3.3 3.0 0.036 0.013 30.0504 30.7334 11.98 570 770 
0.922 4 30.00 30.00 3.3 3.0 0.038 0.007 30.0504 30.7334 11.98 560 760 
0.923 4 30.00 30.00 2.9 3.7 0.022 0.009 30.7334 29.3972 12.07 580 790 
0.924 4 30.00 30.00 2.9 3.3 0.011 0.025 30.7334 30.0504 12.07 580 770 
0.925 4 30.00 30.00 2.9 3.0 0.009 0.031 30.7334 30.7334 12.07 560 770 
0.926 4 30.00 30.00 4.3 2.9 0.011 0.029 28.1723 30.7334 12.07 560 760 
0.927 4 30.00 30.00 3.6 2.9 0.036 0.007 29.3972 30.7334 12.07 560 760 
0.928 4 30.00 30.00 4.0 2.9 0.049 0.007 28.7717 30.7334 12.02 590 790 
0.929 4 30.00 30.00 3.7 4.0 0.092 0.009 29.3972 28.7717 12.02 560 760 
0.930 4 30.00 30.00 3.7 2.9 0.083 0.042 29.3972 30.7334 12.02 560 770 
0.931 4 30.00 30.00 3.3 4.0 0.074 0.029 30.0504 28.7717 12.02 560 760 
0.932 4 30.00 30.00 3.0 3.7 0.038 0.049 30.7334 29.3972 12.02 560 770 
0.933 4 30.00 30.00 2.9 3.3 0.016 0.083 30.7334 30.0504 12.04 590 780 
0.934 4 30.00 30.00 2.9 3.3 0.009 0.071 30.7334 30.0504 12.04 560 760 
0.935 4 30.00 30.00 2.9 3.3 0.009 0.045 30.7334 30.0504 12.04 560 760 
0.936 4 30.00 30.00 2.9 4.0 0.007 0.033 30.7334 28.7717 12.04 570 780 
0.937 4 30.00 30.00 2.9 3.3 0.009 0.067 30.7334 30.0504 12.04 560 760 
0.938 4 30.00 30.00 2.9 3.3 0.011 0.065 30.7334 30.0504 12.07 590 790 
0.939 4 30.00 30.00 2.9 3.3 0.007 0.027 30.7334 30.0504 12.07 560 760 
0.940 4 30.00 30.00 2.9 3.3 0.011 0.047 30.7334 30.0504 12.07 560 760 
0.941 4 30.00 30.00 2.9 3.7 0.011 0.038 30.7334 29.3972 12.07 560 770 
0.942 4 30.00 30.00 3.2 3.0 0.013 0.047 30.0504 30.7334 12.07 560 770 
0.943 4 30.00 30.00 4.2 3.0 0.011 0.018 28.1723 30.7334 12.07 590 790 
0.944 4 30.00 30.00 3.2 2.9 0.062 0.004 30.0504 30.7334 12.07 570 760 
0.945 4 30.00 30.00 2.9 2.9 0.054 0.007 30.7334 30.7334 12.07 560 760 
0.946 4 30.00 30.00 2.9 3.3 0.013 0.016 30.7334 30.0504 12.07 570 770 
0.947 4 30.00 30.00 2.8 2.9 0.009 0.013 30.7334 30.7334 12.07 570 780 
0.948 4 30.00 30.00 3.9 2.9 0.011 0.018 28.7717 30.7334 12.07 590 780 
0.949 4 30.00 30.00 3.2 2.9 0.018 0.007 30.0504 30.7334 12.07 560 770 
0.950 4 30.00 30.00 3.6 2.9 0.018 0.009 29.3972 30.7334 12.07 560 760 
0.951 4 30.00 30.00 3.2 3.9 0.042 0.009 30.0504 28.7717 12.07 560 760 
0.952 4 30.00 30.00 3.2 3.3 0.027 0.051 30.0504 30.0504 12.07 570 780 
0.953 4 30.00 30.00 3.2 4.3 0.018 0.036 30.0504 28.1723 11.99 590 790 
0.954 4 30.00 30.00 3.2 4.0 0.013 0.078 30.0504 28.7717 11.99 560 760 
0.955 4 30.00 30.00 3.2 3.7 0.020 0.129 30.0504 29.3972 11.99 570 780 
0.956 4 30.00 30.00 3.2 3.3 0.009 0.129 30.0504 30.0504 11.99 570 770 
0.957 4 30.00 30.00 3.2 3.3 0.018 0.065 30.0504 30.0504 11.99 560 760 
0.958 4 30.00 30.00 3.2 4.7 0.029 0.051 30.0504 27.5973 12.06 590 790 
0.959 4 30.00 30.00 3.2 3.4 0.016 0.105 30.0504 30.0504 12.06 560 760 
0.960 4 30.00 30.00 3.2 3.4 0.009 0.087 30.0504 30.0504 12.06 570 770 
0.961 4 30.00 30.00 3.2 3.4 0.011 0.042 30.0504 30.0504 12.06 560 760 
0.962 4 30.00 30.00 3.2 3.4 0.018 0.051 30.0504 30.0504 12.06 560 760 
0.963 4 30.00 30.00 3.2 3.4 0.009 0.038 30.0504 30.0504 12.07 590 790 
0.964 4 30.00 30.00 3.2 3.0 0.009 0.029 30.0504 30.7334 12.07 560 760 
0.965 4 30.00 30.00 2.9 3.0 0.018 0.009 30.7334 30.7334 12.07 570 760 
0.966 4 30.00 30.00 2.8 3.0 0.009 0.004 30.7334 30.7334 12.07 560 760 
0.967 4 30.00 30.00 2.4 3.7 0.013 0.004 31.4481 29.3972 12.07 560 760 
0.968 4 30.00 30.00 2.4 3.3 0.018 0.018 31.4481 30.0504 12.02 590 790 
0.969 4 30.00 30.00 2.4 3.3 0.018 0.040 31.4481 30.0504 12.02 570 780 
0.970 4 30.00 30.00 3.8 3.3 0.022 0.049 28.7717 30.0504 12.02 560 760 
0.971 4 30.00 30.00 3.2 3.3 0.009 0.060 30.0504 30.0504 12.02 580 780 
0.972 4 30.00 30.00 3.5 3.3 0.013 0.031 29.3972 30.0504 12.02 560 760 
