%  1    time 0.000 sec
%  2    mission (0) state 2
%  3  4 Motor velocity ref left, right: 20.00 20.00
%  5  6 Motor voltage [V] left, right: 12.1 12.1
%  7  8 Motor current left, right [A]: 0.000 0.000
%  9 10 Wheel velocity [r/s] left, right: 0.0000 0.0000
% 11    Battery voltage [V]: 12.06
% 12 13 Get data time [us]: 570 +ctrl 760
0.001 2 20.00 20.00 12.1 12.1 0.623 0.587 0.0000 0.0000 12.06 560 670 
0.002 2 20.00 20.00 9.7 9.7 1.518 1.228 0.0000 0.0000 9.75 590 750 
0.003 2 20.00 20.00 9.7 9.7 1.806 1.513 0.0000 0.0000 9.75 560 730 
0.004 2 20.00 20.00 9.7 9.7 1.719 1.562 0.0000 0.0000 9.75 560 670 
0.005 2 20.00 20.00 9.7 9.7 1.239 1.554 5.3449 6.8993 9.75 560 770 
0.006 2 20.00 20.00 9.7 9.7 1.391 1.522 5.3449 9.9432 9.75 560 830 
0.007 2 20.00 20.00 8.2 8.2 1.451 1.471 8.5048 11.5579 8.24 590 810 
0.008 2 20.00 20.00 8.2 8.2 1.455 1.420 10.4827 12.6380 8.24 560 780 
0.009 2 20.00 20.00 8.2 8.2 1.435 1.411 12.4061 14.5405 8.24 560 790 
0.010 2 20.00 20.00 8.2 8.2 1.440 0.973 13.2575 15.7241 8.24 560 790 
0.011 2 20.00 20.00 8.2 7.0 1.469 1.129 14.2344 16.4911 8.24 560 800 
0.012 2 20.00 20.00 5.3 4.4 1.513 1.109 17.3368 17.7930 8.61 590 810 
0.013 2 20.00 20.00 3.0 3.9 0.795 0.911 18.5242 18.0303 8.61 560 790 
0.014 2 20.00 20.00 -0.8 2.4 -0.623 0.734 20.1831 18.7815 8.61 560 770 
0.015 2 20.00 20.00 -1.0 0.8 -0.022 0.513 20.4889 19.8863 8.61 570 790 
0.016 2 20.00 20.00 -3.6 0.8 -0.013 0.103 21.8108 19.5981 8.61 560 770 
0.017 2 20.00 20.00 -3.6 1.4 -0.136 0.016 21.8108 19.3181 11.98 590 800 
0.018 2 20.00 20.00 -2.3 2.4 -0.118 0.016 21.1292 18.7815 11.98 560 710 
0.019 2 20.00 20.00 0.8 4.4 0.071 0.007 19.8863 17.7930 11.98 560 730 
0.020 2 20.00 20.00 4.4 6.6 0.214 0.136 17.7930 16.6947 11.98 570 730 
0.021 2 20.00 20.00 4.9 6.6 0.022 0.424 17.5619 16.6947 11.98 570 730 
0.022 2 20.00 20.00 4.4 8.6 0.143 0.679 17.7930 15.7241 11.60 580 760 
0.023 2 20.00 20.00 6.6 7.8 0.261 0.752 16.6947 16.0984 11.60 560 800 
0.024 2 20.00 20.00 4.4 7.0 0.344 0.944 17.7930 16.4911 11.60 560 790 
0.025 2 20.00 20.00 2.4 4.9 0.415 0.973 18.7815 17.5619 11.60 560 740 
0.026 2 20.00 20.00 1.4 3.9 0.246 0.790 19.3181 18.0303 11.60 560 800 
0.027 2 20.00 20.00 0.8 2.4 0.049 0.558 19.8863 18.7815 11.87 590 820 
0.028 2 20.00 20.00 -0.8 1.9 0.000 0.310 20.1831 19.0460 11.87 560 780 
0.029 2 20.00 20.00 -1.0 1.9 -0.002 0.074 20.4889 19.0460 11.87 560 780 
0.030 2 20.00 20.00 0.8 3.5 0.000 0.025 19.5981 18.2739 11.87 560 790 
0.031 2 20.00 20.00 0.8 4.4 0.060 0.065 19.5981 17.7930 11.87 560 790 
0.032 2 20.00 20.00 2.4 5.3 0.065 0.210 18.7815 17.3368 11.96 590 820 
0.033 2 20.00 20.00 3.9 7.4 0.022 0.357 18.0303 16.2924 11.96 570 790 
0.034 2 20.00 20.00 4.9 7.8 0.045 0.618 17.5619 16.0984 11.96 570 800 
0.035 2 20.00 20.00 6.6 7.8 0.181 0.728 16.6947 16.0984 11.96 560 790 
0.036 2 20.00 20.00 6.6 8.2 0.397 0.900 16.6947 15.9091 11.96 560 790 
0.037 2 20.00 20.00 6.6 7.4 0.578 1.000 16.6947 16.2924 11.18 590 820 
0.038 2 20.00 20.00 5.8 7.4 0.685 1.036 17.1173 16.2924 11.18 570 790 
0.039 2 20.00 20.00 4.4 4.9 0.705 1.049 17.7930 17.5619 11.18 560 800 
0.040 2 20.00 20.00 1.9 3.5 0.587 0.857 19.0460 18.2739 11.18 560 790 
0.041 2 20.00 20.00 1.4 4.9 0.317 0.583 19.3181 17.5619 11.18 570 800 
0.042 2 20.00 20.00 1.9 1.9 0.033 0.371 19.0460 19.0460 11.87 590 820 
0.043 2 20.00 20.00 2.4 1.9 0.009 0.248 18.7815 19.0460 11.87 560 790 
0.044 2 20.00 20.00 3.0 5.3 0.007 0.087 18.5242 17.3368 11.87 560 790 
0.045 2 20.00 20.00 3.9 6.2 0.047 0.208 18.0303 16.9034 11.87 560 790 
0.046 2 20.00 20.00 5.3 5.8 0.125 0.471 17.3368 17.1173 11.87 560 790 
0.047 2 20.00 20.00 4.9 6.2 0.250 0.455 17.5619 16.9034 11.83 590 810 
0.048 2 20.00 20.00 4.9 6.2 0.326 0.576 17.5619 16.9034 11.83 560 780 
0.049 2 20.00 20.00 5.3 8.2 0.400 0.672 17.3368 15.9091 11.83 570 790 
0.050 2 20.00 20.00 5.3 7.4 0.449 0.824 17.3368 16.2924 11.83 560 790 
0.051 2 20.00 20.00 4.4 6.6 0.484 0.933 17.7930 16.6947 11.83 570 800 
0.052 2 20.00 20.00 1.9 5.8 0.422 0.904 19.0460 17.1173 11.68 600 830 
0.053 2 20.00 20.00 0.8 4.4 0.225 0.826 19.8863 17.7930 11.68 560 800 
0.054 2 20.00 20.00 -0.8 2.4 -0.004 0.467 20.1831 18.7815 11.68 570 780 
0.055 2 20.00 20.00 0.8 0.8 0.000 0.286 19.8863 19.5981 11.68 570 800 
0.056 2 20.00 20.00 3.0 3.0 0.071 0.025 18.5242 18.5242 11.68 560 790 
0.057 2 20.00 20.00 1.9 3.0 0.020 0.013 19.0460 18.5242 12.04 590 820 
0.058 2 20.00 20.00 2.4 4.9 0.011 0.080 18.7815 17.5619 12.04 560 800 
0.059 2 20.00 20.00 4.4 7.0 0.004 0.228 17.7930 16.4911 12.04 560 790 
0.060 2 20.00 20.00 3.5 7.0 0.116 0.440 18.2739 16.4911 12.04 560 790 
0.061 2 20.00 20.00 3.5 8.6 0.176 0.650 18.2739 15.7241 12.04 560 790 
0.062 2 20.00 20.00 4.4 7.0 0.163 0.873 17.7930 16.4911 11.45 590 820 
0.063 2 20.00 20.00 4.9 5.3 0.225 0.967 17.5619 17.3368 11.45 570 790 
0.064 2 20.00 20.00 4.4 5.3 0.333 0.850 17.7930 17.3368 11.45 560 790 
0.065 2 20.00 20.00 3.9 3.5 0.362 0.712 18.0303 18.2739 11.45 560 790 
0.066 2 20.00 20.00 4.9 1.9 0.283 0.395 17.5619 19.0460 11.45 570 790 
0.067 2 20.00 20.00 4.9 3.5 0.359 0.179 17.5619 18.2739 11.82 590 810 
0.068 2 20.00 20.00 5.8 1.9 0.417 0.147 17.1173 19.0460 11.82 560 790 
0.069 2 20.00 20.00 5.8 3.0 0.496 0.078 17.1173 18.5242 11.82 570 800 
0.070 2 20.00 20.00 3.9 4.9 0.560 0.062 18.0303 17.5619 11.82 560 790 
0.071 2 20.00 20.00 3.9 4.4 0.435 0.246 18.0303 17.7930 11.82 560 790 
0.072 2 20.00 20.00 2.4 5.8 0.279 0.299 18.7815 17.1173 11.80 590 820 
0.073 2 20.00 20.00 0.8 6.6 0.188 0.440 19.5981 16.6947 11.80 570 790 
0.074 2 20.00 20.00 0.8 6.2 0.009 0.623 19.5981 16.9034 11.80 570 790 
0.075 2 20.00 20.00 1.4 6.2 0.013 0.696 19.3181 16.9034 11.80 560 790 
0.076 2 20.00 20.00 1.9 4.4 0.018 0.728 19.0460 17.7930 11.80 570 800 
0.077 2 20.00 20.00 3.9 2.4 0.016 0.623 18.0303 18.7815 11.82 590 820 
0.078 2 20.00 20.00 4.4 3.9 0.065 0.382 17.7930 18.0303 11.82 560 790 
0.079 2 20.00 20.00 4.9 -0.8 0.208 -0.196 17.5619 20.1831 11.82 560 780 
0.080 2 20.00 20.00 5.3 -0.8 0.326 0.000 17.3368 20.1831 11.82 570 780 
0.081 2 20.00 20.00 5.8 3.0 0.415 0.000 17.1173 18.5242 11.82 570 790 
0.082 2 20.00 20.00 4.9 4.9 0.507 0.020 17.5619 17.5619 11.79 590 810 
0.083 2 20.00 20.00 3.9 4.9 0.400 0.165 18.0303 17.5619 11.79 560 790 
0.084 2 20.00 20.00 4.4 5.3 0.319 0.279 17.7930 17.3368 11.79 560 800 
0.085 2 20.00 20.00 3.5 7.0 0.333 0.422 18.2739 16.4911 11.79 560 800 
0.086 2 20.00 20.00 3.9 5.3 0.288 0.600 18.0303 17.3368 11.79 570 800 
0.087 2 20.00 20.00 1.9 5.3 0.254 0.645 19.0460 17.3368 11.66 590 810 
0.088 2 20.00 20.00 1.9 3.0 0.121 0.607 19.0460 18.5242 11.66 570 800 
0.089 2 20.00 20.00 1.4 1.4 0.029 0.424 19.3181 19.3181 11.66 560 800 
0.090 2 20.00 20.00 2.4 3.0 0.011 0.107 18.7815 18.5242 11.66 560 790 
0.091 2 20.00 20.00 3.0 0.8 0.007 0.076 18.5242 19.5981 11.66 560 790 
0.092 2 20.00 20.00 5.8 0.8 0.049 0.000 17.1173 19.8863 12.04 590 810 
0.093 2 20.00 20.00 5.3 3.0 0.234 0.011 17.3368 18.5242 12.04 560 790 
0.094 2 20.00 20.00 5.8 5.3 0.395 0.018 17.1173 17.3368 12.04 560 790 
0.095 2 20.00 20.00 7.0 4.9 0.440 0.156 16.4911 17.5619 12.04 560 790 
0.096 2 20.00 20.00 6.6 7.0 0.509 0.357 16.6947 16.4911 12.04 570 800 
0.097 2 20.00 20.00 5.3 6.2 0.656 0.455 17.3368 16.9034 11.44 590 810 
0.098 2 20.00 20.00 5.3 4.9 0.652 0.618 17.3368 17.5619 11.44 560 790 
0.099 2 20.00 20.00 3.9 3.0 0.612 0.603 18.0303 18.5242 11.44 560 800 
0.100 2 20.00 20.00 2.4 1.4 0.500 0.406 18.7815 19.3181 11.44 560 790 
0.101 2 20.00 20.00 1.4 -0.8 0.295 -0.145 19.3181 20.1831 11.44 560 780 
0.102 2 20.00 20.00 1.4 -1.6 0.036 0.000 19.3181 20.8041 12.07 590 800 
0.103 2 20.00 20.00 0.8 0.8 0.016 0.022 19.5981 19.5981 12.07 560 790 
0.104 2 20.00 20.00 1.9 1.4 0.004 0.094 19.0460 19.3181 12.07 570 800 
0.105 2 20.00 20.00 3.0 2.4 0.018 0.025 18.5242 18.7815 12.07 560 790 
0.106 2 20.00 20.00 3.9 4.9 0.009 0.018 18.0303 17.5619 12.07 560 790 
0.107 2 20.00 20.00 5.3 4.9 0.089 0.154 17.3368 17.5619 11.88 590 810 
0.108 2 20.00 20.00 5.8 5.8 0.270 0.295 17.1173 17.1173 11.88 560 800 
0.109 2 20.00 20.00 6.2 6.2 0.446 0.449 16.9034 16.9034 11.88 560 780 
0.110 2 20.00 20.00 6.2 4.9 0.565 0.565 16.9034 17.5619 11.88 570 780 
0.111 2 20.00 20.00 6.2 2.4 0.641 0.549 16.9034 18.7815 11.88 560 790 
0.112 2 20.00 20.00 5.8 1.9 0.683 0.324 17.1173 19.0460 11.64 590 820 
0.113 2 20.00 20.00 3.5 1.4 0.692 0.129 18.2739 19.3181 11.64 570 800 
0.114 2 20.00 20.00 2.4 -0.8 0.357 -0.011 18.7815 20.1831 11.64 560 770 
0.115 2 20.00 20.00 1.9 -1.0 0.208 -0.004 19.0460 20.4889 11.64 560 770 
0.116 2 20.00 20.00 2.4 3.5 0.078 0.000 18.7815 18.2739 11.64 560 790 
0.117 2 20.00 20.00 3.0 3.0 0.038 0.007 18.5242 18.5242 12.02 590 810 
0.118 2 20.00 20.00 3.9 4.4 0.058 0.056 18.0303 17.7930 12.02 560 790 
0.119 2 20.00 20.00 3.5 3.5 0.123 0.150 18.2739 18.2739 12.02 560 790 
0.120 2 20.00 20.00 4.4 3.5 0.152 0.205 17.7930 18.2739 12.02 560 790 
0.121 2 20.00 20.00 5.3 4.9 0.239 0.205 17.3368 17.5619 12.02 560 790 
0.122 2 20.00 20.00 6.6 3.9 0.368 0.279 16.6947 18.0303 11.72 590 810 
0.123 2 20.00 20.00 6.6 3.0 0.542 0.292 16.6947 18.5242 11.72 560 790 
0.124 2 20.00 20.00 4.9 1.4 0.690 0.221 17.5619 19.3181 11.72 560 800 
0.125 2 20.00 20.00 3.0 3.0 0.634 0.065 18.5242 18.5242 11.72 570 790 
0.126 2 20.00 20.00 2.4 1.4 0.288 0.038 18.7815 19.3181 11.72 560 790 
0.127 2 20.00 20.00 3.0 0.8 0.145 0.004 18.5242 19.8863 11.96 590 810 
0.128 2 20.00 20.00 4.9 2.4 0.109 0.013 17.5619 18.7815 11.96 560 790 
0.129 2 20.00 20.00 4.4 3.5 0.212 0.011 17.7930 18.2739 11.96 570 800 
0.130 2 20.00 20.00 3.0 2.4 0.290 0.025 18.5242 18.7815 11.96 560 800 
0.131 2 20.00 20.00 3.9 3.9 0.234 0.058 18.0303 18.0303 11.96 560 790 
0.132 2 20.00 20.00 3.5 4.9 0.158 0.123 18.2739 17.5619 11.88 590 820 
0.133 2 20.00 20.00 2.4 3.0 0.192 0.268 18.7815 18.5242 11.88 560 800 
0.134 2 20.00 20.00 4.4 1.9 0.132 0.259 17.7930 19.0460 11.88 560 790 
0.135 2 20.00 20.00 4.9 3.0 0.188 0.098 17.5619 18.5242 11.88 570 800 
0.136 2 20.00 20.00 5.8 1.4 0.321 0.074 17.1173 19.3181 11.88 560 790 
0.137 2 20.00 20.00 4.9 1.4 0.460 0.013 17.5619 19.3181 11.80 590 810 
0.138 2 20.00 20.00 4.9 3.9 0.371 0.011 17.5619 18.0303 11.80 570 790 
0.139 2 20.00 20.00 4.9 2.4 0.411 0.058 17.5619 18.7815 11.80 560 790 
0.140 2 20.00 20.00 4.4 3.0 0.446 0.083 17.7930 18.5242 11.80 560 790 
0.141 2 20.00 20.00 4.4 3.9 0.426 0.087 17.7930 18.0303 11.80 560 790 
0.142 2 20.00 20.00 3.9 3.0 0.395 0.176 18.0303 18.5242 11.79 590 810 
0.143 2 20.00 20.00 3.5 3.0 0.350 0.158 18.2739 18.5242 11.79 560 790 
0.144 2 20.00 20.00 3.0 3.5 0.196 0.161 18.5242 18.2739 11.79 560 790 
0.145 2 20.00 20.00 3.5 1.9 0.179 0.161 18.2739 19.0460 11.79 570 800 
0.146 2 20.00 20.00 3.0 1.9 0.172 0.085 18.5242 19.0460 11.79 570 790 
0.147 2 20.00 20.00 3.0 1.9 0.152 0.009 18.5242 19.0460 12.04 590 820 
0.148 2 20.00 20.00 3.5 3.5 0.121 0.013 18.2739 18.2739 12.04 570 800 
0.149 2 20.00 20.00 3.0 2.4 0.132 0.056 18.5242 18.7815 12.04 560 790 
0.150 2 20.00 20.00 3.5 0.8 0.092 0.067 18.2739 19.5981 12.04 560 800 
0.151 2 20.00 20.00 3.5 4.4 0.136 0.000 18.2739 17.7930 12.04 570 740 
0.152 2 20.00 20.00 3.9 3.5 0.163 0.054 18.0303 18.2739 11.91 590 810 
0.153 2 20.00 20.00 3.9 3.9 0.196 0.129 18.0303 18.0303 11.91 560 790 
0.154 2 20.00 20.00 4.4 2.4 0.223 0.174 17.7930 18.7815 11.91 560 800 
0.155 2 20.00 20.00 3.0 2.4 0.286 0.132 18.5242 18.7815 11.91 560 790 
0.156 2 20.00 20.00 3.0 2.4 0.156 0.087 18.5242 18.7815 11.91 560 790 
0.157 2 20.00 20.00 3.5 3.0 0.134 0.054 18.2739 18.5242 12.02 590 770 
0.158 2 20.00 20.00 3.5 2.4 0.145 0.067 18.2739 18.7815 12.02 560 800 
0.159 2 20.00 20.00 3.0 1.4 0.165 0.071 18.5242 19.3181 12.02 560 790 
0.160 2 20.00 20.00 1.9 3.5 0.138 0.011 19.0460 18.2739 12.02 570 740 
0.161 2 20.00 20.00 1.9 2.4 0.054 0.074 19.0460 18.7815 12.02 560 800 
0.162 2 20.00 20.00 2.4 1.4 0.009 0.067 18.7815 19.3181 11.94 590 820 
0.163 2 20.00 20.00 3.5 3.5 0.011 0.009 18.2739 18.2739 11.94 560 800 
0.164 2 20.00 20.00 5.3 3.9 0.074 0.025 17.3368 18.0303 11.94 560 800 
0.165 2 20.00 20.00 4.9 2.4 0.234 0.141 17.5619 18.7815 11.94 560 730 
0.166 2 20.00 20.00 3.5 3.9 0.337 0.127 18.2739 18.0303 11.94 570 800 
0.167 2 20.00 20.00 3.9 4.4 0.301 0.121 18.0303 17.7930 11.87 590 820 
0.168 2 20.00 20.00 3.0 3.0 0.190 0.239 18.5242 18.5242 11.87 560 730 
0.169 2 20.00 20.00 0.8 1.4 0.170 0.217 19.5981 19.3181 11.87 560 800 
0.170 2 20.00 20.00 1.9 1.9 0.009 0.056 19.0460 19.0460 11.87 560 790 
0.171 2 20.00 20.00 1.4 0.8 0.016 0.004 19.3181 19.5981 11.87 570 810 
0.172 2 20.00 20.00 1.9 0.8 0.020 0.000 19.0460 19.5981 12.04 590 820 
0.173 2 20.00 20.00 1.4 3.5 0.013 0.016 19.3181 18.2739 12.04 560 730 
0.174 2 20.00 20.00 3.5 2.4 0.016 0.007 18.2739 18.7815 12.04 560 800 
0.175 2 20.00 20.00 3.5 3.0 0.029 0.029 18.2739 18.5242 12.04 560 790 
0.176 2 20.00 20.00 3.9 4.4 0.103 0.060 18.0303 17.7930 12.04 560 730 
0.177 2 20.00 20.00 3.0 3.0 0.161 0.192 18.5242 18.5242 11.85 590 820 
0.178 2 20.00 20.00 2.4 2.4 0.145 0.181 18.7815 18.7815 11.85 560 790 
0.179 2 20.00 20.00 2.4 3.0 0.062 0.127 18.7815 18.5242 11.85 560 740 
0.180 2 20.00 20.00 1.9 2.4 0.049 0.116 19.0460 18.7815 11.85 570 740 
0.181 2 20.00 20.00 1.4 1.9 0.011 0.069 19.3181 19.0460 11.85 560 730 
0.182 2 20.00 20.00 1.4 1.9 0.016 0.020 19.3181 19.0460 11.99 590 820 
0.183 2 20.00 20.00 1.4 3.9 0.018 0.002 19.3181 18.0303 11.99 560 790 
0.184 2 20.00 20.00 1.4 2.4 0.018 0.078 19.3181 18.7815 11.99 560 800 
0.185 2 20.00 20.00 1.9 0.8 0.016 0.087 19.0460 19.5981 11.99 570 800 
0.186 2 20.00 20.00 3.0 3.9 0.013 0.000 18.5242 18.0303 11.99 560 730 
0.187 2 20.00 20.00 3.5 3.0 0.016 0.020 18.2739 18.5242 12.04 590 820 
0.188 2 20.00 20.00 3.5 1.9 0.083 0.083 18.2739 19.0460 12.04 560 790 
0.189 2 20.00 20.00 4.4 1.9 0.125 0.029 17.7930 19.0460 12.04 560 730 
0.190 2 20.00 20.00 2.4 1.4 0.219 0.004 18.7815 19.3181 12.04 570 800 
0.191 2 20.00 20.00 1.9 1.9 0.107 0.020 19.0460 19.0460 12.04 570 790 
0.192 2 20.00 20.00 2.4 3.0 0.040 0.016 18.7815 18.5242 11.94 590 760 
0.193 2 20.00 20.00 1.9 2.4 0.020 0.036 19.0460 18.7815 11.94 560 740 
0.194 2 20.00 20.00 1.4 3.0 0.009 0.038 19.3181 18.5242 11.94 560 730 
0.195 2 20.00 20.00 0.8 4.9 0.016 0.074 19.8863 17.5619 11.94 560 790 
0.196 2 20.00 20.00 0.8 3.9 0.002 0.203 19.8863 18.0303 11.94 560 800 
0.197 2 20.00 20.00 0.8 1.9 0.009 0.277 19.5981 19.0460 11.96 590 820 
0.198 2 20.00 20.00 1.4 3.0 0.042 0.141 19.3181 18.5242 11.96 570 800 
0.199 2 20.00 20.00 4.4 2.4 0.022 0.096 17.7930 18.7815 11.96 560 790 
0.202 2 20.00 20.00 3.5 0.8 0.036 0.065 18.2739 19.5981 11.96 570 800 
0.203 2 20.00 20.00 3.5 1.4 0.118 0.018 18.2739 19.3181 11.96 560 790 
0.204 2 20.00 20.00 1.9 0.8 0.156 0.020 19.0460 19.5981 12.06 590 760 
0.204 2 20.00 20.00 1.9 1.9 0.107 0.013 19.0460 19.0460 12.06 560 730 
0.205 2 20.00 20.00 2.4 3.9 0.022 0.013 18.7815 18.0303 12.06 570 740 
0.206 2 20.00 20.00 1.9 3.5 0.009 0.049 19.0460 18.2739 12.06 560 800 
0.207 2 20.00 20.00 1.4 3.5 0.004 0.138 19.3181 18.2739 12.06 560 800 
0.208 2 20.00 20.00 0.8 4.9 0.013 0.163 19.5981 17.5619 11.94 590 810 
0.209 2 20.00 20.00 1.4 3.5 0.002 0.266 19.3181 18.2739 11.94 570 790 
0.210 2 20.00 20.00 1.4 1.9 0.018 0.257 19.3181 19.0460 11.94 560 800 
0.211 2 20.00 20.00 2.4 2.4 0.016 0.116 18.7815 18.7815 11.94 560 800 
0.212 2 20.00 20.00 3.0 0.8 0.013 0.040 18.5242 19.5981 11.94 560 790 
0.213 2 20.00 20.00 3.5 0.8 0.027 0.000 18.2739 19.8863 12.04 590 820 
0.214 2 20.00 20.00 3.5 0.8 0.083 0.018 18.2739 19.8863 12.04 570 790 
0.215 2 20.00 20.00 3.5 1.4 0.150 0.058 18.2739 19.3181 12.04 560 730 
0.216 2 20.00 20.00 1.9 1.9 0.163 0.022 19.0460 19.0460 12.04 560 800 
0.217 2 20.00 20.00 1.4 2.4 0.078 0.018 19.3181 18.7815 12.04 560 790 
0.218 2 20.00 20.00 1.4 5.3 0.013 0.007 19.3181 17.3368 11.98 590 820 
0.219 2 20.00 20.00 0.8 4.4 0.018 0.167 19.5981 17.7930 11.98 560 790 
0.220 2 20.00 20.00 0.8 2.4 0.004 0.301 19.5981 18.7815 11.98 560 800 
0.221 2 20.00 20.00 1.9 4.9 0.027 0.208 19.0460 17.5619 11.98 560 790 
0.222 2 20.00 20.00 3.0 3.0 0.018 0.237 18.5242 18.5242 11.98 560 790 
0.223 2 20.00 20.00 3.5 0.8 0.009 0.225 18.2739 19.8863 11.96 590 820 
0.224 2 20.00 20.00 3.9 -0.8 0.062 -0.002 18.0303 20.1831 11.96 560 780 
0.225 2 20.00 20.00 3.5 0.8 0.145 0.000 18.2739 19.5981 11.96 560 790 
0.226 2 20.00 20.00 3.5 0.8 0.152 0.054 18.2739 19.8863 11.96 560 730 
0.227 2 20.00 20.00 3.0 1.9 0.179 0.065 18.5242 19.0460 11.96 560 730 
0.228 2 20.00 20.00 3.0 3.0 0.147 0.013 18.5242 18.5242 12.01 590 750 
0.229 2 20.00 20.00 0.8 3.0 0.112 0.016 19.8863 18.5242 12.01 560 790 
0.230 2 20.00 20.00 0.8 4.4 0.000 0.040 19.8863 17.7930 12.01 570 800 
0.231 2 20.00 20.00 0.8 3.9 0.004 0.181 19.5981 18.0303 12.01 560 800 
0.232 2 20.00 20.00 0.8 3.0 0.018 0.250 19.5981 18.5242 12.01 560 790 
0.233 2 20.00 20.00 1.4 2.4 0.051 0.174 19.3181 18.7815 12.01 590 820 
0.234 2 20.00 20.00 4.4 3.0 0.022 0.098 17.7930 18.5242 12.01 560 800 
0.235 2 20.00 20.00 3.5 1.4 0.036 0.078 18.2739 19.3181 12.01 560 790 
0.236 2 20.00 20.00 3.9 1.4 0.125 0.025 18.0303 19.3181 12.01 560 790 
0.237 2 20.00 20.00 5.3 2.4 0.138 0.016 17.3368 18.7815 12.01 560 740 
0.238 2 20.00 20.00 3.0 0.8 0.292 0.004 18.5242 19.5981 11.87 590 750 
0.239 2 20.00 20.00 2.4 0.8 0.259 0.002 18.7815 19.5981 11.87 570 740 
0.240 2 20.00 20.00 1.9 2.4 0.134 0.029 19.0460 18.7815 11.87 560 740 
0.241 2 20.00 20.00 1.9 2.4 0.038 0.013 19.0460 18.7815 11.87 560 730 
0.242 2 20.00 20.00 0.8 2.4 0.007 0.013 19.8863 18.7815 11.87 570 800 
0.243 2 20.00 20.00 0.8 3.5 0.000 0.029 19.8863 18.2739 12.04 590 820 
0.244 2 20.00 20.00 0.8 3.0 0.027 0.067 19.5981 18.5242 12.04 560 740 
0.245 2 20.00 20.00 1.9 2.4 0.062 0.100 19.0460 18.7815 12.04 560 790 
0.246 2 20.00 20.00 2.4 1.9 0.022 0.074 18.7815 19.0460 12.04 560 790 
0.247 2 20.00 20.00 3.0 1.9 0.016 0.018 18.5242 19.0460 12.04 560 800 
0.248 2 20.00 20.00 3.9 1.4 0.031 0.009 18.0303 19.3181 11.98 590 820 
0.249 2 20.00 20.00 3.5 0.8 0.121 0.009 18.2739 19.5981 11.98 560 730 
0.250 2 20.00 20.00 3.9 1.9 0.179 0.007 18.0303 19.0460 11.98 570 800 
0.251 2 20.00 20.00 2.4 2.4 0.205 0.016 18.7815 18.7815 11.98 560 790 
0.252 2 20.00 20.00 1.9 2.4 0.132 0.013 19.0460 18.7815 11.98 560 740 
0.253 2 20.00 20.00 0.8 4.9 0.029 0.018 19.5981 17.5619 11.94 590 820 
0.254 2 20.00 20.00 0.8 1.9 0.000 0.145 19.8863 19.0460 11.94 570 800 
0.255 2 20.00 20.00 0.8 1.4 0.013 0.125 19.5981 19.3181 11.94 560 790 
0.256 2 20.00 20.00 1.4 4.4 0.049 0.013 19.3181 17.7930 11.94 570 790 
0.257 2 20.00 20.00 1.9 3.0 0.018 0.087 19.0460 18.5242 11.94 560 800 
0.258 2 20.00 20.00 4.4 1.4 0.016 0.152 17.7930 19.3181 11.94 590 820 
0.259 2 20.00 20.00 4.4 0.8 0.071 0.013 17.7930 19.5981 11.94 560 790 
0.260 2 20.00 20.00 3.9 2.4 0.165 0.000 18.0303 18.7815 11.94 560 740 
0.261 2 20.00 20.00 3.9 1.4 0.228 0.016 18.0303 19.3181 11.94 560 800 
0.262 2 20.00 20.00 3.0 2.4 0.252 0.016 18.5242 18.7815 11.94 570 800 
0.263 2 20.00 20.00 3.0 3.5 0.192 0.016 18.5242 18.2739 11.98 590 820 
0.264 2 20.00 20.00 0.8 3.9 0.118 0.049 19.8863 18.0303 11.98 570 790 
0.265 2 20.00 20.00 -0.8 3.9 -0.002 0.150 20.1831 18.0303 11.98 560 780 
0.266 2 20.00 20.00 -0.8 3.0 0.000 0.225 20.1831 18.5242 11.98 560 770 
0.267 2 20.00 20.00 -0.8 3.0 0.000 0.176 20.1831 18.5242 11.98 560 780 
0.268 2 20.00 20.00 3.5 1.9 0.000 0.121 18.2739 19.0460 12.01 590 820 
0.269 2 20.00 20.00 3.5 2.4 0.022 0.049 18.2739 18.7815 12.01 560 790 
0.270 2 20.00 20.00 3.0 1.9 0.038 0.025 18.5242 19.0460 12.01 560 800 
0.271 2 20.00 20.00 4.9 0.8 0.089 0.009 17.5619 19.5981 12.01 560 790 
0.272 2 20.00 20.00 3.9 0.8 0.174 0.000 18.0303 19.5981 12.01 560 790 
0.273 2 20.00 20.00 2.4 0.8 0.257 0.020 18.7815 19.8863 11.96 590 760 
0.274 2 20.00 20.00 2.4 1.4 0.163 0.056 18.7815 19.3181 11.96 560 800 
0.275 2 20.00 20.00 1.9 3.5 0.074 0.016 19.0460 18.2739 11.96 560 790 
0.276 2 20.00 20.00 0.8 3.9 0.013 0.025 19.5981 18.0303 11.96 560 790 
0.277 2 20.00 20.00 0.8 4.4 0.000 0.150 19.8863 17.7930 11.96 560 790 
0.278 2 20.00 20.00 1.4 4.9 0.011 0.261 19.3181 17.5619 11.94 590 820 
0.279 2 20.00 20.00 1.9 3.9 0.022 0.346 19.0460 18.0303 11.94 560 790 
0.280 2 20.00 20.00 3.0 3.0 0.018 0.333 18.5242 18.5242 11.94 560 790 
0.281 2 20.00 20.00 3.5 0.8 0.007 0.230 18.2739 19.5981 11.94 570 790 
0.282 2 20.00 20.00 3.5 0.8 0.071 0.011 18.2739 19.5981 11.94 570 800 
0.283 2 20.00 20.00 3.9 0.8 0.105 0.018 18.0303 19.5981 11.99 590 820 
0.284 2 20.00 20.00 3.5 0.8 0.183 0.029 18.2739 19.8863 11.99 570 800 
0.285 2 20.00 20.00 2.4 1.9 0.199 0.069 18.7815 19.0460 11.99 570 800 
0.286 2 20.00 20.00 1.9 3.5 0.125 0.025 19.0460 18.2739 11.99 560 740 
0.287 2 20.00 20.00 1.4 3.5 0.031 0.025 19.3181 18.2739 11.99 570 800 
0.288 2 20.00 20.00 0.8 5.8 0.013 0.118 19.5981 17.1173 11.93 590 820 
0.289 2 20.00 20.00 0.8 3.0 0.002 0.272 19.5981 18.5242 11.93 560 790 
0.290 2 20.00 20.00 1.4 2.4 0.022 0.270 19.3181 18.7815 11.93 570 800 
0.291 2 20.00 20.00 2.4 4.9 0.022 0.161 18.7815 17.5619 11.93 570 790 
0.292 2 20.00 20.00 3.0 3.0 0.018 0.217 18.5242 18.5242 11.93 560 790 
0.293 2 20.00 20.00 3.9 0.8 0.016 0.217 18.0303 19.5981 11.94 590 810 
0.294 2 20.00 20.00 3.0 0.8 0.125 0.004 18.5242 19.8863 11.94 570 790 
0.295 2 20.00 20.00 3.0 1.4 0.103 0.007 18.5242 19.3181 11.94 570 800 
0.296 2 20.00 20.00 3.5 1.9 0.114 0.013 18.2739 19.0460 11.94 560 800 
0.297 2 20.00 20.00 3.0 1.9 0.138 0.027 18.5242 19.0460 11.94 560 790 
0.298 2 20.00 20.00 2.4 3.0 0.125 0.025 18.7815 18.5242 11.99 590 810 
0.299 2 20.00 20.00 0.8 4.9 0.067 0.018 19.5981 17.5619 11.99 560 790 
0.300 2 20.00 20.00 0.8 3.9 0.000 0.176 19.8863 18.0303 11.99 560 790 
0.301 2 20.00 20.00 0.8 3.5 0.004 0.266 19.5981 18.2739 11.99 560 790 
0.302 2 20.00 20.00 1.4 3.5 0.036 0.259 19.3181 18.2739 11.99 560 790 
0.303 2 20.00 20.00 4.4 1.9 0.020 0.203 17.7930 19.0460 11.98 590 810 
0.304 2 20.00 20.00 3.9 0.8 0.036 0.089 18.0303 19.5981 11.98 560 800 
0.305 2 20.00 20.00 3.5 1.9 0.147 0.000 18.2739 19.0460 11.98 570 800 
0.306 2 20.00 20.00 4.4 0.8 0.161 0.018 17.7930 19.5981 11.98 560 790 
0.307 2 20.00 20.00 3.5 1.9 0.199 0.004 18.2739 19.0460 11.98 560 790 
0.308 2 20.00 20.00 1.9 1.4 0.225 0.011 19.0460 19.3181 11.98 590 810 
0.309 2 20.00 20.00 2.4 4.4 0.103 0.016 18.7815 17.7930 11.98 560 800 
0.310 2 20.00 20.00 1.9 3.5 0.040 0.076 19.0460 18.2739 11.98 560 790 
0.311 2 20.00 20.00 0.8 3.5 0.007 0.154 19.5981 18.2739 11.98 560 790 
0.312 2 20.00 20.00 0.8 4.9 0.000 0.156 19.8863 17.5619 11.98 560 790 
0.313 2 20.00 20.00 1.4 2.4 0.020 0.266 19.3181 18.7815 11.94 590 810 
0.314 2 20.00 20.00 1.9 1.9 0.018 0.196 19.0460 19.0460 11.94 560 790 
0.315 2 20.00 20.00 3.0 1.4 0.018 0.060 18.5242 19.3181 11.94 560 790 
0.316 2 20.00 20.00 3.5 -0.8 0.009 -0.007 18.2739 20.1831 11.94 560 780 
0.317 2 20.00 20.00 3.5 -0.8 0.076 -0.004 18.2739 20.1831 11.94 560 780 
0.318 2 20.00 20.00 3.5 0.8 0.103 0.004 18.2739 19.5981 12.01 590 820 
0.319 2 20.00 20.00 3.5 2.4 0.161 0.074 18.2739 18.7815 12.01 560 790 
0.320 2 20.00 20.00 2.4 3.0 0.174 0.029 18.7815 18.5242 12.01 560 800 
0.321 2 20.00 20.00 1.4 3.9 0.112 0.007 19.3181 18.0303 12.01 570 800 
0.322 2 20.00 20.00 0.8 4.9 0.013 0.118 19.5981 17.5619 12.01 570 800 
0.323 2 20.00 20.00 0.8 4.4 0.002 0.232 19.8863 17.7930 11.96 590 810 
0.324 2 20.00 20.00 0.8 2.4 0.004 0.295 19.5981 18.7815 11.96 570 800 
0.325 2 20.00 20.00 1.9 1.4 0.047 0.210 19.0460 19.3181 11.96 560 790 
0.326 2 20.00 20.00 3.0 1.9 0.020 0.031 18.5242 19.0460 11.96 570 790 
0.327 2 20.00 20.00 3.5 1.9 0.004 0.011 18.2739 19.0460 11.96 560 790 
0.328 2 20.00 20.00 4.4 0.8 0.067 0.004 17.7930 19.8863 12.01 590 810 
0.329 2 20.00 20.00 3.5 -0.8 0.172 0.000 18.2739 20.1831 12.01 560 780 
0.330 2 20.00 20.00 3.5 0.8 0.174 0.004 18.2739 19.8863 12.01 560 800 
0.331 2 20.00 20.00 3.0 1.9 0.185 0.078 18.5242 19.0460 12.01 560 790 
0.332 2 20.00 20.00 3.0 2.4 0.154 0.020 18.5242 18.7815 12.01 560 790 
0.333 2 20.00 20.00 1.9 3.5 0.114 0.009 19.0460 18.2739 11.99 590 810 
0.334 2 20.00 20.00 0.8 6.2 0.036 0.071 19.8863 16.9034 11.99 560 780 
0.335 2 20.00 20.00 -0.8 5.3 0.000 0.286 20.1831 17.3368 11.99 560 780 
0.336 2 20.00 20.00 0.8 3.0 0.000 0.449 19.8863 18.5242 11.99 560 790 
0.337 2 20.00 20.00 1.4 3.5 0.051 0.330 19.3181 18.2739 11.99 560 790 
0.338 2 20.00 20.00 4.4 1.4 0.025 0.203 17.7930 19.3181 11.98 590 820 
0.339 2 20.00 20.00 3.5 -1.0 0.031 -0.067 18.2739 20.4889 11.98 560 770 
0.340 2 20.00 20.00 3.9 0.8 0.127 0.000 18.0303 19.8863 11.98 560 790 
0.341 2 20.00 20.00 5.3 1.4 0.138 0.007 17.3368 19.3181 11.98 560 740 
0.342 2 20.00 20.00 3.0 -0.8 0.292 -0.018 18.5242 20.1831 11.98 560 780 
0.343 2 20.00 20.00 2.4 0.8 0.272 0.000 18.7815 19.8863 12.04 590 830 
0.344 2 20.00 20.00 1.4 2.4 0.138 0.060 19.3181 18.7815 12.04 560 790 
0.345 2 20.00 20.00 1.4 3.9 0.020 0.018 19.3181 18.0303 12.04 560 800 
0.346 2 20.00 20.00 -0.8 3.5 -0.016 0.083 20.1831 18.2739 12.04 570 780 
0.347 2 20.00 20.00 0.8 5.3 0.000 0.158 19.8863 17.3368 12.04 560 790 
0.348 2 20.00 20.00 0.8 3.9 0.027 0.290 19.5981 18.0303 11.91 590 820 
0.349 2 20.00 20.00 2.4 2.4 0.060 0.337 18.7815 18.7815 11.91 560 790 
0.350 2 20.00 20.00 3.0 3.0 0.022 0.199 18.5242 18.5242 11.91 560 790 
0.351 2 20.00 20.00 3.9 0.8 0.009 0.107 18.0303 19.8863 11.91 560 800 
0.352 2 20.00 20.00 4.9 -0.8 0.107 0.000 17.5619 20.1831 11.91 560 780 
0.353 2 20.00 20.00 4.4 -0.8 0.230 0.000 17.7930 20.1831 11.94 590 800 
0.354 2 20.00 20.00 4.4 0.8 0.328 0.000 17.7930 19.5981 11.94 570 740 
0.355 2 20.00 20.00 2.4 3.5 0.342 0.087 18.7815 18.2739 11.94 560 740 
0.356 2 20.00 20.00 1.9 3.0 0.212 0.007 19.0460 18.5242 11.94 560 730 
0.357 2 20.00 20.00 0.8 5.3 0.062 0.051 19.8863 17.3368 11.94 560 790 
0.358 2 20.00 20.00 0.8 4.4 0.000 0.201 19.8863 17.7930 11.93 590 820 
0.359 2 20.00 20.00 1.4 2.4 0.013 0.328 19.3181 18.7815 11.93 560 800 
0.360 2 20.00 20.00 1.4 4.9 0.018 0.223 19.3181 17.5619 11.93 560 790 
0.361 2 20.00 20.00 2.4 3.0 0.018 0.246 18.7815 18.5242 11.93 560 800 
0.362 2 20.00 20.00 4.9 0.8 0.013 0.232 17.5619 19.8863 11.93 560 800 
0.363 2 20.00 20.00 4.4 -0.8 0.125 -0.004 17.7930 20.1831 12.01 590 800 
0.364 2 20.00 20.00 3.9 0.8 0.205 0.000 18.0303 19.5981 12.01 560 730 
0.365 2 20.00 20.00 3.5 -0.8 0.232 -0.038 18.2739 20.1831 12.01 560 780 
0.366 2 20.00 20.00 3.0 1.4 0.232 0.004 18.5242 19.3181 12.01 560 790 
0.367 2 20.00 20.00 3.0 2.4 0.172 0.033 18.5242 18.7815 12.01 560 740 
0.368 2 20.00 20.00 0.8 3.9 0.118 0.007 19.8863 18.0303 12.01 590 820 
0.369 2 20.00 20.00 -0.8 4.4 -0.002 0.094 20.1831 17.7930 12.01 560 780 
0.370 2 20.00 20.00 -0.8 3.9 0.000 0.223 20.1831 18.0303 12.01 560 780 
0.371 2 20.00 20.00 -0.8 3.0 0.000 0.270 20.1831 18.5242 12.01 560 780 
0.372 2 20.00 20.00 4.9 2.4 0.000 0.190 17.5619 18.7815 12.01 560 790 
0.373 2 20.00 20.00 3.9 2.4 0.016 0.105 18.0303 18.7815 11.96 590 810 
0.374 2 20.00 20.00 3.0 1.4 0.132 0.045 18.5242 19.3181 11.96 560 790 
0.375 2 20.00 20.00 3.5 0.8 0.143 0.004 18.2739 19.8863 11.96 560 790 
0.376 2 20.00 20.00 3.5 0.8 0.103 0.000 18.2739 19.8863 11.96 560 790 
0.377 2 20.00 20.00 1.9 -0.8 0.156 -0.042 19.0460 20.1831 11.96 560 720 
0.378 2 20.00 20.00 2.4 1.9 0.071 0.000 18.7815 19.0460 12.02 590 820 
0.379 2 20.00 20.00 1.9 2.4 0.029 0.022 19.0460 18.7815 12.02 560 790 
0.380 2 20.00 20.00 2.4 3.0 0.009 0.007 18.7815 18.5242 12.02 560 800 
0.381 2 20.00 20.00 0.8 3.0 0.009 0.047 19.5981 18.5242 12.02 560 790 
0.382 2 20.00 20.00 1.4 3.9 0.000 0.083 19.3181 18.0303 12.02 560 800 
0.383 2 20.00 20.00 1.9 3.5 0.018 0.158 19.0460 18.2739 11.94 590 810 
0.384 2 20.00 20.00 3.0 3.0 0.016 0.165 18.5242 18.5242 11.94 560 790 
0.385 2 20.00 20.00 3.0 1.9 0.007 0.145 18.5242 19.0460 11.94 560 800 
0.386 2 20.00 20.00 3.0 1.4 0.047 0.054 18.5242 19.3181 11.94 560 800 
0.387 2 20.00 20.00 3.5 1.4 0.069 0.009 18.2739 19.3181 11.94 560 790 
0.388 2 20.00 20.00 3.0 0.8 0.118 0.018 18.5242 19.8863 11.98 590 820 
0.389 2 20.00 20.00 2.4 1.4 0.129 0.007 18.7815 19.3181 11.98 570 790 
0.390 2 20.00 20.00 1.9 1.9 0.083 0.025 19.0460 19.0460 11.98 560 730 
0.391 2 20.00 20.00 0.8 1.9 0.018 0.013 19.5981 19.0460 11.98 560 800 
0.392 2 20.00 20.00 0.8 3.5 0.000 0.009 19.5981 18.2739 11.98 560 790 
0.393 2 20.00 20.00 1.4 1.9 0.007 0.040 19.3181 19.0460 12.02 590 820 
0.394 2 20.00 20.00 1.9 3.0 0.016 0.042 19.0460 18.5242 12.02 560 790 
0.395 2 20.00 20.00 1.9 3.5 0.018 0.042 19.0460 18.2739 12.02 560 800 
0.396 2 20.00 20.00 3.0 3.5 0.011 0.118 18.5242 18.2739 12.02 560 790 
0.397 2 20.00 20.00 3.9 1.4 0.011 0.150 18.0303 19.3181 12.02 570 800 
0.398 2 20.00 20.00 3.5 0.8 0.107 0.040 18.2739 19.5981 11.93 590 760 
0.399 2 20.00 20.00 3.0 1.9 0.121 0.007 18.5242 19.0460 11.93 560 800 
0.401 2 20.00 20.00 3.5 1.9 0.129 0.018 18.2739 19.0460 11.93 560 790 
0.401 4 30.00 30.00 11.9 11.9 0.147 0.013 18.7815 19.3181 11.93 570 810 
0.402 4 30.00 30.00 11.9 11.9 0.612 0.460 19.0460 19.0460 11.93 560 790 
0.403 4 30.00 30.00 10.0 10.0 1.254 1.304 20.8041 18.2739 10.03 590 800 
0.404 4 30.00 30.00 10.0 10.0 1.674 1.105 22.1684 20.8041 10.03 570 760 
0.405 4 30.00 30.00 10.0 10.0 1.096 1.339 24.1477 22.1684 10.03 560 760 
0.406 4 30.00 30.00 10.0 10.0 1.295 1.513 24.1477 24.1477 10.03 560 750 
0.407 4 30.00 30.00 7.0 9.0 1.431 1.569 26.5151 25.5145 10.03 560 750 
0.408 4 30.00 30.00 5.9 7.0 1.150 1.221 27.0454 26.5151 10.05 590 770 
0.409 4 30.00 30.00 3.7 4.8 0.629 0.926 28.1723 27.5973 10.05 560 760 
0.410 4 30.00 30.00 2.5 1.2 0.480 0.768 28.7717 29.3972 10.05 560 770 
0.411 4 30.00 30.00 1.2 -1.5 0.237 -0.315 29.3972 30.7334 10.05 560 700 
0.412 4 30.00 30.00 -0.8 2.5 -0.029 0.029 30.0504 28.7717 10.05 560 760 
0.413 4 30.00 30.00 1.2 1.2 0.000 0.020 29.3972 29.3972 12.13 600 790 
0.414 4 30.00 30.00 4.8 3.7 0.065 0.016 27.5973 28.1723 12.13 560 760 
0.415 4 30.00 30.00 5.9 2.5 0.013 0.007 27.0454 28.7717 12.13 570 760 
0.416 4 30.00 30.00 8.0 3.7 0.170 0.007 26.0052 28.1723 12.13 560 770 
0.417 4 30.00 30.00 8.0 3.7 0.464 0.020 26.0052 28.1723 12.13 560 710 
0.418 4 30.00 30.00 5.9 4.8 0.676 0.056 27.0454 27.5973 11.61 590 780 
0.419 4 30.00 30.00 5.9 7.0 0.676 0.152 27.0454 26.5151 11.61 560 760 
0.420 4 30.00 30.00 3.7 4.8 0.594 0.335 28.1723 27.5973 11.61 560 710 
0.421 4 30.00 30.00 2.5 9.0 0.277 0.382 28.7717 25.5145 11.61 570 770 
0.422 4 30.00 30.00 2.5 7.0 0.092 0.638 28.7717 26.5151 11.61 560 760 
0.423 4 30.00 30.00 2.5 3.7 0.009 0.607 28.7717 28.1723 11.74 590 780 
0.424 4 30.00 30.00 2.5 4.8 0.009 0.444 28.7717 27.5973 11.74 560 760 
0.425 4 30.00 30.00 4.8 4.8 0.007 0.339 27.5973 27.5973 11.74 570 770 
0.426 4 30.00 30.00 7.0 2.5 0.074 0.321 26.5151 28.7717 11.74 570 700 
0.427 4 30.00 30.00 7.0 4.8 0.353 0.098 26.5151 27.5973 11.74 570 710 
0.428 4 30.00 30.00 7.0 3.7 0.585 0.145 26.5151 28.1723 11.79 600 730 
0.429 4 30.00 30.00 7.0 5.9 0.542 0.150 26.5151 27.0454 11.79 560 690 
0.430 4 30.00 30.00 10.8 8.0 0.643 0.268 24.5867 26.0052 11.79 560 710 
0.431 4 30.00 30.00 8.0 9.0 1.060 0.587 26.0052 25.5145 11.79 560 710 
0.432 4 30.00 30.00 7.0 9.9 1.000 0.685 26.5151 25.0420 11.79 560 700 
0.433 4 30.00 30.00 4.8 7.0 0.672 0.975 27.5973 26.5151 11.07 590 790 
0.434 4 30.00 30.00 3.7 7.0 0.551 1.013 28.1723 26.5151 11.07 560 760 
0.435 4 30.00 30.00 1.2 3.7 0.353 0.902 29.3972 28.1723 11.07 560 760 
0.436 4 30.00 30.00 1.2 2.5 0.056 0.455 29.3972 28.7717 11.07 560 760 
0.437 4 30.00 30.00 1.2 -0.8 0.018 -0.192 29.3972 30.0504 11.07 560 700 
0.438 4 30.00 30.00 3.7 -1.5 0.020 0.000 28.1723 30.7334 12.07 590 720 
0.439 4 30.00 30.00 4.8 -1.5 0.013 -0.016 27.5973 30.7334 12.07 560 700 
0.440 4 30.00 30.00 7.0 -0.8 0.096 -0.025 26.5151 30.0504 12.07 560 700 
0.441 4 30.00 30.00 7.0 3.7 0.362 0.000 26.5151 28.1723 12.07 570 710 
0.442 4 30.00 30.00 5.9 5.9 0.531 0.045 27.0454 27.0454 12.07 560 680 
0.443 4 30.00 30.00 4.8 9.9 0.545 0.116 27.5973 25.0420 11.69 590 720 
0.444 4 30.00 30.00 3.7 8.0 0.371 0.567 28.1723 26.0052 11.69 570 710 
0.445 4 30.00 30.00 3.7 9.0 0.201 0.819 28.1723 25.5145 11.69 560 700 
0.446 4 30.00 30.00 3.7 5.9 0.123 1.004 28.1723 27.0454 11.69 560 690 
0.447 4 30.00 30.00 4.8 3.7 0.094 0.636 27.5973 28.1723 11.69 560 700 
0.448 4 30.00 30.00 4.8 2.5 0.145 0.388 27.5973 28.7717 11.83 590 720 
0.449 4 30.00 30.00 5.9 1.2 0.237 0.152 27.0454 29.3972 11.83 560 690 
0.450 4 30.00 30.00 5.9 -0.8 0.348 -0.016 27.0454 30.0504 11.83 560 690 
0.451 4 30.00 30.00 4.8 2.5 0.437 0.000 27.5973 28.7717 11.83 560 700 
0.452 4 30.00 30.00 3.7 2.5 0.346 0.020 28.1723 28.7717 11.83 560 700 
0.453 4 30.00 30.00 3.7 4.8 0.194 0.025 28.1723 27.5973 11.98 590 730 
0.454 4 30.00 30.00 5.9 5.9 0.132 0.049 27.0454 27.0454 11.98 560 680 
0.455 4 30.00 30.00 4.8 7.0 0.248 0.234 27.5973 26.5151 11.98 570 700 
0.456 4 30.00 30.00 5.9 8.0 0.210 0.449 27.0454 26.0052 11.98 560 690 
0.457 4 30.00 30.00 4.8 5.9 0.312 0.652 27.5973 27.0454 11.98 560 690 
0.458 4 30.00 30.00 4.8 5.9 0.312 0.641 27.5973 27.0454 11.63 590 710 
0.459 4 30.00 30.00 4.8 3.7 0.299 0.451 27.5973 28.1723 11.63 560 700 
0.460 4 30.00 30.00 3.7 4.8 0.225 0.310 28.1723 27.5973 11.63 560 700 
0.461 4 30.00 30.00 3.7 2.5 0.176 0.270 28.1723 28.7717 11.63 560 700 
0.462 4 30.00 30.00 3.7 2.5 0.121 0.129 28.1723 28.7717 11.63 560 770 
0.463 4 30.00 30.00 3.7 3.7 0.105 0.011 28.1723 28.1723 12.01 590 780 
0.464 4 30.00 30.00 3.7 3.7 0.085 0.025 28.1723 28.1723 12.01 570 770 
0.465 4 30.00 30.00 3.7 2.5 0.092 0.065 28.1723 28.7717 12.01 560 760 
0.466 4 30.00 30.00 3.7 5.9 0.083 0.007 28.1723 27.0454 12.01 560 750 
0.467 4 30.00 30.00 3.7 3.7 0.080 0.170 28.1723 28.1723 12.01 560 760 
0.468 4 30.00 30.00 3.7 8.0 0.067 0.188 28.1723 26.0052 11.93 590 790 
0.469 4 30.00 30.00 3.7 5.9 0.080 0.388 28.1723 27.0454 11.93 570 700 
0.470 4 30.00 30.00 7.0 3.7 0.069 0.415 26.5151 28.1723 11.93 560 700 
0.471 4 30.00 30.00 3.7 3.7 0.310 0.281 28.1723 28.1723 11.93 560 700 
0.472 4 30.00 30.00 4.8 2.5 0.194 0.163 27.5973 28.7717 11.93 570 710 
0.473 4 30.00 30.00 3.7 2.5 0.214 0.047 28.1723 28.7717 11.91 590 720 
0.474 4 30.00 30.00 2.5 4.8 0.167 0.000 28.7717 27.5973 11.91 560 700 
0.475 4 30.00 30.00 1.2 2.5 0.045 0.107 29.3972 28.7717 11.91 560 760 
0.476 4 30.00 30.00 1.2 4.8 0.016 0.045 29.3972 27.5973 11.91 560 760 
0.477 4 30.00 30.00 5.9 5.9 0.018 0.114 27.0454 27.0454 11.91 560 750 
0.478 4 30.00 30.00 3.7 4.8 0.056 0.324 28.1723 27.5973 11.77 590 790 
0.479 4 30.00 30.00 5.9 7.0 0.109 0.301 27.0454 26.5151 11.77 560 760 
0.480 4 30.00 30.00 3.7 3.7 0.232 0.437 28.1723 28.1723 11.77 570 770 
0.481 4 30.00 30.00 4.8 3.7 0.221 0.377 27.5973 28.1723 11.77 560 760 
0.482 4 30.00 30.00 4.8 1.2 0.219 0.163 27.5973 29.3972 11.77 560 760 
0.483 4 30.00 30.00 2.5 3.7 0.234 0.013 28.7717 28.1723 11.93 590 790 
0.484 4 30.00 30.00 1.2 2.5 0.085 0.009 29.3972 28.7717 11.93 570 710 
0.485 4 30.00 30.00 1.2 3.7 0.018 0.002 29.3972 28.1723 11.93 560 700 
0.486 4 30.00 30.00 1.2 3.7 0.020 0.062 29.3972 28.1723 11.93 560 700 
0.487 4 30.00 30.00 3.7 3.7 0.018 0.092 28.1723 28.1723 11.93 560 700 
0.488 4 30.00 30.00 4.8 3.7 0.007 0.096 27.5973 28.1723 11.98 590 720 
0.489 4 30.00 30.00 3.7 3.7 0.098 0.098 28.1723 28.1723 11.98 560 700 
0.490 4 30.00 30.00 3.7 5.9 0.109 0.087 28.1723 27.0454 11.98 560 690 
0.491 4 30.00 30.00 3.7 3.7 0.065 0.223 28.1723 28.1723 11.98 560 700 
0.492 4 30.00 30.00 3.7 7.0 0.076 0.208 28.1723 26.5151 11.98 560 700 
0.493 4 30.00 30.00 3.7 4.8 0.065 0.379 28.1723 27.5973 11.75 590 720 
0.494 4 30.00 30.00 3.7 2.5 0.069 0.342 28.1723 28.7717 11.75 560 710 
0.495 4 30.00 30.00 2.5 3.7 0.069 0.158 28.7717 28.1723 11.75 570 720 
0.496 4 30.00 30.00 2.5 2.5 0.022 0.087 28.7717 28.7717 11.75 560 770 
0.497 4 30.00 30.00 1.2 4.8 0.007 0.022 29.3972 27.5973 11.75 570 770 
0.498 4 30.00 30.00 1.2 2.5 0.020 0.112 29.3972 28.7717 11.94 590 720 
0.499 4 30.00 30.00 1.2 3.7 0.020 0.060 29.3972 28.1723 11.94 560 700 
0.500 4 30.00 30.00 5.9 4.8 0.018 0.047 27.0454 27.5973 11.94 560 690 
0.501 4 30.00 30.00 4.8 5.9 0.067 0.158 27.5973 27.0454 11.94 570 690 
0.502 4 30.00 30.00 7.0 7.0 0.201 0.272 26.5151 26.5151 11.94 560 700 
0.503 4 30.00 30.00 4.8 3.7 0.333 0.451 27.5973 28.1723 11.56 590 720 
0.504 4 30.00 30.00 3.7 2.5 0.375 0.342 28.1723 28.7717 11.56 560 700 
0.505 4 30.00 30.00 2.5 -0.8 0.243 -0.125 28.7717 30.0504 11.56 560 700 
0.506 4 30.00 30.00 -0.8 3.7 -0.085 0.007 30.0504 28.1723 11.56 560 700 
0.507 4 30.00 30.00 -0.8 2.5 0.000 0.007 30.0504 28.7717 11.56 560 710 
0.508 4 30.00 30.00 1.2 3.7 0.000 0.007 29.3972 28.1723 12.09 590 790 
0.509 4 30.00 30.00 1.2 3.7 0.123 0.049 29.3972 28.1723 12.09 570 760 
0.510 4 30.00 30.00 4.8 3.7 0.042 0.092 27.5973 28.1723 12.09 570 770 
0.511 4 30.00 30.00 5.9 3.7 0.040 0.087 27.0454 28.1723 12.09 570 760 
0.512 4 30.00 30.00 5.9 3.7 0.221 0.080 27.0454 28.1723 12.09 560 750 
0.513 4 30.00 30.00 5.9 5.9 0.355 0.098 27.0454 27.0454 11.83 590 770 
0.514 4 30.00 30.00 3.7 2.5 0.431 0.208 28.1723 28.7717 11.83 560 760 
0.515 4 30.00 30.00 1.2 5.9 0.230 0.114 29.3972 27.0454 11.83 570 760 
0.516 4 30.00 30.00 1.2 4.8 0.031 0.212 29.3972 27.5973 11.83 560 700 
0.517 4 30.00 30.00 1.2 2.5 0.016 0.246 29.3972 28.7717 11.83 560 700 
0.518 4 30.00 30.00 1.2 2.5 0.016 0.116 29.3972 28.7717 12.02 590 720 
0.519 4 30.00 30.00 1.2 2.5 0.016 0.013 29.3972 28.7717 12.02 560 700 
0.520 4 30.00 30.00 1.2 1.2 0.049 0.009 29.3972 29.3972 12.02 560 700 
0.521 4 30.00 30.00 1.2 3.7 0.045 0.018 29.3972 28.1723 12.02 570 700 
0.522 4 30.00 30.00 3.7 2.5 0.020 0.022 28.1723 28.7717 12.02 560 700 
0.523 4 30.00 30.00 4.8 3.7 0.009 0.016 27.5973 28.1723 12.04 590 730 
0.524 4 30.00 30.00 7.0 3.7 0.098 0.009 26.5151 28.1723 12.04 560 700 
0.525 4 30.00 30.00 5.9 4.8 0.328 0.071 27.0454 27.5973 12.04 560 700 
0.526 4 30.00 30.00 5.9 3.7 0.321 0.152 27.0454 28.1723 12.04 560 760 
0.527 4 30.00 30.00 3.7 4.8 0.397 0.141 28.1723 27.5973 12.04 560 760 
0.528 4 30.00 30.00 2.5 2.5 0.277 0.183 28.7717 28.7717 11.83 590 780 
0.529 4 30.00 30.00 1.2 4.8 0.094 0.074 29.3972 27.5973 11.83 560 760 
0.530 4 30.00 30.00 -0.8 2.5 -0.018 0.121 30.0504 28.7717 11.83 570 700 
0.531 4 30.00 30.00 -0.8 3.7 0.000 0.042 30.0504 28.1723 11.83 560 700 
0.532 4 30.00 30.00 -0.8 2.5 0.000 0.051 30.0504 28.7717 11.83 560 700 
0.533 4 30.00 30.00 3.7 1.2 0.000 0.022 28.1723 29.3972 12.04 590 720 
0.534 4 30.00 30.00 5.9 -0.8 0.011 -0.022 27.0454 30.0504 12.04 560 700 
0.535 4 30.00 30.00 5.9 1.2 0.161 0.000 27.0454 29.3972 12.04 560 700 
0.536 4 30.00 30.00 5.9 5.9 0.321 0.060 27.0454 27.0454 12.04 560 690 
0.537 4 30.00 30.00 3.7 3.7 0.420 0.098 28.1723 28.1723 12.04 560 700 
0.538 4 30.00 30.00 2.5 8.0 0.199 0.141 28.7717 26.0052 11.91 590 720 
0.539 4 30.00 30.00 1.2 7.0 0.054 0.377 29.3972 26.5151 11.91 560 710 
0.540 4 30.00 30.00 1.2 4.8 0.018 0.473 29.3972 27.5973 11.91 560 770 
0.541 4 30.00 30.00 -0.8 2.5 -0.013 0.446 30.0504 28.7717 11.91 570 770 
0.542 4 30.00 30.00 -0.8 1.2 0.000 0.210 30.0504 29.3972 11.91 560 700 
0.543 4 30.00 30.00 2.5 -0.8 0.000 -0.018 28.7717 30.0504 12.07 590 720 
0.544 4 30.00 30.00 3.7 -0.8 0.049 0.000 28.1723 30.0504 12.07 560 700 
0.545 4 30.00 30.00 4.8 -0.8 0.007 0.000 27.5973 30.0504 12.07 560 700 
0.546 4 30.00 30.00 5.9 2.5 0.116 0.000 27.0454 28.7717 12.07 560 700 
0.547 4 30.00 30.00 7.0 4.8 0.272 0.058 26.5151 27.5973 12.07 560 700 
0.548 4 30.00 30.00 4.8 7.0 0.440 0.051 27.5973 26.5151 11.72 590 720 
0.549 4 30.00 30.00 4.8 7.0 0.308 0.324 27.5973 26.5151 11.72 560 700 
0.550 4 30.00 30.00 1.2 5.9 0.275 0.529 29.3972 27.0454 11.72 560 690 
0.551 4 30.00 30.00 1.2 4.8 0.042 0.569 29.3972 27.5973 11.72 560 700 
0.552 4 30.00 30.00 1.2 2.5 0.020 0.348 29.3972 28.7717 11.72 570 710 
0.553 4 30.00 30.00 -0.8 1.2 -0.018 0.143 30.0504 29.3972 12.02 590 790 
0.554 4 30.00 30.00 1.2 1.2 0.000 0.016 29.3972 29.3972 12.02 560 760 
0.555 4 30.00 30.00 1.2 -0.8 0.125 -0.027 29.3972 30.0504 12.02 570 710 
0.556 4 30.00 30.00 8.0 -0.8 0.083 0.000 26.0052 30.0504 12.02 560 700 
0.557 4 30.00 30.00 5.9 1.2 0.243 0.000 27.0454 29.3972 12.02 570 700 
0.558 4 30.00 30.00 4.8 3.7 0.424 0.132 27.5973 28.1723 11.87 590 730 
0.559 4 30.00 30.00 3.7 8.0 0.384 0.013 28.1723 26.0052 11.87 570 700 
0.560 4 30.00 30.00 1.2 5.9 0.241 0.306 29.3972 27.0454 11.87 560 690 
0.561 4 30.00 30.00 1.2 8.0 0.022 0.458 29.3972 26.0052 11.87 560 700 
0.562 4 30.00 30.00 -0.8 7.0 -0.020 0.636 30.0504 26.5151 11.87 560 700 
0.563 4 30.00 30.00 2.5 3.7 0.000 0.562 28.7717 28.1723 11.79 590 720 
0.564 4 30.00 30.00 1.2 1.2 0.027 0.384 29.3972 29.3972 11.79 570 770 
0.565 4 30.00 30.00 3.7 -0.8 0.018 -0.067 28.1723 30.0504 11.79 560 760 
0.566 4 30.00 30.00 4.8 -1.5 0.009 -0.004 27.5973 30.7334 11.79 560 760 
0.567 4 30.00 30.00 3.7 1.2 0.089 0.022 28.1723 29.3972 11.79 560 760 
0.568 4 30.00 30.00 2.5 -0.8 0.136 -0.116 28.7717 30.0504 12.02 590 790 
0.569 4 30.00 30.00 2.5 3.7 0.025 0.000 28.7717 28.1723 12.02 570 700 
0.570 4 30.00 30.00 4.8 4.8 0.013 0.020 27.5973 27.5973 12.02 570 710 
0.571 4 30.00 30.00 3.7 7.0 0.065 0.085 28.1723 26.5151 12.02 560 700 
0.572 4 30.00 30.00 3.7 7.0 0.065 0.339 28.1723 26.5151 12.02 570 700 
0.573 4 30.00 30.00 2.5 4.8 0.080 0.509 28.7717 27.5973 11.71 590 720 
0.574 4 30.00 30.00 2.5 3.7 0.016 0.480 28.7717 28.1723 11.71 570 710 
0.575 4 30.00 30.00 2.5 4.8 0.011 0.208 28.7717 27.5973 11.71 560 760 
0.576 4 30.00 30.00 1.2 1.2 0.013 0.212 29.3972 29.3972 11.71 560 750 
0.577 4 30.00 30.00 3.7 -0.8 0.018 -0.033 28.1723 30.0504 11.71 560 750 
0.578 4 30.00 30.00 3.7 -1.5 0.009 0.000 28.1723 30.7334 12.06 590 780 
0.579 4 30.00 30.00 3.7 -0.8 0.027 -0.016 28.1723 30.0504 12.06 570 760 
0.580 4 30.00 30.00 4.8 -0.8 0.060 0.000 27.5973 30.0504 12.06 560 760 
0.581 4 30.00 30.00 3.7 3.7 0.152 0.000 28.1723 28.1723 12.06 560 770 
0.582 4 30.00 30.00 3.7 7.0 0.136 0.038 28.1723 26.5151 12.06 560 770 
0.583 4 30.00 30.00 2.5 5.9 0.096 0.192 28.7717 27.0454 11.82 590 780 
0.584 4 30.00 30.00 1.2 9.9 0.011 0.391 29.3972 25.0420 11.82 570 710 
0.585 4 30.00 30.00 1.2 8.0 0.016 0.752 29.3972 26.0052 11.82 560 700 
0.586 4 30.00 30.00 3.7 4.8 0.029 0.730 28.1723 27.5973 11.82 560 700 
0.587 4 30.00 30.00 3.7 1.2 0.016 0.562 28.1723 29.3972 11.82 560 760 
0.588 4 30.00 30.00 5.9 -1.5 0.051 -0.172 27.0454 30.7334 11.96 590 770 
0.589 4 30.00 30.00 5.9 -2.9 0.217 -0.020 27.0454 31.4481 11.96 570 750 
0.590 4 30.00 30.00 3.7 -1.5 0.346 -0.065 28.1723 30.7334 11.96 560 760 
0.591 4 30.00 30.00 1.2 -1.5 0.263 -0.033 29.3972 30.7334 11.96 560 760 
0.592 4 30.00 30.00 1.2 2.5 0.025 0.029 29.3972 28.7717 11.96 560 760 
0.593 4 30.00 30.00 4.8 5.9 0.018 0.143 27.5973 27.0454 12.17 590 780 
0.594 4 30.00 30.00 2.5 9.0 0.009 0.080 28.7717 25.5145 12.17 560 760 
0.595 4 30.00 30.00 4.8 9.0 0.011 0.480 27.5973 25.5145 12.17 560 760 
0.596 4 30.00 30.00 2.5 7.0 0.076 0.783 28.7717 26.5151 12.17 560 760 
0.597 4 30.00 30.00 3.7 4.8 0.031 0.821 28.1723 27.5973 12.17 560 700 
0.598 4 30.00 30.00 3.7 2.5 0.025 0.420 28.1723 28.7717 11.96 600 740 
0.599 4 30.00 30.00 2.5 -0.8 0.036 -0.174 28.7717 30.0504 11.96 570 760 
0.600 4 30.00 30.00 2.5 -1.5 0.011 0.000 28.7717 30.7334 11.96 570 760 
0.601 4 30.00 30.00 2.5 -2.9 0.009 -0.016 28.7717 31.4481 11.96 560 750 
0.602 4 30.00 30.00 2.5 -1.5 0.018 -0.078 28.7717 30.7334 11.96 560 760 
0.603 4 30.00 30.00 3.7 -0.8 0.009 -0.031 28.1723 30.0504 12.06 590 780 
0.604 4 30.00 30.00 3.7 3.7 0.022 0.000 28.1723 28.1723 12.06 560 760 
0.605 4 30.00 30.00 3.7 9.9 0.054 0.056 28.1723 25.0420 12.06 570 760 
0.606 4 30.00 30.00 3.7 7.0 0.062 0.375 28.1723 26.5151 12.06 560 760 
0.607 4 30.00 30.00 3.7 10.8 0.049 0.614 28.1723 24.5867 12.06 560 750 
0.608 4 30.00 30.00 3.7 7.0 0.058 0.987 28.1723 26.5151 11.26 590 780 
0.609 4 30.00 30.00 3.7 3.7 0.054 0.967 28.1723 28.1723 11.26 560 760 
0.610 4 30.00 30.00 3.7 2.5 0.078 0.502 28.1723 28.7717 11.26 560 760 
0.611 4 30.00 30.00 2.5 -1.5 0.085 -0.183 28.7717 30.7334 11.26 560 760 
0.612 4 30.00 30.00 2.5 -2.9 0.038 -0.020 28.7717 31.4481 11.26 570 770 
0.613 4 30.00 30.00 1.2 -1.5 0.007 -0.067 29.3972 30.7334 12.02 590 780 
0.614 4 30.00 30.00 1.2 -1.5 0.016 -0.029 29.3972 30.7334 12.02 570 760 
0.615 4 30.00 30.00 1.2 2.5 0.018 0.029 29.3972 28.7717 12.02 560 760 
0.616 4 30.00 30.00 5.9 4.8 0.027 0.152 27.0454 27.5973 12.02 560 750 
0.617 4 30.00 30.00 3.7 7.0 0.056 0.038 28.1723 26.5151 12.02 560 750 
0.618 4 30.00 30.00 5.9 8.0 0.109 0.295 27.0454 26.0052 11.77 590 770 
0.619 4 30.00 30.00 3.7 5.9 0.214 0.580 28.1723 27.0454 11.77 560 750 
0.620 4 30.00 30.00 3.7 4.8 0.201 0.627 28.1723 27.5973 11.77 560 760 
0.621 4 30.00 30.00 3.7 2.5 0.127 0.371 28.1723 28.7717 11.77 570 760 
0.622 4 30.00 30.00 1.2 2.5 0.100 0.170 29.3972 28.7717 11.77 560 760 
0.623 4 30.00 30.00 1.2 -0.8 0.018 -0.013 29.3972 30.0504 12.04 590 780 
0.624 4 30.00 30.00 1.2 -1.5 0.020 0.000 29.3972 30.7334 12.04 580 770 
0.625 4 30.00 30.00 1.2 -0.8 0.040 -0.025 29.3972 30.0504 12.04 570 760 
0.626 4 30.00 30.00 3.7 2.5 0.022 0.000 28.1723 28.7717 12.04 570 760 
0.627 4 30.00 30.00 4.8 4.8 0.009 0.094 27.5973 27.5973 12.04 570 760 
0.628 4 30.00 30.00 4.8 9.0 0.100 0.020 27.5973 25.5145 11.93 590 780 
0.629 4 30.00 30.00 4.8 5.9 0.190 0.366 27.5973 27.0454 11.93 570 760 
0.630 4 30.00 30.00 3.7 9.0 0.188 0.529 28.1723 25.5145 11.93 560 750 
0.631 4 30.00 30.00 2.5 5.9 0.143 0.721 28.7717 27.0454 11.93 570 750 
0.632 4 30.00 30.00 2.5 2.5 0.025 0.600 28.7717 28.7717 11.93 570 760 
0.633 4 30.00 30.00 2.5 1.2 0.011 0.268 28.7717 29.3972 11.98 590 780 
0.634 4 30.00 30.00 1.2 -1.5 0.009 -0.022 29.3972 30.7334 11.98 560 760 
0.635 4 30.00 30.00 1.2 -1.5 0.020 -0.022 29.3972 30.7334 11.98 560 750 
0.636 4 30.00 30.00 3.7 1.2 0.027 0.018 28.1723 29.3972 11.98 560 760 
0.637 4 30.00 30.00 2.5 1.2 0.016 0.125 28.7717 29.3972 11.98 560 760 
0.638 4 30.00 30.00 2.5 4.8 0.009 0.085 28.7717 27.5973 12.07 590 780 
0.639 4 30.00 30.00 3.7 5.9 0.011 0.011 28.1723 27.0454 12.07 560 750 
0.640 4 30.00 30.00 5.9 7.0 0.007 0.205 27.0454 26.5151 12.07 560 750 
0.641 4 30.00 30.00 4.8 7.0 0.165 0.397 27.5973 26.5151 12.07 560 760 
0.642 4 30.00 30.00 5.9 4.8 0.185 0.538 27.0454 27.5973 12.07 560 750 
0.643 4 30.00 30.00 3.7 3.7 0.297 0.464 28.1723 28.1723 11.69 590 780 
0.644 4 30.00 30.00 3.7 1.2 0.243 0.219 28.1723 29.3972 11.69 570 760 
0.645 4 30.00 30.00 1.2 1.2 0.158 0.022 29.3972 29.3972 11.69 570 760 
0.646 4 30.00 30.00 1.2 -0.8 0.022 -0.013 29.3972 30.0504 11.69 560 750 
0.647 4 30.00 30.00 1.2 -0.8 0.020 0.000 29.3972 30.0504 11.69 560 750 
0.648 4 30.00 30.00 1.2 1.2 0.038 0.000 29.3972 29.3972 12.09 590 780 
0.649 4 30.00 30.00 3.7 3.7 0.036 0.094 28.1723 28.1723 12.09 560 750 
0.650 4 30.00 30.00 4.8 4.8 0.011 0.022 27.5973 27.5973 12.09 560 750 
0.651 4 30.00 30.00 3.7 8.0 0.100 0.083 28.1723 26.0052 12.09 560 760 
0.652 4 30.00 30.00 3.7 4.8 0.103 0.346 28.1723 27.5973 12.09 560 760 
0.653 4 30.00 30.00 2.5 7.0 0.089 0.400 28.7717 26.5151 11.83 590 780 
0.654 4 30.00 30.00 2.5 5.9 0.016 0.475 28.7717 27.0454 11.83 560 750 
0.655 4 30.00 30.00 2.5 2.5 0.013 0.433 28.7717 28.7717 11.83 560 760 
0.656 4 30.00 30.00 4.8 1.2 0.013 0.232 27.5973 29.3972 11.83 560 760 
0.657 4 30.00 30.00 2.5 -1.5 0.067 -0.016 28.7717 30.7334 11.83 580 770 
0.658 4 30.00 30.00 3.7 -1.5 0.058 -0.022 28.1723 30.7334 12.06 590 780 
0.659 4 30.00 30.00 3.7 1.2 0.038 0.027 28.1723 29.3972 12.06 560 750 
0.660 4 30.00 30.00 2.5 1.2 0.058 0.123 28.7717 29.3972 12.06 560 750 
0.661 4 30.00 30.00 2.5 3.7 0.016 0.089 28.7717 28.1723 12.06 560 760 
0.662 4 30.00 30.00 2.5 5.9 0.011 0.029 28.7717 27.0454 12.06 560 750 
0.663 4 30.00 30.00 4.8 7.0 0.018 0.163 27.5973 26.5151 11.93 590 780 
0.664 4 30.00 30.00 3.7 7.0 0.045 0.400 28.1723 26.5151 11.93 560 750 
0.665 4 30.00 30.00 4.8 4.8 0.062 0.554 27.5973 27.5973 11.93 560 750 
0.666 4 30.00 30.00 3.7 3.7 0.145 0.491 28.1723 28.1723 11.93 560 760 
0.667 4 30.00 30.00 3.7 1.2 0.132 0.210 28.1723 29.3972 11.93 560 760 
0.668 4 30.00 30.00 2.5 1.2 0.103 0.029 28.7717 29.3972 11.96 590 790 
0.669 4 30.00 30.00 2.5 -0.8 0.016 -0.013 28.7717 30.0504 11.96 560 760 
0.670 4 30.00 30.00 1.2 -0.8 0.011 0.000 29.3972 30.0504 11.96 570 760 
0.671 4 30.00 30.00 1.2 1.2 0.016 0.000 29.3972 29.3972 11.96 570 760 
0.672 4 30.00 30.00 3.7 3.7 0.020 0.118 28.1723 28.1723 11.96 570 760 
0.673 4 30.00 30.00 4.8 4.8 0.004 0.020 27.5973 27.5973 12.04 590 780 
0.674 4 30.00 30.00 3.7 8.0 0.098 0.076 28.1723 26.0052 12.04 570 760 
0.675 4 30.00 30.00 3.7 4.8 0.107 0.350 28.1723 27.5973 12.04 570 760 
0.676 4 30.00 30.00 2.5 8.0 0.096 0.411 28.7717 26.0052 12.04 560 760 
0.677 4 30.00 30.00 2.5 5.9 0.009 0.554 28.7717 27.0454 12.04 560 750 
0.678 4 30.00 30.00 2.5 2.5 0.013 0.469 28.7717 28.7717 11.85 590 780 
0.679 4 30.00 30.00 4.8 -0.8 0.016 -0.250 27.5973 30.0504 11.85 560 770 
0.680 4 30.00 30.00 2.5 -1.5 0.065 -0.004 28.7717 30.7334 11.85 560 760 
0.681 4 30.00 30.00 3.7 -1.5 0.056 -0.020 28.1723 30.7334 11.85 560 760 
0.682 4 30.00 30.00 3.7 1.2 0.045 0.022 28.1723 29.3972 11.85 570 760 
0.683 4 30.00 30.00 2.5 1.2 0.062 0.134 28.7717 29.3972 12.07 590 780 
0.684 4 30.00 30.00 1.2 4.8 0.020 0.094 29.3972 27.5973 12.07 560 750 
0.685 4 30.00 30.00 1.2 5.9 0.020 0.011 29.3972 27.0454 12.07 560 750 
0.686 4 30.00 30.00 4.8 7.0 0.025 0.199 27.5973 26.5151 12.07 560 750 
0.687 4 30.00 30.00 3.7 7.0 0.011 0.408 28.1723 26.5151 12.07 560 750 
0.688 4 30.00 30.00 4.8 3.7 0.047 0.545 27.5973 28.1723 11.71 590 780 
0.689 4 30.00 30.00 3.7 2.5 0.143 0.424 28.1723 28.7717 11.71 560 760 
0.690 4 30.00 30.00 3.7 3.7 0.141 0.096 28.1723 28.1723 11.71 560 760 
0.691 4 30.00 30.00 3.7 -0.8 0.107 -0.049 28.1723 30.0504 11.71 560 760 
0.692 4 30.00 30.00 2.5 -0.8 0.071 -0.004 28.7717 30.0504 11.71 560 760 
0.693 4 30.00 30.00 2.5 -1.5 0.025 0.000 28.7717 30.7334 12.06 590 780 
0.694 4 30.00 30.00 2.5 -0.8 0.013 -0.020 28.7717 30.0504 12.06 560 770 
0.695 4 30.00 30.00 1.2 2.5 0.013 0.000 29.3972 28.7717 12.06 560 760 
0.696 4 30.00 30.00 1.2 4.8 0.016 0.100 29.3972 27.5973 12.06 570 770 
0.697 4 30.00 30.00 1.2 9.0 0.018 0.022 29.3972 25.5145 12.06 570 760 
0.698 4 30.00 30.00 1.2 5.9 0.047 0.395 29.3972 27.0454 11.75 590 770 
0.699 4 30.00 30.00 1.2 9.0 0.038 0.562 29.3972 25.5145 11.75 560 760 
0.700 4 30.00 30.00 4.8 5.9 0.020 0.761 27.5973 27.0454 11.75 560 750 
0.701 4 30.00 30.00 5.9 2.5 0.025 0.567 27.0454 28.7717 11.75 560 750 
0.702 4 30.00 30.00 7.0 -0.8 0.217 -0.283 26.5151 30.0504 11.75 560 760 
0.703 4 30.00 30.00 4.8 -1.5 0.453 -0.002 27.5973 30.7334 11.80 590 780 
0.704 4 30.00 30.00 4.8 -1.5 0.353 -0.025 27.5973 30.7334 11.80 560 750 
0.705 4 30.00 30.00 3.7 1.2 0.321 0.018 28.1723 29.3972 11.80 560 760 
0.706 4 30.00 30.00 1.2 1.2 0.217 0.138 29.3972 29.3972 11.80 560 760 
0.707 4 30.00 30.00 -0.8 3.7 -0.025 0.087 30.0504 28.1723 11.80 560 760 
0.708 4 30.00 30.00 -0.8 4.8 0.000 0.020 30.0504 27.5973 12.07 590 790 
0.709 4 30.00 30.00 2.5 5.9 0.000 0.096 28.7717 27.0454 12.07 570 750 
0.710 4 30.00 30.00 1.2 7.0 0.060 0.272 29.3972 26.5151 12.07 560 760 
0.711 4 30.00 30.00 4.8 4.8 0.013 0.446 27.5973 27.5973 12.07 560 750 
0.712 4 30.00 30.00 3.7 4.8 0.036 0.437 28.1723 27.5973 12.07 560 760 
0.713 4 30.00 30.00 4.8 2.5 0.076 0.263 27.5973 28.7717 11.87 590 780 
0.714 4 30.00 30.00 4.8 2.5 0.143 0.121 27.5973 28.7717 11.87 570 760 
0.715 4 30.00 30.00 3.7 1.2 0.167 0.013 28.1723 29.3972 11.87 560 750 
0.716 4 30.00 30.00 2.5 -0.8 0.152 -0.011 28.7717 30.0504 11.87 560 750 
0.717 4 30.00 30.00 2.5 -0.8 0.042 -0.004 28.7717 30.0504 11.87 560 750 
0.718 4 30.00 30.00 2.5 2.5 0.011 0.007 28.7717 28.7717 12.07 590 780 
0.719 4 30.00 30.00 2.5 3.7 0.009 0.054 28.7717 28.1723 12.07 560 760 
0.720 4 30.00 30.00 2.5 8.0 0.013 0.022 28.7717 26.0052 12.07 560 760 
0.721 4 30.00 30.00 2.5 4.8 0.016 0.299 28.7717 27.5973 12.07 560 760 
0.722 4 30.00 30.00 2.5 9.0 0.016 0.391 28.7717 25.5145 12.07 560 760 
0.723 4 30.00 30.00 2.5 5.9 0.013 0.607 28.7717 27.0454 11.64 590 780 
0.724 4 30.00 30.00 2.5 3.7 0.011 0.554 28.7717 28.1723 11.64 560 760 
0.725 4 30.00 30.00 4.8 1.2 0.013 0.346 27.5973 29.3972 11.64 570 770 
0.726 4 30.00 30.00 3.7 -0.8 0.076 -0.054 28.1723 30.0504 11.64 570 760 
0.727 4 30.00 30.00 4.8 -1.5 0.112 -0.004 27.5973 30.7334 11.64 560 750 
0.728 4 30.00 30.00 4.8 1.2 0.188 0.020 27.5973 29.3972 11.94 590 780 
0.729 4 30.00 30.00 2.5 -0.8 0.228 -0.103 28.7717 30.0504 11.94 560 750 
0.730 4 30.00 30.00 1.2 3.7 0.100 0.000 29.3972 28.1723 11.94 560 760 
0.731 4 30.00 30.00 -0.8 4.8 -0.016 0.016 30.0504 27.5973 11.94 560 760 
0.732 4 30.00 30.00 3.7 7.0 0.000 0.083 28.1723 26.5151 11.94 560 760 
0.733 4 30.00 30.00 2.5 8.0 0.025 0.339 28.7717 26.0052 11.83 590 790 
0.734 4 30.00 30.00 4.8 5.9 0.011 0.585 27.5973 27.0454 11.83 560 760 
0.735 4 30.00 30.00 2.5 4.8 0.078 0.632 28.7717 27.5973 11.83 560 770 
0.736 4 30.00 30.00 3.7 2.5 0.040 0.353 28.1723 28.7717 11.83 570 770 
0.737 4 30.00 30.00 3.7 -0.8 0.038 -0.156 28.1723 30.0504 11.83 570 760 
0.738 4 30.00 30.00 2.5 -0.8 0.051 0.000 28.7717 30.0504 12.04 590 780 
0.739 4 30.00 30.00 2.5 -1.5 0.016 0.000 28.7717 30.7334 12.04 560 750 
0.740 4 30.00 30.00 2.5 -0.8 0.013 -0.018 28.7717 30.0504 12.04 560 750 
0.741 4 30.00 30.00 2.5 2.5 0.018 0.000 28.7717 28.7717 12.04 560 760 
0.742 4 30.00 30.00 3.7 4.8 0.013 0.087 28.1723 27.5973 12.04 560 760 
0.743 4 30.00 30.00 3.7 9.0 0.025 0.016 28.1723 25.5145 11.96 590 780 
0.744 4 30.00 30.00 3.7 7.0 0.051 0.371 28.1723 26.5151 11.96 560 750 
0.745 4 30.00 30.00 3.7 9.0 0.056 0.605 28.1723 25.5145 11.96 570 760 
0.746 4 30.00 30.00 3.7 5.9 0.045 0.795 28.1723 27.0454 11.96 560 750 
0.747 4 30.00 30.00 3.7 2.5 0.065 0.596 28.1723 28.7717 11.96 560 760 
0.748 4 30.00 30.00 3.7 -1.5 0.056 -0.263 28.1723 30.7334 11.94 590 790 
0.749 4 30.00 30.00 3.7 -2.9 0.074 -0.016 28.1723 31.4481 11.94 560 760 
0.750 4 30.00 30.00 2.5 -2.9 0.069 -0.076 28.7717 31.4481 11.94 570 760 
0.751 4 30.00 30.00 3.7 1.2 0.022 0.096 28.1723 29.3972 11.94 560 760 
0.752 4 30.00 30.00 1.2 1.2 0.027 0.230 29.3972 29.3972 11.94 560 750 
0.753 4 30.00 30.00 1.2 4.8 0.018 0.132 29.3972 27.5973 12.07 590 780 
0.754 4 30.00 30.00 1.2 5.9 0.016 0.018 29.3972 27.0454 12.07 560 750 
0.755 4 30.00 30.00 5.9 7.0 0.022 0.192 27.0454 26.5151 12.07 560 750 
0.756 4 30.00 30.00 4.8 8.0 0.047 0.408 27.5973 26.0052 12.07 560 750 
0.757 4 30.00 30.00 7.0 5.9 0.183 0.607 26.5151 27.0454 12.07 560 750 
0.758 4 30.00 30.00 4.8 3.7 0.308 0.618 27.5973 28.1723 11.56 590 780 
0.759 4 30.00 30.00 3.7 1.2 0.368 0.281 28.1723 29.3972 11.56 560 760 
0.760 4 30.00 30.00 2.5 -0.8 0.243 -0.038 28.7717 30.0504 11.56 560 770 
0.761 4 30.00 30.00 -0.8 -1.5 -0.083 -0.009 30.0504 30.7334 11.56 560 760 
0.762 4 30.00 30.00 -0.8 -1.5 0.000 -0.029 30.0504 30.7334 11.56 560 760 
0.763 4 30.00 30.00 1.2 -0.8 0.000 -0.025 29.3972 30.0504 12.07 600 790 
0.764 4 30.00 30.00 1.2 3.7 0.121 0.000 29.3972 28.1723 12.07 570 760 
0.765 4 30.00 30.00 5.9 5.9 0.036 0.042 27.0454 27.0454 12.07 570 740 
0.766 4 30.00 30.00 7.0 9.9 0.092 0.100 26.5151 25.0420 12.07 560 760 
0.767 4 30.00 30.00 7.0 5.9 0.337 0.484 26.5151 27.0454 12.07 560 760 
0.768 4 30.00 30.00 4.8 8.0 0.500 0.596 27.5973 26.0052 11.49 590 790 
0.769 4 30.00 30.00 2.5 4.8 0.408 0.692 28.7717 27.5973 11.49 560 750 
0.770 4 30.00 30.00 1.2 1.2 0.141 0.502 29.3972 29.3972 11.49 560 750 
0.771 4 30.00 30.00 1.2 -0.8 0.018 -0.127 29.3972 30.0504 11.49 570 760 
0.772 4 30.00 30.00 1.2 -1.5 0.020 0.000 29.3972 30.7334 11.49 570 760 
0.773 4 30.00 30.00 -0.8 -1.5 -0.020 -0.020 30.0504 30.7334 12.09 580 780 
0.774 4 30.00 30.00 2.5 2.5 0.000 0.020 28.7717 28.7717 12.09 560 760 
0.775 4 30.00 30.00 4.8 1.2 0.038 0.058 27.5973 29.3972 12.09 560 760 
0.776 4 30.00 30.00 4.8 4.8 0.020 0.031 27.5973 27.5973 12.09 570 760 
0.777 4 30.00 30.00 4.8 5.9 0.118 0.011 27.5973 27.0454 12.09 560 750 
0.778 4 30.00 30.00 4.8 7.0 0.201 0.214 27.5973 26.5151 11.80 590 780 
0.779 4 30.00 30.00 7.0 7.0 0.230 0.408 26.5151 26.5151 11.80 560 760 
0.780 4 30.00 30.00 3.7 3.7 0.384 0.556 28.1723 28.1723 11.80 560 760 
0.781 4 30.00 30.00 3.7 2.5 0.210 0.406 28.1723 28.7717 11.80 560 760 
0.782 4 30.00 30.00 2.5 -0.8 0.138 -0.096 28.7717 30.0504 11.80 560 760 
0.783 4 30.00 30.00 1.2 1.2 0.033 0.007 29.3972 29.3972 12.04 590 780 
0.784 4 30.00 30.00 -0.8 -0.8 -0.018 -0.045 30.0504 30.0504 12.04 560 760 
0.785 4 30.00 30.00 -0.8 3.7 0.000 0.000 30.0504 28.1723 12.04 560 770 
0.786 4 30.00 30.00 1.2 3.7 0.000 0.011 29.3972 28.1723 12.04 570 770 
0.787 4 30.00 30.00 3.7 4.8 0.121 0.031 28.1723 27.5973 12.04 570 770 
0.788 4 30.00 30.00 5.9 4.8 0.022 0.116 27.0454 27.5973 11.96 590 770 
0.789 4 30.00 30.00 7.0 7.0 0.172 0.208 26.5151 26.5151 11.96 560 760 
0.790 4 30.00 30.00 5.9 3.7 0.395 0.312 27.0454 28.1723 11.96 560 750 
0.791 4 30.00 30.00 4.8 5.9 0.473 0.275 27.5973 27.0454 11.96 560 750 
0.792 4 30.00 30.00 2.5 4.8 0.424 0.301 28.7717 27.5973 11.96 560 760 
0.793 4 30.00 30.00 2.5 1.2 0.109 0.259 28.7717 29.3972 11.91 590 780 
0.794 4 30.00 30.00 1.2 2.5 0.007 0.060 29.3972 28.7717 11.91 560 770 
0.795 4 30.00 30.00 1.2 1.2 0.016 0.013 29.3972 29.3972 11.91 580 770 
0.796 4 30.00 30.00 1.2 -0.8 0.018 -0.011 29.3972 30.0504 11.91 570 770 
0.797 4 30.00 30.00 1.2 4.8 0.020 0.000 29.3972 27.5973 11.91 560 760 
0.798 4 30.00 30.00 3.7 3.7 0.033 0.011 28.1723 28.1723 12.04 590 780 
0.799 4 30.00 30.00 3.7 5.9 0.020 0.071 28.1723 27.0454 12.04 560 750 
0.802 4 30.00 30.00 4.8 4.8 0.020 0.205 27.5973 27.5973 12.04 560 760 
0.803 4 30.00 30.00 4.8 2.5 0.212 0.239 27.5973 28.7717 12.04 570 760 
0.804 4 30.00 30.00 5.9 1.2 0.230 0.147 27.0454 29.3972 12.04 560 750 
0.804 4 30.00 30.00 4.8 -0.8 0.230 -0.018 27.5973 30.0504 11.94 580 780 
0.805 4 30.00 30.00 2.5 -0.8 0.292 0.000 28.7717 30.0504 11.94 560 750 
0.806 4 30.00 30.00 1.2 2.5 0.127 0.000 29.3972 28.7717 11.94 570 760 
0.807 4 30.00 30.00 1.2 2.5 0.011 0.047 29.3972 28.7717 11.94 570 760 
0.808 4 30.00 30.00 -0.8 3.7 -0.022 0.016 30.0504 28.1723 11.94 560 760 
0.809 4 30.00 30.00 2.5 4.8 0.000 0.029 28.7717 27.5973 12.07 590 800 
0.810 4 30.00 30.00 4.8 4.8 0.038 0.143 27.5973 27.5973 12.07 580 770 
0.811 4 30.00 30.00 5.9 4.8 0.025 0.217 27.0454 27.5973 12.07 560 750 
0.812 4 30.00 30.00 5.9 3.7 0.217 0.248 27.0454 28.1723 12.07 560 760 
0.813 4 30.00 30.00 5.9 4.8 0.355 0.154 27.0454 27.5973 12.07 560 760 
0.814 4 30.00 30.00 3.7 7.0 0.413 0.158 28.1723 26.5151 11.77 590 780 
0.815 4 30.00 30.00 1.2 4.8 0.306 0.344 29.3972 27.5973 11.77 560 760 
0.816 4 30.00 30.00 1.2 1.2 0.029 0.371 29.3972 29.3972 11.77 560 750 
0.817 4 30.00 30.00 1.2 1.2 0.016 0.058 29.3972 29.3972 11.77 560 750 
0.818 4 30.00 30.00 3.7 -0.8 0.029 -0.018 28.1723 30.0504 11.77 570 760 
0.819 4 30.00 30.00 2.5 -0.8 0.011 -0.002 28.7717 30.0504 12.06 590 780 
0.820 4 30.00 30.00 3.7 4.8 0.007 0.000 28.1723 27.5973 12.06 560 760 
0.821 4 30.00 30.00 4.8 3.7 0.022 0.002 27.5973 28.1723 12.06 560 760 
0.822 4 30.00 30.00 3.7 5.9 0.121 0.040 28.1723 27.0454 12.06 560 750 
0.823 4 30.00 30.00 2.5 5.9 0.132 0.185 28.7717 27.0454 12.06 560 750 
0.824 4 30.00 30.00 2.5 5.9 0.018 0.368 28.7717 27.0454 11.91 600 790 
0.825 4 30.00 30.00 5.9 5.9 0.011 0.375 27.0454 27.0454 11.91 560 750 
0.826 4 30.00 30.00 3.7 2.5 0.118 0.426 28.1723 28.7717 11.91 560 760 
0.827 4 30.00 30.00 4.8 -0.8 0.109 -0.212 27.5973 30.0504 11.91 560 760 
0.828 4 30.00 30.00 2.5 -1.5 0.174 0.000 28.7717 30.7334 11.91 560 760 
0.829 4 30.00 30.00 2.5 1.2 0.076 0.027 28.7717 29.3972 12.04 590 780 
0.830 4 30.00 30.00 2.5 1.2 0.009 0.136 28.7717 29.3972 12.04 560 750 
0.831 4 30.00 30.00 1.2 2.5 0.013 0.087 29.3972 28.7717 12.04 560 760 
0.832 4 30.00 30.00 1.2 2.5 0.018 0.016 29.3972 28.7717 12.04 560 760 
0.833 4 30.00 30.00 3.7 4.8 0.027 0.013 28.1723 27.5973 12.04 560 750 
0.834 4 30.00 30.00 4.8 4.8 0.013 0.060 27.5973 27.5973 11.98 590 780 
0.835 4 30.00 30.00 4.8 4.8 0.105 0.176 27.5973 27.5973 11.98 560 750 
0.836 4 30.00 30.00 4.8 7.0 0.205 0.196 27.5973 26.5151 11.98 560 760 
0.837 4 30.00 30.00 3.7 3.7 0.228 0.359 28.1723 28.1723 11.98 560 760 
0.838 4 30.00 30.00 3.7 4.8 0.172 0.292 28.1723 27.5973 11.98 560 760 
0.839 4 30.00 30.00 2.5 3.7 0.085 0.259 28.7717 28.1723 11.87 590 780 
0.840 4 30.00 30.00 2.5 1.2 0.025 0.170 28.7717 29.3972 11.87 580 770 
0.841 4 30.00 30.00 3.7 -0.8 0.009 -0.027 28.1723 30.0504 11.87 570 760 
0.842 4 30.00 30.00 2.5 -0.8 0.020 0.000 28.7717 30.0504 11.87 570 760 
0.843 4 30.00 30.00 2.5 4.8 0.009 0.004 28.7717 27.5973 11.87 560 750 
0.844 4 30.00 30.00 3.7 3.7 0.011 0.013 28.1723 28.1723 12.01 590 780 
0.845 4 30.00 30.00 2.5 5.9 0.007 0.076 28.7717 27.0454 12.01 560 750 
0.846 4 30.00 30.00 2.5 5.9 0.007 0.205 28.7717 27.0454 12.01 560 750 
0.847 4 30.00 30.00 2.5 5.9 0.013 0.375 28.7717 27.0454 12.01 560 750 
0.848 4 30.00 30.00 5.9 5.9 0.016 0.350 27.0454 27.0454 12.01 560 740 
0.849 4 30.00 30.00 3.7 2.5 0.109 0.404 28.1723 28.7717 11.74 590 780 
0.850 4 30.00 30.00 4.8 -0.8 0.141 -0.212 27.5973 30.0504 11.74 570 770 
0.851 4 30.00 30.00 3.7 -2.9 0.176 -0.002 28.1723 31.4481 11.74 560 760 
0.852 4 30.00 30.00 3.7 -1.5 0.156 -0.067 28.1723 30.7334 11.74 560 760 
0.853 4 30.00 30.00 2.5 -1.5 0.112 -0.033 28.7717 30.7334 11.74 560 760 
0.854 4 30.00 30.00 1.2 2.5 0.029 0.031 29.3972 28.7717 12.04 580 780 
0.855 4 30.00 30.00 1.2 5.9 0.018 0.022 29.3972 27.0454 12.04 570 750 
0.856 4 30.00 30.00 1.2 7.0 0.029 0.094 29.3972 26.5151 12.04 560 750 
0.857 4 30.00 30.00 1.2 7.0 0.051 0.359 29.3972 26.5151 12.04 560 750 
0.858 4 30.00 30.00 3.7 5.9 0.022 0.540 28.1723 27.0454 12.04 560 750 
0.859 4 30.00 30.00 3.7 5.9 0.009 0.509 28.1723 27.0454 11.83 590 770 
0.860 4 30.00 30.00 4.8 2.5 0.025 0.420 27.5973 28.7717 11.83 560 760 
0.861 4 30.00 30.00 4.8 3.7 0.125 0.212 27.5973 28.1723 11.83 570 760 
0.862 4 30.00 30.00 3.7 -0.8 0.170 -0.100 28.1723 30.0504 11.83 570 760 
0.863 4 30.00 30.00 2.5 -0.8 0.154 -0.004 28.7717 30.0504 11.83 560 760 
0.864 4 30.00 30.00 2.5 -1.5 0.042 -0.002 28.7717 30.7334 12.06 590 780 
0.865 4 30.00 30.00 2.5 -0.8 0.011 -0.022 28.7717 30.0504 12.06 570 760 
0.866 4 30.00 30.00 1.2 4.8 0.007 0.000 29.3972 27.5973 12.06 560 760 
0.867 4 30.00 30.00 1.2 4.8 0.018 0.009 29.3972 27.5973 12.06 570 770 
0.868 4 30.00 30.00 1.2 8.0 0.022 0.123 29.3972 26.0052 12.06 570 760 
0.869 4 30.00 30.00 1.2 8.0 0.031 0.397 29.3972 26.0052 11.77 590 780 
0.870 4 30.00 30.00 3.7 7.0 0.016 0.690 28.1723 26.5151 11.77 570 760 
0.871 4 30.00 30.00 11.7 5.9 0.013 0.596 24.1477 27.0454 11.77 560 750 
0.872 4 30.00 30.00 7.0 1.2 0.554 0.556 26.5151 29.3972 11.77 580 770 
0.873 4 30.00 30.00 5.9 -0.8 0.781 -0.208 27.0454 30.0504 11.77 560 760 
0.874 4 30.00 30.00 2.5 -2.9 0.491 0.000 28.7717 31.4481 11.93 590 790 
0.875 4 30.00 30.00 1.2 -2.9 0.275 -0.076 29.3972 31.4481 11.93 560 750 
0.876 4 30.00 30.00 -0.8 -2.9 -0.027 -0.112 30.0504 31.4481 11.93 560 760 
0.877 4 30.00 30.00 -1.5 1.2 0.000 0.127 30.7334 29.3972 11.93 560 760 
0.878 4 30.00 30.00 -1.5 5.9 -0.025 0.154 30.7334 27.0454 11.93 570 760 
0.879 4 30.00 30.00 -0.8 8.0 -0.025 0.036 30.0504 26.0052 11.99 590 780 
0.880 4 30.00 30.00 1.2 8.0 0.000 0.379 29.3972 26.0052 11.99 560 750 
0.881 4 30.00 30.00 5.9 7.0 0.089 0.667 27.0454 26.5151 11.99 570 750 
0.882 4 30.00 30.00 7.0 7.0 0.065 0.779 26.5151 26.5151 11.99 560 760 
0.883 4 30.00 30.00 7.0 3.7 0.326 0.562 26.5151 28.1723 11.99 560 760 
0.884 4 30.00 30.00 5.9 3.7 0.509 0.404 27.0454 28.1723 11.64 590 770 
0.885 4 30.00 30.00 4.8 1.2 0.538 0.210 27.5973 29.3972 11.64 560 770 
0.886 4 30.00 30.00 2.5 -1.5 0.359 -0.020 28.7717 30.7334 11.64 570 760 
0.887 4 30.00 30.00 1.2 -2.9 0.165 -0.016 29.3972 31.4481 11.64 560 750 
0.888 4 30.00 30.00 -0.8 -1.5 -0.025 -0.094 30.0504 30.7334 11.64 560 750 
0.889 4 30.00 30.00 -1.5 3.7 0.000 0.036 30.7334 28.1723 12.07 590 780 
0.890 4 30.00 30.00 -1.5 3.7 -0.025 0.031 30.7334 28.1723 12.07 570 760 
0.891 4 30.00 30.00 -0.8 5.9 -0.027 0.013 30.0504 27.0454 12.07 570 750 
0.892 4 30.00 30.00 1.2 7.0 0.000 0.167 29.3972 26.5151 12.07 560 760 
0.893 4 30.00 30.00 4.8 7.0 0.078 0.431 27.5973 26.5151 12.07 560 760 
0.894 4 30.00 30.00 7.0 7.0 0.013 0.471 26.5151 26.5151 11.75 590 780 
0.895 4 30.00 30.00 9.9 2.5 0.259 0.576 25.0420 28.7717 11.75 560 760 
0.896 4 30.00 30.00 7.0 -0.8 0.696 -0.317 26.5151 30.0504 11.75 560 760 
0.897 4 30.00 30.00 7.0 -2.9 0.600 -0.002 26.5151 31.4481 11.75 570 760 
0.898 4 30.00 30.00 3.7 -2.9 0.634 -0.062 28.1723 31.4481 11.75 570 760 
0.899 4 30.00 30.00 2.5 -2.9 0.444 -0.107 28.7717 31.4481 11.88 590 790 
0.900 4 30.00 30.00 -1.5 2.5 -0.165 0.136 30.7334 28.7717 11.88 570 770 
0.901 4 30.00 30.00 -1.5 5.9 -0.020 0.092 30.7334 27.0454 11.88 560 750 
0.902 4 30.00 30.00 -1.5 8.0 -0.025 0.076 30.7334 26.0052 11.88 560 760 
0.903 4 30.00 30.00 -1.5 8.0 -0.025 0.422 30.7334 26.0052 11.88 560 760 
0.904 4 30.00 30.00 2.5 7.0 0.027 0.687 28.7717 26.5151 11.64 590 780 
0.905 4 30.00 30.00 4.8 7.0 0.033 0.775 27.5973 26.5151 11.64 560 760 
0.906 4 30.00 30.00 4.8 3.7 0.027 0.592 27.5973 28.1723 11.64 560 760 
0.907 4 30.00 30.00 5.9 3.7 0.152 0.431 27.0454 28.1723 11.64 560 750 
0.908 4 30.00 30.00 4.8 -1.5 0.330 -0.217 27.5973 30.7334 11.64 570 770 
0.909 4 30.00 30.00 4.8 -2.9 0.283 -0.022 27.5973 31.4481 11.93 590 780 
0.910 4 30.00 30.00 3.7 -2.9 0.283 -0.076 28.1723 31.4481 11.93 560 760 
0.911 4 30.00 30.00 3.7 -1.5 0.188 -0.112 28.1723 30.7334 11.93 570 760 
0.912 4 30.00 30.00 1.2 4.8 0.089 0.025 29.3972 27.5973 11.93 560 760 
0.913 4 30.00 30.00 -0.8 4.8 -0.016 0.018 30.0504 27.5973 11.93 570 770 
0.914 4 30.00 30.00 -0.8 7.0 0.000 0.092 30.0504 26.5151 11.99 590 780 
0.915 4 30.00 30.00 -0.8 7.0 0.000 0.319 30.0504 26.5151 11.99 560 760 
0.916 4 30.00 30.00 1.2 7.0 0.000 0.547 29.3972 26.5151 11.99 560 760 
0.917 4 30.00 30.00 3.7 7.0 0.089 0.518 28.1723 26.5151 11.99 560 760 
0.918 4 30.00 30.00 7.0 2.5 0.022 0.589 26.5151 28.7717 11.99 560 760 
0.919 4 30.00 30.00 5.9 -0.8 0.192 -0.348 27.0454 30.0504 11.83 590 780 
0.920 4 30.00 30.00 7.0 -1.5 0.295 -0.007 26.5151 30.7334 11.83 560 760 
0.921 4 30.00 30.00 4.8 -1.5 0.471 -0.020 27.5973 30.7334 11.83 560 760 
0.922 4 30.00 30.00 4.8 -1.5 0.444 -0.029 27.5973 30.7334 11.83 560 760 
0.923 4 30.00 30.00 2.5 1.2 0.364 0.033 28.7717 29.3972 11.83 560 760 
0.924 4 30.00 30.00 1.2 3.7 0.092 0.092 29.3972 28.1723 12.07 590 780 
0.925 4 30.00 30.00 -0.8 4.8 -0.016 0.018 30.0504 27.5973 12.07 570 770 
0.926 4 30.00 30.00 -0.8 7.0 0.000 0.067 30.0504 26.5151 12.07 570 760 
0.927 4 30.00 30.00 1.2 7.0 0.000 0.335 29.3972 26.5151 12.07 560 750 
0.928 4 30.00 30.00 3.7 7.0 0.054 0.444 28.1723 26.5151 12.07 560 760 
0.929 4 30.00 30.00 3.7 3.7 0.016 0.513 28.1723 28.1723 11.75 590 780 
0.930 4 30.00 30.00 4.8 4.8 0.011 0.397 27.5973 27.5973 11.75 560 760 
0.931 4 30.00 30.00 3.7 -0.8 0.127 -0.310 28.1723 30.0504 11.75 570 760 
0.932 4 30.00 30.00 3.7 -1.5 0.118 0.000 28.1723 30.7334 11.75 560 760 
0.933 4 30.00 30.00 3.7 -2.9 0.103 -0.025 28.1723 31.4481 11.75 560 760 
0.934 4 30.00 30.00 4.8 -1.5 0.087 -0.094 27.5973 30.7334 11.98 590 780 
0.935 4 30.00 30.00 2.5 4.8 0.125 0.036 28.7717 27.5973 11.98 560 760 
0.936 4 30.00 30.00 2.5 4.8 0.060 0.031 28.7717 27.5973 11.98 560 770 
0.937 4 30.00 30.00 2.5 7.0 0.009 0.087 28.7717 26.5151 11.98 570 760 
0.938 4 30.00 30.00 1.2 7.0 0.016 0.337 29.3972 26.5151 11.98 560 750 
0.939 4 30.00 30.00 1.2 7.0 0.018 0.547 29.3972 26.5151 11.74 590 780 
0.940 4 30.00 30.00 1.2 5.9 0.020 0.522 29.3972 27.0454 11.74 560 750 
0.941 4 30.00 30.00 3.7 2.5 0.038 0.536 28.1723 28.7717 11.74 560 760 
0.942 4 30.00 30.00 2.5 -0.8 0.018 -0.288 28.7717 30.0504 11.74 570 760 
0.943 4 30.00 30.00 4.8 -2.9 0.004 -0.004 27.5973 31.4481 11.74 560 750 
0.944 4 30.00 30.00 3.7 -2.9 0.098 -0.067 28.1723 31.4481 11.94 590 780 
0.945 4 30.00 30.00 4.8 -2.9 0.125 -0.105 27.5973 31.4481 11.94 560 760 
0.946 4 30.00 30.00 4.8 2.5 0.176 0.129 27.5973 28.7717 11.94 560 760 
0.947 4 30.00 30.00 3.7 5.9 0.174 0.085 28.1723 27.0454 11.94 560 750 
0.948 4 30.00 30.00 2.5 8.0 0.156 0.076 28.7717 26.0052 11.94 560 760 
0.949 4 30.00 30.00 2.5 8.0 0.033 0.415 28.7717 26.0052 11.85 600 790 
0.950 4 30.00 30.00 2.5 7.0 0.009 0.694 28.7717 26.5151 11.85 570 760 
0.951 4 30.00 30.00 2.5 5.9 0.009 0.783 28.7717 27.0454 11.85 560 750 
0.952 4 30.00 30.00 2.5 2.5 0.013 0.513 28.7717 28.7717 11.85 560 750 
0.953 4 30.00 30.00 2.5 3.7 0.018 0.275 28.7717 28.1723 11.85 560 760 
0.954 4 30.00 30.00 2.5 1.2 0.016 0.121 28.7717 29.3972 11.98 590 790 
0.955 4 30.00 30.00 3.7 -0.8 0.013 -0.013 28.1723 30.0504 11.98 560 750 
0.956 4 30.00 30.00 4.8 -1.5 0.011 -0.002 27.5973 30.7334 11.98 560 760 
0.957 4 30.00 30.00 5.9 -0.8 0.112 -0.025 27.0454 30.0504 11.98 560 750 
0.958 4 30.00 30.00 3.7 4.8 0.239 0.000 28.1723 27.5973 11.98 560 760 
0.959 4 30.00 30.00 4.8 3.7 0.196 0.011 27.5973 28.1723 11.94 590 780 
0.960 4 30.00 30.00 3.7 5.9 0.205 0.045 28.1723 27.0454 11.94 570 750 
0.961 4 30.00 30.00 2.5 7.0 0.154 0.199 28.7717 26.5151 11.94 560 760 
0.962 4 30.00 30.00 1.2 7.0 0.047 0.446 29.3972 26.5151 11.94 570 760 
0.963 4 30.00 30.00 1.2 7.0 0.016 0.484 29.3972 26.5151 11.94 560 760 
0.964 4 30.00 30.00 3.7 2.5 0.022 0.589 28.1723 28.7717 11.72 590 780 
0.965 4 30.00 30.00 2.5 1.2 0.018 0.368 28.7717 29.3972 11.72 560 760 
0.966 4 30.00 30.00 4.8 -1.5 0.009 -0.029 27.5973 30.7334 11.72 560 760 
0.967 4 30.00 30.00 3.7 -1.5 0.105 -0.018 28.1723 30.7334 11.72 560 750 
0.968 4 30.00 30.00 4.8 -1.5 0.129 -0.033 27.5973 30.7334 11.72 560 750 
0.969 4 30.00 30.00 4.8 2.5 0.183 0.031 27.5973 28.7717 11.96 590 780 
0.970 4 30.00 30.00 3.7 4.8 0.174 0.022 28.1723 27.5973 11.96 560 750 
0.971 4 30.00 30.00 2.5 5.9 0.154 0.047 28.7717 27.0454 11.96 560 750 
0.972 4 30.00 30.00 2.5 7.0 0.033 0.250 28.7717 26.5151 11.96 560 750 
