% time 0.000 sec
% mission (0) state 2
% Motor velocity ref left, right: 2.00 2.00
% Motor voltage [V] left, right: 2.0 2.0
% Motor current left, right [A]: 0.002 0.007
% Wheel velocity [r/s] left, right: 0.0000 0.0000
% Turnrate [r/s]: 0.0000
% Battery voltage [V]: 12.12
% Get data time [us]: 590 +ctrl 740
% Extra pt.: regVelUILeft, regVelUIRight [V,V]: 0.00 0.00
0.001 2 2.00 2.00 2.0 2.0 0.036 0.033 0.0000 0.0000 0.0000 12.12 560 650 0.00 0.00 
0.002 2 2.00 2.00 2.0 2.0 0.125 0.123 0.0000 0.0000 0.0000 12.12 560 650 0.00 0.00 
0.003 2 2.00 2.00 2.0 2.0 0.163 0.152 0.0000 0.0000 0.0000 12.12 560 650 0.00 0.00 
0.004 2 2.00 2.00 2.0 2.0 0.181 0.181 0.0000 0.0000 0.0000 12.12 560 650 0.00 0.00 
0.005 2 2.00 2.00 2.0 2.0 0.181 0.179 0.0000 0.0000 0.0000 12.04 580 670 0.00 0.00 
0.006 2 2.00 2.00 2.0 2.0 0.179 0.174 0.0000 0.0000 0.0000 12.04 560 650 0.00 0.00 
0.007 2 2.00 2.00 2.0 2.0 0.174 0.174 0.0000 0.0000 0.0000 12.04 560 660 0.00 0.00 
0.008 2 2.00 2.00 2.0 2.0 0.161 0.158 0.0000 0.0000 0.0000 12.04 560 710 0.00 0.00 
0.009 2 2.00 2.00 2.0 2.0 0.163 0.152 0.0000 0.0000 0.0000 12.04 560 720 0.00 0.00 
0.010 2 2.00 2.00 2.0 2.0 0.152 0.145 0.0000 0.0000 0.0000 12.06 590 670 0.00 0.00 
0.011 2 2.00 2.00 2.0 2.0 0.152 0.134 0.0000 3.8636 -0.1267 12.06 560 780 0.00 0.00 
0.012 2 2.00 2.00 2.0 2.0 0.134 0.125 4.3066 3.8636 0.0067 12.06 560 850 0.00 0.00 
0.013 2 2.00 2.00 2.0 2.0 0.118 0.134 4.3066 3.8636 0.0092 12.06 560 790 0.00 0.00 
0.014 2 2.00 2.00 2.0 2.0 0.118 0.123 5.3449 4.4777 0.0224 12.06 560 800 0.00 0.00 
0.015 2 2.00 2.00 2.0 2.0 0.118 0.125 5.3449 4.4777 0.0227 12.06 590 810 0.00 0.00 
0.016 2 2.00 2.00 2.0 2.0 0.103 0.085 5.3449 5.9835 -0.0188 12.06 560 800 0.00 0.00 
0.017 2 2.00 2.00 2.0 2.0 0.123 0.087 6.1747 5.9835 0.0057 12.06 570 790 0.00 0.00 
0.018 2 2.00 2.00 2.0 2.0 0.092 0.092 6.1747 6.9347 -0.0081 12.06 560 760 0.00 0.00 
0.019 2 2.00 2.00 2.0 2.0 0.107 0.087 6.6614 6.9347 0.0051 12.06 560 750 0.00 0.00 
0.020 2 2.00 2.00 2.0 2.0 0.107 0.085 7.1172 7.0799 0.0011 12.06 590 740 0.00 0.00 
0.021 2 2.00 2.00 2.0 2.0 0.105 0.098 7.1172 7.0799 0.0011 12.06 560 710 0.00 0.00 
0.022 2 2.00 2.00 2.0 2.0 0.107 0.098 7.5970 6.3190 0.0318 12.06 570 760 0.00 0.00 
0.023 2 2.00 2.00 2.0 2.0 0.098 0.085 7.5970 6.3190 0.0297 12.06 560 750 0.00 0.00 
0.024 2 2.00 2.00 2.0 2.0 0.092 0.078 7.9080 8.0016 -0.0028 12.06 570 710 0.00 0.00 
0.025 2 2.00 2.00 2.0 2.0 0.087 0.078 7.9080 8.0016 -0.0028 12.06 580 800 0.00 0.00 
0.026 2 2.00 2.00 2.0 2.0 0.085 0.076 8.3992 8.0016 0.0118 12.06 560 770 0.00 0.00 
0.027 2 2.00 2.00 2.0 2.0 0.080 0.060 8.6132 9.1370 -0.0156 12.06 560 710 0.00 0.00 
0.028 2 2.00 2.00 2.0 2.0 0.074 0.078 8.6132 9.1370 -0.0156 12.06 560 710 0.00 0.00 
0.029 2 2.00 2.00 2.0 2.0 0.069 0.074 9.3908 9.1370 0.0076 12.06 560 710 0.00 0.00 
0.030 2 2.00 2.00 2.0 2.0 0.065 0.069 9.9432 9.4564 0.0145 12.06 590 730 0.00 0.00 
0.031 2 2.00 2.00 2.0 2.0 0.067 0.076 9.9432 9.4564 0.0145 12.06 560 770 0.00 0.00 
0.032 2 2.00 2.00 2.0 2.0 0.069 0.071 9.9432 9.0756 0.0258 12.06 560 770 0.00 0.00 
0.033 2 2.00 2.00 2.0 2.0 0.069 0.058 9.8706 10.2445 -0.0111 12.06 560 710 0.00 0.00 
0.034 2 2.00 2.00 2.0 2.0 0.076 0.060 10.4021 9.6591 0.0221 12.06 560 710 0.00 0.00 
0.035 2 2.00 2.00 2.0 2.0 0.071 0.058 10.0916 9.6591 0.0129 12.06 580 790 0.00 0.00 
0.036 2 2.00 2.00 2.0 2.0 0.062 0.047 10.0916 10.4827 -0.0116 12.06 560 770 0.00 0.00 
0.039 2 2.00 2.00 2.0 2.0 0.060 0.047 10.9054 10.4021 0.0150 12.06 560 770 0.00 0.00 
0.040 2 2.00 2.00 2.0 2.0 0.033 0.062 11.4599 9.9432 0.0451 12.06 570 720 0.00 0.00 
0.040 2 2.00 2.00 2.0 2.0 0.036 0.045 11.9670 9.9432 0.0602 12.06 560 770 0.00 0.00 
0.041 2 2.00 2.00 2.0 2.0 0.033 0.049 11.7589 11.4599 0.0089 12.06 590 790 0.00 0.00 
0.042 2 2.00 2.00 2.0 2.0 0.038 0.047 12.1826 11.4599 0.0215 12.06 560 770 0.00 0.00 
0.043 2 2.00 2.00 2.0 2.0 0.049 0.040 11.9670 11.8620 0.0031 12.06 560 770 0.00 0.00 
0.044 2 2.00 2.00 2.0 2.0 0.051 0.036 11.9670 10.8182 0.0342 12.06 560 760 0.00 0.00 
0.045 2 2.00 2.00 2.0 2.0 0.045 0.038 10.7323 12.0738 -0.0399 12.06 560 710 0.00 0.00 
0.046 2 2.00 2.00 2.0 2.0 0.038 0.033 12.1826 11.4599 0.0215 12.07 580 740 0.00 0.00 
0.047 2 2.00 2.00 2.0 2.0 0.029 0.038 13.2575 11.4599 0.0535 12.07 560 770 0.00 0.00 
0.048 2 2.00 2.00 2.0 2.0 0.029 0.038 12.6380 12.7573 -0.0035 12.07 560 770 0.00 0.00 
0.049 2 2.00 2.00 2.0 2.0 0.031 0.058 11.8620 11.6575 0.0061 12.07 570 780 0.00 0.00 
0.050 2 2.00 2.00 2.0 2.0 0.036 0.029 12.8788 12.8788 0.0000 12.07 560 770 0.00 0.00 
0.051 2 2.00 2.00 2.0 2.0 0.036 0.027 13.3888 11.8620 0.0454 12.07 590 790 0.00 0.00 
0.052 2 2.00 2.00 2.0 2.0 0.038 0.018 13.1288 13.1288 0.0000 12.07 560 770 0.00 0.00 
0.053 2 2.00 2.00 2.0 2.0 0.033 0.022 12.7573 13.3888 -0.0188 12.07 560 770 0.00 0.00 
0.054 2 2.00 2.00 2.0 2.0 0.027 0.022 13.1288 13.1288 0.0000 12.07 570 780 0.00 0.00 
0.055 2 2.00 2.00 2.0 2.0 0.027 0.022 13.0026 12.4061 0.0177 12.07 560 770 0.00 0.00 
0.056 2 2.00 2.00 2.0 2.0 0.020 0.020 13.5227 13.1288 0.0117 12.07 590 780 0.00 0.00 
0.057 2 2.00 2.00 2.0 2.0 0.022 0.031 13.7987 13.3888 0.0122 12.07 570 770 0.00 0.00 
0.058 2 2.00 2.00 2.0 2.0 0.025 0.025 13.7987 13.5227 0.0082 12.07 560 760 0.00 0.00 
0.059 2 2.00 2.00 2.0 2.0 0.033 0.031 13.5227 12.4061 0.0332 12.07 560 760 0.00 0.00 
0.060 2 2.00 2.00 2.0 2.0 0.029 0.025 13.7987 13.2575 0.0161 12.07 560 770 0.00 0.00 
0.061 2 2.00 2.00 2.0 2.0 0.025 0.018 13.5227 13.5227 0.0000 12.07 590 770 0.00 0.00 
0.062 2 2.00 2.00 2.0 2.0 0.020 0.013 13.7987 13.9409 -0.0042 12.07 560 770 0.00 0.00 
0.063 2 2.00 2.00 2.0 2.0 0.018 0.013 14.0861 13.2575 0.0247 12.07 560 770 0.00 0.00 
0.064 2 2.00 2.00 2.0 2.0 0.013 0.016 14.2344 13.9409 0.0087 12.07 560 770 0.00 0.00 
0.065 2 2.00 2.00 2.0 2.0 0.020 0.016 14.0861 14.0861 0.0000 12.07 570 780 0.00 0.00 
0.066 2 2.00 2.00 2.0 2.0 0.029 0.020 14.2344 14.3858 -0.0045 12.07 590 790 0.00 0.00 
0.067 2 2.00 2.00 2.0 2.0 0.033 0.025 14.2344 14.2344 0.0000 12.07 560 770 0.00 0.00 
0.068 2 2.00 2.00 2.0 2.0 0.029 0.020 14.5405 14.6986 -0.0047 12.07 560 770 0.00 0.00 
0.069 2 2.00 2.00 2.0 2.0 0.025 0.011 14.5405 14.3858 0.0046 12.07 560 770 0.00 0.00 
0.070 2 2.00 2.00 2.0 2.0 0.018 0.009 14.6986 14.6986 0.0000 12.07 560 770 0.00 0.00 
0.071 2 2.00 2.00 2.0 2.0 0.007 0.009 15.0252 15.0252 0.0000 12.07 590 790 0.00 0.00 
0.072 2 2.00 2.00 2.0 2.0 0.011 0.018 15.0252 13.3888 0.0487 12.07 560 770 0.00 0.00 
0.073 2 2.00 2.00 2.0 2.0 0.009 0.013 15.0252 14.2344 0.0235 12.07 560 770 0.00 0.00 
0.074 2 2.00 2.00 2.0 2.0 0.025 0.011 15.0252 15.1940 -0.0050 12.07 560 770 0.00 0.00 
0.075 2 2.00 2.00 2.0 2.0 0.018 0.011 15.1940 15.3667 -0.0051 12.07 570 780 0.00 0.00 
0.076 2 2.00 2.00 2.0 2.0 0.013 0.009 15.0252 13.1288 0.0564 12.07 590 790 0.00 0.00 
0.077 2 2.00 2.00 2.0 2.0 0.009 0.011 15.1940 14.0861 0.0330 12.07 560 770 0.00 0.00 
0.078 2 2.00 2.00 2.0 2.0 0.011 0.009 15.0252 14.3858 0.0190 12.07 560 770 0.00 0.00 
0.079 2 2.00 2.00 2.0 2.0 0.011 0.016 15.5433 15.0252 0.0154 12.07 570 780 0.00 0.00 
0.080 2 2.00 2.00 2.0 2.0 0.016 0.013 15.5433 15.3667 0.0053 12.07 570 780 0.00 0.00 
0.081 2 2.00 2.00 2.0 2.0 0.022 0.018 15.3667 15.0252 0.0102 12.07 590 790 0.00 0.00 
0.082 2 2.00 2.00 2.0 2.0 0.022 0.004 15.5433 15.5433 0.0000 12.07 560 770 0.00 0.00 
0.083 2 2.00 2.00 2.0 2.0 0.016 0.007 15.1940 15.1940 0.0000 12.07 560 770 0.00 0.00 
0.084 2 2.00 2.00 2.0 2.0 0.009 0.009 15.5433 15.5433 0.0000 12.07 560 770 0.00 0.00 
0.085 2 2.00 2.00 2.0 2.0 0.009 0.009 16.0984 15.3667 0.0218 12.07 560 780 0.00 0.00 
0.086 2 2.00 2.00 2.0 2.0 0.009 0.007 16.0984 15.7241 0.0111 12.07 580 790 0.00 0.00 
0.087 2 2.00 2.00 2.0 2.0 0.007 0.007 15.9091 14.8601 0.0312 12.07 560 770 0.00 0.00 
0.088 2 2.00 2.00 2.0 2.0 0.013 0.009 16.0984 15.7241 0.0111 12.07 560 770 0.00 0.00 
0.089 2 2.00 2.00 2.0 2.0 0.013 0.009 15.9091 16.0984 -0.0056 12.07 560 770 0.00 0.00 
0.090 2 2.00 2.00 2.0 2.0 0.009 0.007 15.0252 15.5433 -0.0154 12.07 560 770 0.00 0.00 
0.091 2 2.00 2.00 2.0 2.0 0.007 0.007 15.3667 15.9091 -0.0161 12.07 590 800 0.00 0.00 
0.092 2 2.00 2.00 2.0 2.0 0.007 0.009 16.0984 15.5433 0.0165 12.07 560 770 0.00 0.00 
0.093 2 2.00 2.00 2.0 2.0 0.013 0.009 15.5433 16.0984 -0.0165 12.07 560 770 0.00 0.00 
0.094 2 2.00 2.00 2.0 2.0 0.016 0.013 15.7241 16.0984 -0.0111 12.07 560 770 0.00 0.00 
0.095 2 2.00 2.00 2.0 2.0 0.013 0.007 16.2924 15.5433 0.0223 12.07 560 770 0.00 0.00 
0.096 2 2.00 2.00 2.0 2.0 0.011 0.009 16.2924 16.2924 0.0000 12.09 590 790 0.00 0.00 
0.097 2 2.00 2.00 2.0 2.0 0.009 0.013 15.9091 16.6947 -0.0234 12.09 560 780 0.00 0.00 
0.098 2 2.00 2.00 2.0 2.0 0.011 0.013 15.9091 16.6947 -0.0234 12.09 570 770 0.00 0.00 
0.099 2 2.00 2.00 2.0 2.0 0.009 0.009 16.2924 16.6947 -0.0120 12.09 560 770 0.00 0.00 
0.100 2 2.00 2.00 2.0 2.0 0.009 0.011 16.4911 16.9034 -0.0123 12.09 570 770 0.00 0.00 
0.101 2 2.00 2.00 2.0 2.0 0.011 0.004 16.4911 16.9034 -0.0123 12.07 580 780 0.00 0.00 
0.102 2 2.00 2.00 2.0 2.0 0.011 0.007 16.4911 15.9091 0.0173 12.07 570 780 0.00 0.00 
0.103 2 2.00 2.00 2.0 2.0 0.009 0.007 16.2924 16.4911 -0.0059 12.07 570 780 0.00 0.00 
0.104 2 2.00 2.00 2.0 2.0 0.007 0.009 16.4911 16.6947 -0.0061 12.07 560 770 0.00 0.00 
0.105 2 2.00 2.00 2.0 2.0 0.011 0.011 16.4911 16.2924 0.0059 12.07 560 770 0.00 0.00 
0.106 2 2.00 2.00 2.0 2.0 0.009 0.007 16.6947 16.9034 -0.0062 12.07 580 780 0.00 0.00 
0.107 2 2.00 2.00 2.0 2.0 0.011 0.011 16.4911 16.6947 -0.0061 12.07 570 770 0.00 0.00 
0.108 2 2.00 2.00 2.0 2.0 0.018 0.009 16.4911 16.6947 -0.0061 12.07 560 770 0.00 0.00 
0.109 2 2.00 2.00 2.0 2.0 0.013 0.007 16.6947 17.1173 -0.0126 12.07 560 770 0.00 0.00 
0.110 2 2.00 2.00 2.0 2.0 0.009 0.011 16.6947 16.6947 0.0000 12.07 560 770 0.00 0.00 
0.111 2 2.00 2.00 2.0 2.0 0.011 0.009 16.6947 16.9034 -0.0062 12.07 580 790 0.00 0.00 
0.112 2 2.00 2.00 2.0 2.0 0.009 0.009 16.6947 17.1173 -0.0126 12.07 560 770 0.00 0.00 
0.113 2 2.00 2.00 2.0 2.0 0.013 0.009 16.9034 16.2924 0.0182 12.07 560 760 0.00 0.00 
0.114 2 2.00 2.00 2.0 2.0 0.007 0.004 16.9034 16.6947 0.0062 12.07 560 760 0.00 0.00 
0.115 2 2.00 2.00 2.0 2.0 0.009 0.009 16.6947 17.5619 -0.0258 12.07 570 780 0.00 0.00 
0.116 2 2.00 2.00 2.0 2.0 0.009 0.007 16.9034 16.0984 0.0239 12.07 590 790 0.00 0.00 
0.117 2 2.00 2.00 2.0 2.0 0.011 0.007 16.9034 16.6947 0.0062 12.07 560 760 0.00 0.00 
0.118 2 2.00 2.00 2.0 2.0 0.011 0.011 16.4911 16.4911 0.0000 12.07 560 770 0.00 0.00 
0.119 2 2.00 2.00 2.0 2.0 0.009 0.007 16.6947 17.1173 -0.0126 12.07 560 770 0.00 0.00 
0.120 2 2.00 2.00 2.0 2.0 0.009 0.011 16.9034 17.3368 -0.0129 12.07 560 760 0.00 0.00 
0.121 2 2.00 2.00 2.0 2.0 0.011 0.011 16.6947 16.9034 -0.0062 12.07 590 780 0.00 0.00 
0.122 2 2.00 2.00 2.0 2.0 0.011 0.007 16.9034 17.3368 -0.0129 12.07 570 770 0.00 0.00 
0.123 2 2.00 2.00 2.0 2.0 0.009 0.007 16.6947 16.9034 -0.0062 12.07 560 770 0.00 0.00 
0.124 2 2.00 2.00 2.0 2.0 0.009 0.009 17.3368 17.1173 0.0065 12.07 570 780 0.00 0.00 
0.125 2 2.00 2.00 2.0 2.0 0.011 0.011 17.3368 17.5619 -0.0067 12.07 560 770 0.00 0.00 
0.126 2 2.00 2.00 2.0 2.0 0.009 0.009 17.3368 16.4911 0.0252 12.07 590 790 0.00 0.00 
0.127 2 2.00 2.00 2.0 2.0 0.009 0.011 17.3368 17.3368 0.0000 12.07 570 780 0.00 0.00 
0.128 2 2.00 2.00 2.0 2.0 0.009 0.007 17.1173 17.7930 -0.0201 12.07 560 770 0.00 0.00 
0.129 2 2.00 2.00 2.0 2.0 0.013 0.009 16.0984 17.1173 -0.0303 12.07 560 770 0.00 0.00 
0.130 2 2.00 2.00 2.0 2.0 0.011 0.009 16.6947 17.5619 -0.0258 12.07 560 770 0.00 0.00 
0.131 2 2.00 2.00 2.0 2.0 0.011 0.009 17.3368 17.7930 -0.0136 12.07 580 800 0.00 0.00 
0.132 2 2.00 2.00 2.0 2.0 0.009 0.011 16.4911 17.1173 -0.0186 12.07 560 770 0.00 0.00 
0.133 2 2.00 2.00 2.0 2.0 0.009 0.007 16.9034 17.5619 -0.0196 12.07 560 760 0.00 0.00 
0.134 2 2.00 2.00 2.0 2.0 0.013 0.009 17.5619 16.9034 0.0196 12.07 560 770 0.00 0.00 
0.135 2 2.00 2.00 2.0 2.0 0.013 0.009 17.3368 18.0303 -0.0206 12.07 560 710 0.00 0.00 
0.136 2 2.00 2.00 2.0 2.0 0.011 0.009 17.1173 18.0303 -0.0272 12.07 590 790 0.00 0.00 
0.137 2 2.00 2.00 2.0 2.0 0.011 0.009 16.9034 17.3368 -0.0129 12.07 560 760 0.00 0.00 
0.138 2 2.00 2.00 2.0 2.0 0.009 0.009 17.1173 18.0303 -0.0272 12.07 560 770 0.00 0.00 
0.139 2 2.00 2.00 2.0 2.0 0.007 0.007 17.3368 18.0303 -0.0206 12.07 560 720 0.00 0.00 
0.140 2 2.00 2.00 2.0 2.0 0.009 0.009 17.1173 17.1173 0.0000 12.07 560 780 0.00 0.00 
0.141 2 2.00 2.00 2.0 2.0 0.009 0.007 17.1173 17.7930 -0.0201 12.07 590 790 0.00 0.00 
0.142 2 2.00 2.00 2.0 2.0 0.011 0.011 16.9034 17.7930 -0.0265 12.07 560 710 0.00 0.00 
0.143 2 2.00 2.00 2.0 2.0 0.011 0.009 17.1173 17.3368 -0.0065 12.07 560 720 0.00 0.00 
0.144 2 2.00 2.00 2.0 2.0 0.011 0.004 17.3368 17.5619 -0.0067 12.07 560 710 0.00 0.00 
0.145 2 2.00 2.00 2.0 2.0 0.009 0.007 16.9034 17.7930 -0.0265 12.07 560 700 0.00 0.00 
0.146 2 2.00 2.00 2.0 2.0 0.011 0.007 17.1173 17.5619 -0.0132 12.07 590 730 0.00 0.00 
0.147 2 2.00 2.00 2.0 2.0 0.009 0.009 17.1173 18.0303 -0.0272 12.07 560 720 0.00 0.00 
0.148 2 2.00 2.00 2.0 2.0 0.009 0.011 17.3368 17.7930 -0.0136 12.07 560 710 0.00 0.00 
0.149 2 2.00 2.00 2.0 2.0 0.011 0.011 17.3368 17.5619 -0.0067 12.07 560 710 0.00 0.00 
0.150 2 2.00 2.00 2.0 2.0 0.013 0.009 17.3368 18.0303 -0.0206 12.07 560 710 0.00 0.00 
0.151 2 2.00 2.00 2.0 2.0 0.013 0.009 17.5619 17.5619 0.0000 12.07 590 740 0.00 0.00 
0.152 2 2.00 2.00 2.0 2.0 0.009 0.009 17.3368 18.5242 -0.0353 12.07 560 710 0.00 0.00 
0.153 2 2.00 2.00 2.0 2.0 0.011 0.009 17.3368 18.5242 -0.0353 12.07 560 710 0.00 0.00 
0.154 2 2.00 2.00 2.0 2.0 0.009 0.013 17.3368 17.5619 -0.0067 12.07 560 780 0.00 0.00 
0.155 2 2.00 2.00 2.0 2.0 0.011 0.007 17.3368 17.3368 0.0000 12.07 560 770 0.00 0.00 
0.156 2 2.00 2.00 2.0 2.0 0.007 0.009 16.9034 18.0303 -0.0335 12.07 590 730 0.00 0.00 
0.157 2 2.00 2.00 2.0 2.0 0.011 0.007 17.3368 18.2739 -0.0279 12.07 570 780 0.00 0.00 
0.158 2 2.00 2.00 2.0 2.0 0.007 0.009 17.5619 17.5619 0.0000 12.07 560 780 0.00 0.00 
0.159 2 2.00 2.00 2.0 2.0 0.009 0.009 17.3368 18.2739 -0.0279 12.07 560 710 0.00 0.00 
0.160 2 2.00 2.00 2.0 2.0 0.007 0.009 17.3368 18.0303 -0.0206 12.07 560 780 0.00 0.00 
0.161 2 2.00 2.00 2.0 2.0 0.013 0.011 17.1173 18.0303 -0.0272 12.07 590 790 0.00 0.00 
0.162 2 2.00 2.00 2.0 2.0 0.009 0.007 18.0303 18.5242 -0.0147 12.07 560 770 0.00 0.00 
0.163 2 2.00 2.00 2.0 2.0 0.011 0.011 17.7930 17.3368 0.0136 12.07 560 780 0.00 0.00 
0.164 2 2.00 2.00 2.0 2.0 0.011 0.011 18.0303 18.2739 -0.0072 12.07 570 780 0.00 0.00 
0.165 2 2.00 2.00 2.0 2.0 0.009 0.009 17.7930 18.5242 -0.0218 12.07 570 780 0.00 0.00 
0.166 2 2.00 2.00 2.0 2.0 0.013 0.013 17.7930 18.2739 -0.0143 12.09 590 800 0.00 0.00 
0.167 2 2.00 2.00 2.0 2.0 0.007 0.011 16.6947 17.7930 -0.0327 12.09 560 770 0.00 0.00 
0.168 2 2.00 2.00 2.0 2.0 0.009 0.011 17.1173 18.2739 -0.0344 12.09 560 770 0.00 0.00 
0.169 2 2.00 2.00 2.0 2.0 0.011 0.007 17.7930 17.5619 0.0069 12.09 560 770 0.00 0.00 
0.170 2 2.00 2.00 2.0 2.0 0.007 0.009 17.1173 17.5619 -0.0132 12.09 560 770 0.00 0.00 
0.171 2 2.00 2.00 2.0 2.0 0.007 0.009 17.3368 18.2739 -0.0279 12.07 590 790 0.00 0.00 
0.172 2 2.00 2.00 2.0 2.0 0.011 0.009 17.7930 18.7815 -0.0294 12.07 560 770 0.00 0.00 
0.173 2 2.00 2.00 2.0 2.0 0.011 0.011 17.3368 18.0303 -0.0206 12.07 560 770 0.00 0.00 
0.174 2 2.00 2.00 2.0 2.0 0.011 0.009 17.5619 18.5242 -0.0286 12.07 570 780 0.00 0.00 
0.175 2 2.00 2.00 2.0 2.0 0.009 0.011 17.3368 18.5242 -0.0353 12.07 560 780 0.00 0.00 
0.176 2 2.00 2.00 2.0 2.0 0.011 0.009 17.7930 17.5619 0.0069 12.07 590 800 0.00 0.00 
0.177 2 2.00 2.00 2.0 2.0 0.009 0.011 17.5619 18.2739 -0.0212 12.07 560 770 0.00 0.00 
0.178 2 2.00 2.00 2.0 2.0 0.009 0.009 17.3368 18.5242 -0.0353 12.07 560 770 0.00 0.00 
0.179 2 2.00 2.00 2.0 2.0 0.011 0.009 17.5619 18.0303 -0.0139 12.07 560 780 0.00 0.00 
0.180 2 2.00 2.00 2.0 2.0 0.011 0.007 17.3368 18.5242 -0.0353 12.07 560 770 0.00 0.00 
0.181 2 2.00 2.00 2.0 2.0 0.011 0.009 17.5619 18.5242 -0.0286 12.07 590 790 0.00 0.00 
0.182 2 2.00 2.00 2.0 2.0 0.011 0.009 17.5619 18.2739 -0.0212 12.07 570 770 0.00 0.00 
0.183 2 2.00 2.00 2.0 2.0 0.004 0.011 17.3368 18.5242 -0.0353 12.07 560 780 0.00 0.00 
0.184 2 2.00 2.00 2.0 2.0 0.009 0.013 17.3368 18.5242 -0.0353 12.07 560 770 0.00 0.00 
0.185 2 2.00 2.00 2.0 2.0 0.004 0.013 17.5619 18.2739 -0.0212 12.07 560 770 0.00 0.00 
0.186 2 2.00 2.00 2.0 2.0 0.009 0.011 17.5619 18.7815 -0.0363 12.07 590 800 0.00 0.00 
0.187 2 2.00 2.00 2.0 2.0 0.011 0.007 17.5619 18.2739 -0.0212 12.07 560 770 0.00 0.00 
0.188 2 2.00 2.00 2.0 2.0 0.013 0.009 17.7930 19.0460 -0.0373 12.07 560 770 0.00 0.00 
0.189 2 2.00 2.00 2.0 2.0 0.007 0.009 17.7930 18.5242 -0.0218 12.07 560 770 0.00 0.00 
0.190 2 2.00 2.00 2.0 2.0 0.009 0.013 17.7930 18.0303 -0.0071 12.07 560 770 0.00 0.00 
0.191 2 2.00 2.00 2.0 2.0 0.007 0.009 17.7930 17.7930 0.0000 12.09 580 790 0.00 0.00 
0.192 2 2.00 2.00 2.0 2.0 0.013 0.011 17.7930 18.5242 -0.0218 12.09 560 780 0.00 0.00 
0.193 2 2.00 2.00 2.0 2.0 0.011 0.009 17.3368 18.7815 -0.0430 12.09 560 770 0.00 0.00 
0.194 2 2.00 2.00 2.0 2.0 0.007 0.007 17.5619 18.0303 -0.0139 12.09 560 770 0.00 0.00 
0.195 2 2.00 2.00 2.0 2.0 0.007 0.011 17.7930 18.0303 -0.0071 12.09 560 780 0.00 0.00 
0.196 2 2.00 2.00 2.0 2.0 0.016 0.009 17.5619 18.5242 -0.0286 12.07 590 800 0.00 0.00 
0.197 2 2.00 2.00 2.0 2.0 0.009 0.011 17.5619 18.2739 -0.0212 12.07 570 780 0.00 0.00 
0.198 2 2.00 2.00 2.0 2.0 0.011 0.009 17.3368 16.6947 0.0191 12.07 560 780 0.00 0.00 
0.199 2 2.00 2.00 2.0 2.0 0.011 0.007 17.5619 18.2739 -0.0212 12.07 560 770 0.00 0.00 
0.200 4 -2.00 -2.00 -2.0 -2.0 -0.016 -0.011 17.7930 18.5242 -0.0218 12.07 560 780 0.00 0.00 
0.201 4 -2.00 -2.00 -2.0 -2.0 -0.020 -0.027 18.0303 18.0303 0.0000 12.06 590 800 0.00 0.00 
0.202 4 -2.00 -2.00 -2.0 -2.0 -0.036 -0.036 17.7930 18.0303 -0.0071 12.06 560 770 0.00 0.00 
0.203 4 -2.00 -2.00 -2.0 -2.0 -0.040 -0.051 17.5619 17.3368 0.0067 12.06 560 780 0.00 0.00 
0.204 4 -2.00 -2.00 -2.0 -2.0 -0.051 -0.054 14.2344 17.1173 -0.0858 12.06 560 770 0.00 0.00 
0.205 4 -2.00 -2.00 -2.0 -2.0 -0.054 -0.056 15.0252 15.7241 -0.0208 12.06 560 770 0.00 0.00 
0.206 4 -2.00 -2.00 -2.0 -2.0 -0.056 -0.042 14.6986 15.1940 -0.0147 12.04 590 790 0.00 0.00 
0.207 4 -2.00 -2.00 -2.0 -2.0 -0.054 -0.038 12.5210 12.8788 -0.0106 12.04 570 770 0.00 0.00 
0.208 4 -2.00 -2.00 -2.0 -2.0 -0.045 -0.051 12.5210 13.2575 -0.0219 12.04 560 770 0.00 0.00 
0.209 4 -2.00 -2.00 -2.0 -2.0 -0.038 -0.045 10.5646 12.6380 -0.0617 12.04 560 760 0.00 0.00 
0.210 4 -2.00 -2.00 -2.0 -2.0 -0.033 -0.047 10.5646 11.3636 -0.0238 12.04 560 760 0.00 0.00 
0.211 4 -2.00 -2.00 -2.0 -2.0 -0.047 -0.049 10.9054 9.8706 0.0308 12.04 590 790 0.00 0.00 
0.212 4 -2.00 -2.00 -2.0 -2.0 -0.038 -0.040 10.9054 9.8706 0.0308 12.04 560 760 0.00 0.00 
0.213 4 -2.00 -2.00 -2.0 -2.0 -0.047 -0.047 9.4564 9.6591 -0.0060 12.04 560 770 0.00 0.00 
0.214 4 -2.00 -2.00 -2.0 -2.0 -0.042 -0.042 7.8166 8.1956 -0.0113 12.04 560 770 0.00 0.00 
0.215 4 -2.00 -2.00 -2.0 -2.0 -0.045 -0.036 7.8166 8.1956 -0.0113 12.04 560 760 0.00 0.00 
0.216 4 -2.00 -2.00 -2.0 -2.0 -0.038 -0.040 6.5644 7.2314 -0.0344 12.06 590 830 0.00 0.00 
0.217 4 -2.00 -2.00 -2.0 -2.0 -0.042 -0.036 6.5644 7.2314 -0.0391 12.06 560 800 0.00 0.00 
0.218 4 -2.00 -2.00 -2.0 -2.0 -0.040 -0.033 6.5644 6.0369 0.0099 12.06 560 850 0.00 0.00 
0.219 4 -2.00 -2.00 -2.0 -2.0 -0.042 -0.036 4.5226 5.4748 -0.0326 12.06 560 860 0.00 0.00 
0.220 4 -2.00 -2.00 -2.0 -2.0 -0.038 -0.042 4.3481 5.4748 -0.0380 12.06 560 840 0.00 0.00 
0.221 4 -2.00 -2.00 -2.0 -2.0 -0.033 -0.040 4.3481 4.8468 -0.0180 12.04 590 870 0.00 0.00 
0.222 4 -2.00 -2.00 -2.0 -2.0 -0.033 -0.038 4.3481 4.2929 0.0007 12.04 560 860 0.00 0.00 
0.223 4 -2.00 -2.00 -2.0 -2.0 -0.033 -0.036 3.4852 4.2929 -0.0267 12.04 560 840 0.00 0.00 
0.224 4 -2.00 -2.00 -2.0 -2.0 -0.042 -0.036 2.7710 4.2929 -0.0518 12.04 560 840 0.00 0.00 
0.225 4 -2.00 -2.00 -2.0 -2.0 -0.038 -0.036 2.2998 3.7356 -0.0521 12.04 560 840 0.00 0.00 
0.226 4 -2.00 -2.00 -2.0 -2.0 -0.036 -0.038 1.9570 2.9144 -0.0388 12.06 590 870 0.00 0.00 
0.227 4 -2.00 -2.00 -2.0 -2.0 -0.036 -0.036 1.7161 2.4062 -0.0312 12.06 560 840 0.00 0.00 
0.228 4 -2.00 -2.00 -2.0 -2.0 -0.025 -0.031 1.5228 2.0427 -0.0262 12.06 560 840 0.00 0.00 
0.229 4 -2.00 -2.00 -2.0 -2.0 -0.036 -0.022 1.3687 1.7746 -0.0227 12.06 560 850 0.00 0.00 
0.230 4 -2.00 -2.00 -2.0 -2.0 -0.036 -0.036 1.2429 1.5688 -0.0202 12.06 560 840 0.00 0.00 
0.231 4 -2.00 -2.00 -2.0 -2.0 -0.033 -0.033 1.1354 1.4028 -0.0182 12.06 580 870 0.00 0.00 
0.232 4 -2.00 -2.00 -2.0 -2.0 -0.033 -0.027 1.0499 1.2733 -0.0167 12.06 560 860 0.00 0.00 
0.233 4 -2.00 -2.00 -2.0 -2.0 -0.031 -0.033 -1.0002 -1.2603 -0.0026 12.06 560 860 0.00 0.00 
0.234 4 -2.00 -2.00 -2.0 -2.0 -0.031 -0.031 -1.0002 -1.2603 -0.0029 12.06 560 840 0.00 0.00 
0.235 4 -2.00 -2.00 -2.0 -2.0 -0.027 -0.029 -1.0002 -1.2603 -0.0033 12.06 560 840 0.00 0.00 
0.236 4 -2.00 -2.00 -2.0 -2.0 -0.029 -0.033 -1.0002 -3.4763 0.0457 12.07 590 880 0.00 0.00 
0.237 4 -2.00 -2.00 -2.0 -2.0 -0.033 -0.027 -3.3977 -3.4763 -0.0145 12.07 560 860 0.00 0.00 
0.238 4 -2.00 -2.00 -2.0 -2.0 -0.027 -0.029 -3.3977 -3.4763 -0.0077 12.07 560 840 0.00 0.00 
0.239 4 -2.00 -2.00 -2.0 -2.0 -0.031 -0.022 -3.3977 -3.4763 -0.0036 12.07 560 850 0.00 0.00 
0.240 4 -2.00 -2.00 -2.0 -2.0 -0.022 -0.027 -4.5840 -4.1608 -0.0141 12.07 560 850 0.00 0.00 
0.241 4 -2.00 -2.00 -2.0 -2.0 -0.036 -0.031 -4.5840 -4.1608 -0.0120 12.06 590 870 0.00 0.00 
0.242 4 -2.00 -2.00 -2.0 -2.0 -0.027 -0.025 -4.5840 -5.2010 0.0176 12.06 560 860 0.00 0.00 
0.243 4 -2.00 -2.00 -2.0 -2.0 -0.031 -0.025 -5.2617 -5.2010 -0.0018 12.06 560 840 0.00 0.00 
0.244 4 -2.00 -2.00 -2.0 -2.0 -0.029 -0.013 -5.2617 -5.2010 -0.0015 12.06 560 850 0.00 0.00 
0.245 4 -2.00 -2.00 -2.0 -2.0 -0.029 -0.029 -6.1467 -5.6818 -0.0128 12.06 560 850 0.00 0.00 
0.246 4 -2.00 -2.00 -2.0 -2.0 -0.029 -0.027 -6.1467 -5.6818 -0.0127 12.06 590 870 0.00 0.00 
0.247 4 -2.00 -2.00 -2.0 -2.0 -0.031 -0.025 -7.0799 -6.1467 -0.0170 12.06 560 810 0.00 0.00 
0.248 4 -2.00 -2.00 -2.0 -2.0 -0.033 -0.029 -7.0799 -6.1467 -0.0176 12.06 560 810 0.00 0.00 
0.249 4 -2.00 -2.00 -2.0 -2.0 -0.027 -0.031 -6.8993 -6.1189 -0.0134 12.06 560 810 0.00 0.00 
0.250 4 -2.00 -2.00 -2.0 -2.0 -0.020 -0.020 -6.8993 -6.1189 -0.0137 12.06 560 810 0.00 0.00 
0.251 4 -2.00 -2.00 -2.0 -2.0 -0.027 -0.022 -6.6614 -6.8993 0.0008 12.07 590 830 0.00 0.00 
0.252 4 -2.00 -2.00 -2.0 -2.0 -0.025 -0.029 -6.6614 -6.8993 -0.0011 12.07 560 820 0.00 0.00 
0.253 4 -2.00 -2.00 -2.0 -2.0 -0.025 -0.029 -7.4301 -7.6399 0.0062 12.07 560 770 0.00 0.00 
0.254 4 -2.00 -2.00 -2.0 -2.0 -0.025 -0.025 -8.2455 -7.6399 -0.0180 12.07 560 770 0.00 0.00 
0.255 4 -2.00 -2.00 -2.0 -2.0 -0.020 -0.025 -8.2455 -7.9080 -0.0100 12.07 560 770 0.00 0.00 
0.256 4 -2.00 -2.00 -2.0 -2.0 -0.025 -0.022 -8.0016 -7.4711 -0.0158 12.07 590 790 0.00 0.00 
0.257 4 -2.00 -2.00 -2.0 -2.0 -0.031 -0.027 -8.0016 -7.4711 -0.0158 12.07 560 760 0.00 0.00 
0.258 4 -2.00 -2.00 -2.0 -2.0 -0.029 -0.020 -7.5126 -8.3473 0.0248 12.07 560 770 0.00 0.00 
0.259 4 -2.00 -2.00 -2.0 -2.0 -0.022 -0.025 -8.7243 -8.3473 -0.0112 12.07 560 770 0.00 0.00 
0.260 4 -2.00 -2.00 -2.0 -2.0 -0.029 -0.020 -8.7243 -7.9080 -0.0243 12.07 560 770 0.00 0.00 
0.261 4 -2.00 -2.00 -2.0 -2.0 -0.022 -0.025 -9.2621 -9.0151 -0.0073 12.07 590 790 0.00 0.00 
0.262 4 -2.00 -2.00 -2.0 -2.0 -0.027 -0.025 -9.0756 -9.0151 -0.0018 12.07 560 770 0.00 0.00 
0.263 4 -2.00 -2.00 -2.0 -2.0 -0.020 -0.027 -9.0756 -8.5587 -0.0154 12.07 560 770 0.00 0.00 
0.264 4 -2.00 -2.00 -2.0 -2.0 -0.022 -0.020 -9.5906 -9.2621 -0.0098 12.07 560 770 0.00 0.00 
0.265 4 -2.00 -2.00 -2.0 -2.0 -0.025 -0.025 -9.3260 -9.2621 -0.0019 12.07 560 770 0.00 0.00 
0.266 4 -2.00 -2.00 -2.0 -2.0 -0.025 -0.027 -10.0168 -8.6684 -0.0401 12.07 580 790 0.00 0.00 
0.267 4 -2.00 -2.00 -2.0 -2.0 -0.020 -0.020 -10.0168 -9.9432 -0.0022 12.07 560 770 0.00 0.00 
0.268 4 -2.00 -2.00 -2.0 -2.0 -0.029 -0.022 -9.5230 -9.9432 0.0125 12.07 560 770 0.00 0.00 
0.269 4 -2.00 -2.00 -2.0 -2.0 -0.027 -0.022 -9.3908 -10.0916 0.0208 12.07 560 770 0.00 0.00 
0.270 4 -2.00 -2.00 -2.0 -2.0 -0.029 -0.020 -9.3908 -10.0916 0.0208 12.07 560 770 0.00 0.00 
0.271 4 -2.00 -2.00 -2.0 -2.0 -0.022 -0.020 -10.0168 -9.1991 -0.0243 12.07 590 790 0.00 0.00 
0.272 4 -2.00 -2.00 -2.0 -2.0 -0.027 -0.018 -9.9432 -9.1991 -0.0221 12.07 560 770 0.00 0.00 
0.273 4 -2.00 -2.00 -2.0 -2.0 -0.027 -0.022 -10.1674 -10.5646 0.0118 12.07 560 760 0.00 0.00 
0.274 4 -2.00 -2.00 -2.0 -2.0 -0.027 -0.022 -10.1674 -10.1674 0.0000 12.07 560 770 0.00 0.00 
0.275 4 -2.00 -2.00 -2.0 -2.0 -0.022 -0.025 -10.6478 -10.5646 -0.0025 12.07 560 760 0.00 0.00 
0.276 4 -2.00 -2.00 -2.0 -2.0 -0.031 -0.020 -10.4021 -10.4021 0.0000 12.07 590 790 0.00 0.00 
0.277 4 -2.00 -2.00 -2.0 -2.0 -0.027 -0.018 -10.0916 -10.2445 0.0045 12.07 560 770 0.00 0.00 
0.278 4 -2.00 -2.00 -2.0 -2.0 -0.025 -0.022 -10.4827 -11.0842 0.0179 12.07 570 770 0.00 0.00 
0.279 4 -2.00 -2.00 -2.0 -2.0 -0.018 -0.022 -10.4827 -10.4021 -0.0024 12.07 570 770 0.00 0.00 
0.280 4 -2.00 -2.00 -2.0 -2.0 -0.020 -0.025 -10.7323 -11.0842 0.0105 12.07 560 770 0.00 0.00 
0.281 4 -2.00 -2.00 -2.0 -2.0 -0.018 -0.018 -10.9054 -11.2689 0.0108 12.07 590 790 0.00 0.00 
0.282 4 -2.00 -2.00 -2.0 -2.0 -0.018 -0.018 -10.9941 -11.2689 0.0082 12.07 560 770 0.00 0.00 
0.283 4 -2.00 -2.00 -2.0 -2.0 -0.029 -0.018 -11.0842 -11.5579 0.0141 12.07 560 770 0.00 0.00 
0.284 4 -2.00 -2.00 -2.0 -2.0 -0.029 -0.020 -11.0842 -10.9054 -0.0053 12.07 560 770 0.00 0.00 
0.285 4 -2.00 -2.00 -2.0 -2.0 -0.025 -0.025 -11.2689 -11.3636 0.0028 12.07 560 770 0.00 0.00 
0.286 4 -2.00 -2.00 -2.0 -2.0 -0.022 -0.018 -11.2689 -10.0168 -0.0373 12.07 580 790 0.00 0.00 
0.287 4 -2.00 -2.00 -2.0 -2.0 -0.022 -0.025 -11.4599 -10.0168 -0.0429 12.07 560 770 0.00 0.00 
0.288 4 -2.00 -2.00 -2.0 -2.0 -0.025 -0.020 -11.3636 -11.8620 0.0148 12.07 560 770 0.00 0.00 
0.289 4 -2.00 -2.00 -2.0 -2.0 -0.025 -0.022 -11.4599 -12.7573 0.0386 12.07 560 770 0.00 0.00 
0.290 4 -2.00 -2.00 -2.0 -2.0 -0.027 -0.018 -11.4599 -11.8620 0.0120 12.07 560 770 0.00 0.00 
0.291 4 -2.00 -2.00 -2.0 -2.0 -0.020 -0.022 -11.6575 -10.6478 -0.0300 12.07 590 790 0.00 0.00 
0.292 4 -2.00 -2.00 -2.0 -2.0 -0.022 -0.020 -11.5579 -12.0738 0.0154 12.07 560 770 0.00 0.00 
0.293 4 -2.00 -2.00 -2.0 -2.0 -0.025 -0.022 -11.6575 -11.8620 0.0061 12.07 560 770 0.00 0.00 
0.294 4 -2.00 -2.00 -2.0 -2.0 -0.022 -0.022 -11.3636 -11.9670 0.0180 12.07 560 770 0.00 0.00 
0.295 4 -2.00 -2.00 -2.0 -2.0 -0.025 -0.022 -11.7589 -11.9670 0.0062 12.07 560 770 0.00 0.00 
0.296 4 -2.00 -2.00 -2.0 -2.0 -0.016 -0.025 -11.8620 -11.7589 -0.0031 12.07 590 790 0.00 0.00 
0.297 4 -2.00 -2.00 -2.0 -2.0 -0.020 -0.020 -11.8620 -12.5210 0.0196 12.07 560 770 0.00 0.00 
0.298 4 -2.00 -2.00 -2.0 -2.0 -0.025 -0.022 -11.7589 -11.9670 0.0062 12.07 560 770 0.00 0.00 
0.299 4 -2.00 -2.00 -2.0 -2.0 -0.025 -0.025 -11.5579 -12.2934 0.0219 12.07 560 770 0.00 0.00 
0.300 4 -2.00 -2.00 -2.0 -2.0 -0.025 -0.022 -11.9670 -12.1826 0.0064 12.07 570 780 0.00 0.00 
0.301 4 -2.00 -2.00 -2.0 -2.0 -0.029 -0.027 -11.8620 -12.7573 0.0266 12.07 590 790 0.00 0.00 
0.302 4 -2.00 -2.00 -2.0 -2.0 -0.027 -0.018 -11.9670 -11.7589 -0.0062 12.07 560 770 0.00 0.00 
0.303 4 -2.00 -2.00 -2.0 -2.0 -0.022 -0.022 -12.4061 -12.4061 0.0000 12.07 560 770 0.00 0.00 
0.304 4 -2.00 -2.00 -2.0 -2.0 -0.022 -0.022 -12.1826 -12.5210 0.0101 12.07 560 770 0.00 0.00 
0.305 4 -2.00 -2.00 -2.0 -2.0 -0.022 -0.016 -11.9670 -13.0026 0.0308 12.07 560 770 0.00 0.00 
0.306 4 -2.00 -2.00 -2.0 -2.0 -0.025 -0.020 -11.9670 -12.2934 0.0097 12.07 580 800 0.00 0.00 
0.307 4 -2.00 -2.00 -2.0 -2.0 -0.013 -0.027 -12.1826 -11.5579 -0.0186 12.07 560 780 0.00 0.00 
0.308 4 -2.00 -2.00 -2.0 -2.0 -0.025 -0.020 -11.8620 -12.8788 0.0302 12.07 560 770 0.00 0.00 
0.309 4 -2.00 -2.00 -2.0 -2.0 -0.022 -0.022 -12.5210 -12.8788 0.0106 12.07 560 770 0.00 0.00 
0.310 4 -2.00 -2.00 -2.0 -2.0 -0.027 -0.022 -13.3888 -13.1288 -0.0077 12.07 560 770 0.00 0.00 
0.311 4 -2.00 -2.00 -2.0 -2.0 -0.025 -0.022 -12.5210 -12.0738 -0.0133 12.07 580 790 0.00 0.00 
0.312 4 -2.00 -2.00 -2.0 -2.0 -0.020 -0.020 -11.8620 -12.8788 0.0302 12.07 560 770 0.00 0.00 
0.313 4 -2.00 -2.00 -2.0 -2.0 -0.029 -0.020 -12.6380 -13.5227 0.0263 12.07 560 760 0.00 0.00 
0.314 4 -2.00 -2.00 -2.0 -2.0 -0.025 -0.022 -13.3888 -13.3888 0.0000 12.07 560 770 0.00 0.00 
0.315 4 -2.00 -2.00 -2.0 -2.0 -0.029 -0.027 -12.5210 -12.0738 -0.0133 12.07 560 770 0.00 0.00 
0.316 4 -2.00 -2.00 -2.0 -2.0 -0.022 -0.018 -11.3636 -13.1288 0.0525 12.07 590 790 0.00 0.00 
0.317 4 -2.00 -2.00 -2.0 -2.0 -0.020 -0.020 -12.7573 -12.0738 -0.0203 12.07 560 770 0.00 0.00 
0.318 4 -2.00 -2.00 -2.0 -2.0 -0.025 -0.022 -13.1288 -13.5227 0.0117 12.07 560 760 0.00 0.00 
0.319 4 -2.00 -2.00 -2.0 -2.0 -0.020 -0.022 -12.7573 -12.4061 -0.0104 12.07 560 770 0.00 0.00 
0.320 4 -2.00 -2.00 -2.0 -2.0 -0.022 -0.020 -13.2575 -13.2575 0.0000 12.07 560 770 0.00 0.00 
0.321 4 -2.00 -2.00 -2.0 -2.0 -0.025 -0.022 -13.1288 -12.1826 -0.0282 12.07 590 790 0.00 0.00 
0.322 4 -2.00 -2.00 -2.0 -2.0 -0.022 -0.022 -12.8788 -12.8788 0.0000 12.07 560 770 0.00 0.00 
0.323 4 -2.00 -2.00 -2.0 -2.0 -0.018 -0.016 -13.5227 -13.2575 -0.0079 12.07 560 760 0.00 0.00 
0.324 4 -2.00 -2.00 -2.0 -2.0 -0.018 -0.022 -12.8788 -13.3888 0.0152 12.07 560 770 0.00 0.00 
0.325 4 -2.00 -2.00 -2.0 -2.0 -0.022 -0.025 -12.4061 -12.0738 -0.0099 12.07 560 770 0.00 0.00 
0.326 4 -2.00 -2.00 -2.0 -2.0 -0.022 -0.022 -13.0026 -12.8788 -0.0037 12.07 590 790 0.00 0.00 
0.327 4 -2.00 -2.00 -2.0 -2.0 -0.025 -0.020 -12.7573 -12.8788 0.0036 12.07 560 770 0.00 0.00 
0.328 4 -2.00 -2.00 -2.0 -2.0 -0.025 -0.016 -13.0026 -13.1288 0.0038 12.07 560 770 0.00 0.00 
0.329 4 -2.00 -2.00 -2.0 -2.0 -0.025 -0.011 -13.3888 -13.3888 0.0000 12.07 560 770 0.00 0.00 
0.330 4 -2.00 -2.00 -2.0 -2.0 -0.027 -0.018 -13.1288 -13.0026 -0.0038 12.07 560 770 0.00 0.00 
0.331 4 -2.00 -2.00 -2.0 -2.0 -0.020 -0.020 -12.6380 -13.2575 0.0184 12.09 590 800 0.00 0.00 
0.332 4 -2.00 -2.00 -2.0 -2.0 -0.020 -0.022 -13.0026 -13.0026 0.0000 12.09 560 770 0.00 0.00 
0.333 4 -2.00 -2.00 -2.0 -2.0 -0.022 -0.022 -13.1288 -13.3888 0.0077 12.09 570 780 0.00 0.00 
0.334 4 -2.00 -2.00 -2.0 -2.0 -0.022 -0.025 -13.2575 -13.9409 0.0203 12.09 570 770 0.00 0.00 
0.335 4 -2.00 -2.00 -2.0 -2.0 -0.020 -0.022 -13.2575 -13.2575 0.0000 12.09 560 770 0.00 0.00 
0.336 4 -2.00 -2.00 -2.0 -2.0 -0.018 -0.022 -13.2575 -13.5227 0.0079 12.09 590 790 0.00 0.00 
0.337 4 -2.00 -2.00 -2.0 -2.0 -0.025 -0.022 -13.3888 -13.2575 -0.0039 12.09 560 770 0.00 0.00 
0.338 4 -2.00 -2.00 -2.0 -2.0 -0.027 -0.020 -13.2575 -11.8620 -0.0415 12.09 560 770 0.00 0.00 
0.339 4 -2.00 -2.00 -2.0 -2.0 -0.025 -0.018 -13.2575 -13.9409 0.0203 12.09 560 770 0.00 0.00 
0.340 4 -2.00 -2.00 -2.0 -2.0 -0.025 -0.020 -13.2575 -13.9409 0.0203 12.09 570 770 0.00 0.00 
0.341 4 -2.00 -2.00 -2.0 -2.0 -0.020 -0.018 -13.2575 -12.6380 -0.0184 12.07 580 790 0.00 0.00 
0.342 4 -2.00 -2.00 -2.0 -2.0 -0.025 -0.020 -13.3888 -13.3888 0.0000 12.07 570 770 0.00 0.00 
0.343 4 -2.00 -2.00 -2.0 -2.0 -0.025 -0.018 -13.1288 -13.5227 0.0117 12.07 570 760 0.00 0.00 
0.344 4 -2.00 -2.00 -2.0 -2.0 -0.022 -0.025 -13.3888 -13.7987 0.0122 12.07 560 770 0.00 0.00 
0.345 4 -2.00 -2.00 -2.0 -2.0 -0.025 -0.022 -12.8788 -13.5227 0.0192 12.07 560 760 0.00 0.00 
0.346 4 -2.00 -2.00 -2.0 -2.0 -0.016 -0.022 -13.5227 -13.9409 0.0124 12.07 590 780 0.00 0.00 
0.347 4 -2.00 -2.00 -2.0 -2.0 -0.025 -0.020 -13.3888 -13.7987 0.0122 12.07 560 770 0.00 0.00 
0.348 4 -2.00 -2.00 -2.0 -2.0 -0.020 -0.025 -13.2575 -13.9409 0.0203 12.07 560 770 0.00 0.00 
0.349 4 -2.00 -2.00 -2.0 -2.0 -0.020 -0.020 -13.0026 -13.9409 0.0279 12.07 560 770 0.00 0.00 
0.350 4 -2.00 -2.00 -2.0 -2.0 -0.027 -0.020 -13.5227 -14.2344 0.0212 12.07 560 760 0.00 0.00 
0.351 4 -2.00 -2.00 -2.0 -2.0 -0.025 -0.020 -13.2575 -13.2575 0.0000 12.07 590 790 0.00 0.00 
0.352 4 -2.00 -2.00 -2.0 -2.0 -0.022 -0.020 -13.5227 -13.6593 0.0041 12.07 560 760 0.00 0.00 
0.353 4 -2.00 -2.00 -2.0 -2.0 -0.016 -0.020 -13.6593 -13.7987 0.0041 12.07 560 770 0.00 0.00 
0.354 4 -2.00 -2.00 -2.0 -2.0 -0.027 -0.020 -13.5227 -14.0861 0.0168 12.07 560 760 0.00 0.00 
0.355 4 -2.00 -2.00 -2.0 -2.0 -0.022 -0.022 -13.2575 -12.8788 -0.0113 12.07 560 770 0.00 0.00 
0.356 4 -2.00 -2.00 -2.0 -2.0 -0.020 -0.020 -13.3888 -13.5227 0.0040 12.07 590 780 0.00 0.00 
0.357 4 -2.00 -2.00 -2.0 -2.0 -0.022 -0.022 -13.0026 -13.9409 0.0279 12.07 560 770 0.00 0.00 
0.358 4 -2.00 -2.00 -2.0 -2.0 -0.022 -0.022 -13.5227 -14.2344 0.0212 12.07 560 760 0.00 0.00 
0.359 4 -2.00 -2.00 -2.0 -2.0 -0.025 -0.018 -14.0861 -13.2575 -0.0247 12.07 560 770 0.00 0.00 
0.360 4 -2.00 -2.00 -2.0 -2.0 -0.025 -0.016 -13.9409 -13.6593 -0.0084 12.07 560 770 0.00 0.00 
0.361 4 -2.00 -2.00 -2.0 -2.0 -0.025 -0.018 -12.6380 -14.2344 0.0475 12.07 580 790 0.00 0.00 
0.362 4 -2.00 -2.00 -2.0 -2.0 -0.022 -0.018 -13.1288 -14.3858 0.0374 12.07 560 770 0.00 0.00 
0.363 4 -2.00 -2.00 -2.0 -2.0 -0.022 -0.020 -13.7987 -13.2575 -0.0161 12.07 570 780 0.00 0.00 
0.364 4 -2.00 -2.00 -2.0 -2.0 -0.022 -0.022 -13.5227 -13.6593 0.0041 12.07 560 760 0.00 0.00 
0.365 4 -2.00 -2.00 -2.0 -2.0 -0.020 -0.020 -12.2934 -13.2575 0.0287 12.07 560 770 0.00 0.00 
0.366 4 -2.00 -2.00 -2.0 -2.0 -0.025 -0.020 -13.0026 -13.9409 0.0279 12.07 590 790 0.00 0.00 
0.367 4 -2.00 -2.00 -2.0 -2.0 -0.020 -0.018 -13.5227 -13.3888 -0.0040 12.07 560 760 0.00 0.00 
0.368 4 -2.00 -2.00 -2.0 -2.0 -0.022 -0.020 -13.6593 -13.7987 0.0041 12.07 560 770 0.00 0.00 
0.369 4 -2.00 -2.00 -2.0 -2.0 -0.022 -0.018 -13.9409 -13.2575 -0.0203 12.07 560 770 0.00 0.00 
0.370 4 -2.00 -2.00 -2.0 -2.0 -0.025 -0.020 -13.7987 -13.9409 0.0042 12.07 560 770 0.00 0.00 
0.371 4 -2.00 -2.00 -2.0 -2.0 -0.020 -0.025 -14.2344 -14.2344 0.0000 12.07 590 790 0.00 0.00 
0.372 4 -2.00 -2.00 -2.0 -2.0 -0.020 -0.018 -13.5227 -14.3858 0.0257 12.07 560 760 0.00 0.00 
0.373 4 -2.00 -2.00 -2.0 -2.0 -0.020 -0.020 -13.2575 -12.7573 -0.0149 12.07 560 770 0.00 0.00 
0.374 4 -2.00 -2.00 -2.0 -2.0 -0.018 -0.020 -13.5227 -13.6593 0.0041 12.07 560 760 0.00 0.00 
0.375 4 -2.00 -2.00 -2.0 -2.0 -0.022 -0.025 -13.5227 -13.7987 0.0082 12.07 560 770 0.00 0.00 
0.376 4 -2.00 -2.00 -2.0 -2.0 -0.025 -0.018 -13.6593 -13.9409 0.0084 12.07 590 790 0.00 0.00 
0.377 4 -2.00 -2.00 -2.0 -2.0 -0.025 -0.018 -13.9409 -14.3858 0.0132 12.07 560 770 0.00 0.00 
0.378 4 -2.00 -2.00 -2.0 -2.0 -0.022 -0.018 -13.9409 -13.5227 -0.0124 12.07 570 760 0.00 0.00 
0.379 4 -2.00 -2.00 -2.0 -2.0 -0.025 -0.025 -13.2575 -13.9409 0.0203 12.07 560 770 0.00 0.00 
0.380 4 -2.00 -2.00 -2.0 -2.0 -0.022 -0.025 -13.5227 -14.2344 0.0212 12.07 560 760 0.00 0.00 
0.381 4 -2.00 -2.00 -2.0 -2.0 -0.029 -0.025 -13.6593 -14.5405 0.0262 12.09 590 790 0.00 0.00 
0.382 4 -2.00 -2.00 -2.0 -2.0 -0.020 -0.016 -13.7987 -14.2344 0.0130 12.09 560 770 0.00 0.00 
0.383 4 -2.00 -2.00 -2.0 -2.0 -0.018 -0.022 -13.7987 -14.3858 0.0175 12.09 560 770 0.00 0.00 
0.384 4 -2.00 -2.00 -2.0 -2.0 -0.018 -0.022 -13.7987 -12.4061 -0.0414 12.09 560 770 0.00 0.00 
0.385 4 -2.00 -2.00 -2.0 -2.0 -0.020 -0.022 -13.9409 -13.5227 -0.0124 12.09 560 760 0.00 0.00 
0.386 4 -2.00 -2.00 -2.0 -2.0 -0.022 -0.025 -13.9409 -14.5405 0.0178 12.09 590 800 0.00 0.00 
0.387 4 -2.00 -2.00 -2.0 -2.0 -0.022 -0.025 -13.9409 -14.5405 0.0178 12.09 570 780 0.00 0.00 
0.388 4 -2.00 -2.00 -2.0 -2.0 -0.025 -0.022 -13.9409 -13.0026 -0.0279 12.09 560 770 0.00 0.00 
0.389 4 -2.00 -2.00 -2.0 -2.0 -0.022 -0.022 -13.9409 -13.7987 -0.0042 12.09 560 770 0.00 0.00 
0.390 4 -2.00 -2.00 -2.0 -2.0 -0.022 -0.020 -13.9409 -14.0861 0.0043 12.09 560 770 0.00 0.00 
0.391 4 -2.00 -2.00 -2.0 -2.0 -0.025 -0.018 -13.7987 -14.2344 0.0130 12.09 590 800 0.00 0.00 
0.392 4 -2.00 -2.00 -2.0 -2.0 -0.020 -0.013 -13.7987 -14.0861 0.0086 12.09 560 770 0.00 0.00 
0.393 4 -2.00 -2.00 -2.0 -2.0 -0.025 -0.022 -13.3888 -14.5405 0.0343 12.09 560 770 0.00 0.00 
0.394 4 -2.00 -2.00 -2.0 -2.0 -0.027 -0.022 -13.6593 -14.2344 0.0171 12.09 560 780 0.00 0.00 
0.395 4 -2.00 -2.00 -2.0 -2.0 -0.018 -0.018 -13.7987 -14.2344 0.0130 12.09 560 770 0.00 0.00 
0.396 4 -2.00 -2.00 -2.0 -2.0 -0.022 -0.018 -13.7987 -14.6986 0.0268 12.07 580 790 0.00 0.00 
0.397 4 -2.00 -2.00 -2.0 -2.0 -0.025 -0.013 -13.3888 -14.2344 0.0252 12.07 560 770 0.00 0.00 
0.398 4 -2.00 -2.00 -2.0 -2.0 -0.027 -0.016 -13.6593 -14.3858 0.0216 12.07 560 770 0.00 0.00 
0.399 4 -2.00 -2.00 -2.0 -2.0 -0.022 -0.016 -13.6593 -14.3858 0.0216 12.07 560 770 0.00 0.00 
0.400 4 -2.00 -2.00 -2.0 -2.0 -0.020 -0.025 -13.7987 -14.6986 0.0268 12.07 560 770 0.00 0.00 
0.401 4 -2.00 -2.00 -2.0 -2.0 -0.022 -0.020 -13.9409 -13.3888 -0.0164 12.07 590 790 0.00 0.00 
0.402 4 -2.00 -2.00 -2.0 -2.0 -0.020 -0.025 -13.9409 -13.9409 0.0000 12.07 560 770 0.00 0.00 
0.403 4 -2.00 -2.00 -2.0 -2.0 -0.027 -0.025 -13.5227 -14.3858 0.0257 12.07 560 760 0.00 0.00 
0.404 4 -2.00 -2.00 -2.0 -2.0 -0.025 -0.022 -13.6593 -14.6986 0.0309 12.07 560 770 0.00 0.00 
0.405 4 -2.00 -2.00 -2.0 -2.0 -0.022 -0.018 -13.3888 -14.2344 0.0252 12.07 560 770 0.00 0.00 
0.406 4 -2.00 -2.00 -2.0 -2.0 -0.016 -0.018 -13.6593 -14.3858 0.0216 12.07 580 790 0.00 0.00 
0.407 4 -2.00 -2.00 -2.0 -2.0 -0.027 -0.018 -14.2344 -14.6986 0.0138 12.07 560 770 0.00 0.00 
0.408 4 -2.00 -2.00 -2.0 -2.0 -0.020 -0.025 -14.0861 -14.8601 0.0230 12.07 560 770 0.00 0.00 
0.409 4 -2.00 -2.00 -2.0 -2.0 -0.011 -0.016 -13.0026 -13.3888 0.0115 12.07 560 770 0.00 0.00 
0.410 4 -2.00 -2.00 -2.0 -2.0 -0.016 -0.020 -13.5227 -13.9409 0.0124 12.07 560 770 0.00 0.00 
0.411 4 -2.00 -2.00 -2.0 -2.0 -0.020 -0.022 -14.0861 -13.3888 -0.0207 12.09 590 800 0.00 0.00 
0.412 4 -2.00 -2.00 -2.0 -2.0 -0.027 -0.020 -13.3888 -14.0861 0.0207 12.09 560 770 0.00 0.00 
0.413 4 -2.00 -2.00 -2.0 -2.0 -0.022 -0.022 -12.6380 -14.2344 0.0475 12.09 570 770 0.00 0.00 
0.414 4 -2.00 -2.00 -2.0 -2.0 -0.022 -0.018 -13.7987 -13.5227 -0.0082 12.09 570 760 0.00 0.00 
0.415 4 -2.00 -2.00 -2.0 -2.0 -0.025 -0.018 -13.7987 -14.2344 0.0130 12.09 560 770 0.00 0.00 
0.416 4 -2.00 -2.00 -2.0 -2.0 -0.025 -0.022 -14.2344 -14.5405 0.0091 12.09 590 790 0.00 0.00 
0.417 4 -2.00 -2.00 -2.0 -2.0 -0.029 -0.018 -14.0861 -14.5405 0.0135 12.09 560 770 0.00 0.00 
0.418 4 -2.00 -2.00 -2.0 -2.0 -0.027 -0.020 -14.5405 -13.1288 -0.0420 12.09 560 770 0.00 0.00 
0.419 4 -2.00 -2.00 -2.0 -2.0 -0.027 -0.022 -14.2344 -14.0861 -0.0044 12.09 560 770 0.00 0.00 
0.420 4 -2.00 -2.00 -2.0 -2.0 -0.020 -0.025 -13.3888 -14.0861 0.0207 12.09 560 770 0.00 0.00 
0.421 4 -2.00 -2.00 -2.0 -2.0 -0.022 -0.025 -13.7987 -14.3858 0.0175 12.07 590 790 0.00 0.00 
0.422 4 -2.00 -2.00 -2.0 -2.0 -0.020 -0.018 -13.7987 -14.2344 0.0130 12.07 560 770 0.00 0.00 
0.423 4 -2.00 -2.00 -2.0 -2.0 -0.027 -0.022 -13.9409 -14.6986 0.0225 12.07 560 770 0.00 0.00 
0.424 4 -2.00 -2.00 -2.0 -2.0 -0.020 -0.025 -14.2344 -14.2344 0.0000 12.07 560 770 0.00 0.00 
0.425 4 -2.00 -2.00 -2.0 -2.0 -0.025 -0.020 -14.0861 -14.3858 0.0089 12.07 560 770 0.00 0.00 
0.426 4 -2.00 -2.00 -2.0 -2.0 -0.029 -0.022 -13.3888 -14.6986 0.0390 12.09 590 790 0.00 0.00 
0.427 4 -2.00 -2.00 -2.0 -2.0 -0.020 -0.020 -13.6593 -14.8601 0.0357 12.09 560 770 0.00 0.00 
0.428 4 -2.00 -2.00 -2.0 -2.0 -0.020 -0.018 -13.7987 -14.3858 0.0175 12.09 560 780 0.00 0.00 
0.429 4 -2.00 -2.00 -2.0 -2.0 -0.025 -0.016 -13.9409 -13.7987 -0.0042 12.09 570 780 0.00 0.00 
0.430 4 -2.00 -2.00 -2.0 -2.0 -0.025 -0.022 -13.9409 -12.6380 -0.0388 12.09 560 780 0.00 0.00 
0.431 4 -2.00 -2.00 -2.0 -2.0 -0.027 -0.022 -13.9409 -14.8601 0.0273 12.09 590 730 0.00 0.00 
0.432 4 -2.00 -2.00 -2.0 -2.0 -0.020 -0.020 -14.0861 -14.8601 0.0230 12.09 570 710 0.00 0.00 
0.433 4 -2.00 -2.00 -2.0 -2.0 -0.020 -0.018 -14.0861 -13.2575 -0.0247 12.09 560 710 0.00 0.00 
0.434 4 -2.00 -2.00 -2.0 -2.0 -0.022 -0.018 -14.0861 -14.0861 0.0000 12.09 560 710 0.00 0.00 
0.435 4 -2.00 -2.00 -2.0 -2.0 -0.027 -0.022 -14.0861 -14.2344 0.0044 12.09 560 710 0.00 0.00 
0.436 4 -2.00 -2.00 -2.0 -2.0 -0.018 -0.020 -14.0861 -14.5405 0.0135 12.07 590 730 0.00 0.00 
0.439 4 -2.00 -2.00 -2.0 -2.0 -0.025 -0.025 -14.0861 -14.3858 0.0089 12.07 560 710 0.00 0.00 
0.440 4 -2.00 -2.00 -2.0 -2.0 -0.022 -0.025 -13.3888 -14.5405 0.0343 12.07 580 720 0.00 0.00 
0.440 4 -2.00 -2.00 -2.0 -2.0 -0.018 -0.022 -13.3888 -14.5405 0.0343 12.07 570 780 0.00 0.00 
0.441 4 -2.00 -2.00 -2.0 -2.0 -0.025 -0.018 -13.7987 -14.5405 0.0221 12.07 560 780 0.00 0.00 
0.442 4 -2.00 -2.00 -2.0 -2.0 -0.018 -0.022 -13.9409 -14.6986 0.0225 12.09 590 740 0.00 0.00 
0.443 4 -2.00 -2.00 -2.0 -2.0 -0.022 -0.022 -13.9409 -14.2344 0.0087 12.09 560 780 0.00 0.00 
0.444 4 -2.00 -2.00 -2.0 -2.0 -0.025 -0.020 -13.5227 -14.5405 0.0303 12.09 560 760 0.00 0.00 
0.445 4 -2.00 -2.00 -2.0 -2.0 -0.025 -0.018 -13.7987 -14.8601 0.0316 12.09 570 780 0.00 0.00 
0.446 4 -2.00 -2.00 -2.0 -2.0 -0.025 -0.018 -13.7987 -13.3888 -0.0122 12.09 560 710 0.00 0.00 
0.447 4 -2.00 -2.00 -2.0 -2.0 -0.025 -0.022 -14.2344 -14.0861 -0.0044 12.07 590 730 0.00 0.00 
0.448 4 -2.00 -2.00 -2.0 -2.0 -0.022 -0.020 -14.2344 -14.3858 0.0045 12.07 560 710 0.00 0.00 
0.449 4 -2.00 -2.00 -2.0 -2.0 -0.020 -0.011 -13.9409 -14.6986 0.0225 12.07 560 710 0.00 0.00 
0.450 4 -2.00 -2.00 -2.0 -2.0 -0.027 -0.022 -13.9409 -14.3858 0.0132 12.07 560 710 0.00 0.00 
0.451 4 -2.00 -2.00 -2.0 -2.0 -0.022 -0.022 -13.7987 -14.5405 0.0221 12.07 570 720 0.00 0.00 
0.452 4 -2.00 -2.00 -2.0 -2.0 -0.027 -0.018 -13.9409 -15.0252 0.0323 12.07 580 730 0.00 0.00 
0.453 4 -2.00 -2.00 -2.0 -2.0 -0.029 -0.018 -14.5405 -15.0252 0.0144 12.07 560 710 0.00 0.00 
0.454 4 -2.00 -2.00 -2.0 -2.0 -0.022 -0.018 -14.3858 -13.5227 -0.0257 12.07 560 700 0.00 0.00 
0.455 4 -2.00 -2.00 -2.0 -2.0 -0.020 -0.022 -13.2575 -14.0861 0.0247 12.07 560 710 0.00 0.00 
0.456 4 -2.00 -2.00 -2.0 -2.0 -0.025 -0.020 -13.6593 -13.5227 -0.0041 12.07 560 710 0.00 0.00 
0.457 4 -2.00 -2.00 -2.0 -2.0 -0.025 -0.020 -14.3858 -14.2344 -0.0045 12.07 590 740 0.00 0.00 
0.458 4 -2.00 -2.00 -2.0 -2.0 -0.027 -0.020 -14.2344 -14.0861 -0.0044 12.07 560 780 0.00 0.00 
0.459 4 -2.00 -2.00 -2.0 -2.0 -0.022 -0.025 -12.6380 -13.9409 0.0388 12.07 560 770 0.00 0.00 
0.460 4 -2.00 -2.00 -2.0 -2.0 -0.022 -0.016 -13.3888 -14.2344 0.0252 12.07 560 770 0.00 0.00 
0.461 4 -2.00 -2.00 -2.0 -2.0 -0.020 -0.018 -13.9409 -14.5405 0.0178 12.07 560 770 0.00 0.00 
0.462 4 -2.00 -2.00 -2.0 -2.0 -0.020 -0.018 -14.0861 -14.6986 0.0182 12.09 580 790 0.00 0.00 
0.463 4 -2.00 -2.00 -2.0 -2.0 -0.020 -0.020 -14.3858 -13.1288 -0.0374 12.09 560 770 0.00 0.00 
0.464 4 -2.00 -2.00 -2.0 -2.0 -0.022 -0.020 -14.2344 -14.0861 -0.0044 12.09 560 770 0.00 0.00 
0.465 4 -2.00 -2.00 -2.0 -2.0 -0.025 -0.016 -14.6986 -14.2344 -0.0138 12.09 560 770 0.00 0.00 
0.466 4 -2.00 -2.00 -2.0 -2.0 -0.027 -0.020 -14.3858 -14.5405 0.0046 12.09 560 770 0.00 0.00 
0.467 4 -2.00 -2.00 -2.0 -2.0 -0.025 -0.022 -13.5227 -14.3858 0.0257 12.07 590 780 0.00 0.00 
0.468 4 -2.00 -2.00 -2.0 -2.0 -0.022 -0.018 -13.7987 -14.6986 0.0268 12.07 570 780 0.00 0.00 
0.469 4 -2.00 -2.00 -2.0 -2.0 -0.027 -0.018 -13.7987 -14.3858 0.0175 12.07 560 770 0.00 0.00 
0.470 4 -2.00 -2.00 -2.0 -2.0 -0.025 -0.020 -13.9409 -14.5405 0.0178 12.07 560 770 0.00 0.00 
0.471 4 -2.00 -2.00 -2.0 -2.0 -0.018 -0.016 -14.2344 -14.6986 0.0138 12.07 560 720 0.00 0.00 
0.472 4 -2.00 -2.00 -2.0 -2.0 -0.018 -0.018 -13.5227 -14.8601 0.0398 12.07 590 790 0.00 0.00 
0.473 4 -2.00 -2.00 -2.0 -2.0 -0.025 -0.020 -13.6593 -14.6986 0.0309 12.07 570 770 0.00 0.00 
0.474 4 -2.00 -2.00 -2.0 -2.0 -0.025 -0.022 -13.7987 -13.3888 -0.0122 12.07 570 770 0.00 0.00 
0.475 4 -2.00 -2.00 -2.0 -2.0 -0.025 -0.022 -13.9409 -13.7987 -0.0042 12.07 570 770 0.00 0.00 
0.476 4 -2.00 -2.00 -2.0 -2.0 -0.018 -0.022 -14.0861 -14.8601 0.0230 12.07 560 770 0.00 0.00 
0.477 4 -2.00 -2.00 -2.0 -2.0 -0.022 -0.022 -14.0861 -14.8601 0.0230 12.07 580 790 0.00 0.00 
0.478 4 -2.00 -2.00 -2.0 -2.0 -0.025 -0.022 -14.2344 -13.2575 -0.0291 12.07 560 770 0.00 0.00 
0.479 4 -2.00 -2.00 -2.0 -2.0 -0.022 -0.020 -14.2344 -14.0861 -0.0044 12.07 560 770 0.00 0.00 
0.480 4 -2.00 -2.00 -2.0 -2.0 -0.025 -0.020 -14.2344 -14.2344 0.0000 12.07 560 770 0.00 0.00 
0.481 4 -2.00 -2.00 -2.0 -2.0 -0.020 -0.022 -14.0861 -14.5405 0.0135 12.07 570 780 0.00 0.00 
0.482 4 -2.00 -2.00 -2.0 -2.0 -0.025 -0.018 -14.0861 -14.3858 0.0089 12.07 590 790 0.00 0.00 
0.483 4 -2.00 -2.00 -2.0 -2.0 -0.022 -0.018 -14.0861 -14.6986 0.0182 12.07 560 770 0.00 0.00 
0.484 4 -2.00 -2.00 -2.0 -2.0 -0.027 -0.022 -14.0861 -14.5405 0.0135 12.07 560 770 0.00 0.00 
0.485 4 -2.00 -2.00 -2.0 -2.0 -0.022 -0.020 -14.0861 -14.6986 0.0182 12.07 560 770 0.00 0.00 
0.486 4 -2.00 -2.00 -2.0 -2.0 -0.018 -0.018 -13.5227 -14.6986 0.0350 12.07 560 770 0.00 0.00 
0.487 4 -2.00 -2.00 -2.0 -2.0 -0.020 -0.018 -13.7987 -14.3858 0.0175 12.07 600 800 0.00 0.00 
0.488 4 -2.00 -2.00 -2.0 -2.0 -0.025 -0.022 -13.9409 -14.5405 0.0178 12.07 560 770 0.00 0.00 
0.489 4 -2.00 -2.00 -2.0 -2.0 -0.018 -0.022 -14.0861 -14.5405 0.0135 12.07 560 770 0.00 0.00 
0.490 4 -2.00 -2.00 -2.0 -2.0 -0.022 -0.022 -13.9409 -14.6986 0.0225 12.07 560 770 0.00 0.00 
0.491 4 -2.00 -2.00 -2.0 -2.0 -0.020 -0.018 -14.0861 -13.3888 -0.0207 12.07 560 770 0.00 0.00 
0.492 4 -2.00 -2.00 -2.0 -2.0 -0.022 -0.027 -14.0861 -14.0861 0.0000 12.07 590 790 0.00 0.00 
0.493 4 -2.00 -2.00 -2.0 -2.0 -0.016 -0.025 -14.0861 -14.5405 0.0135 12.07 560 770 0.00 0.00 
0.494 4 -2.00 -2.00 -2.0 -2.0 -0.022 -0.018 -14.3858 -14.6986 0.0093 12.07 560 770 0.00 0.00 
0.495 4 -2.00 -2.00 -2.0 -2.0 -0.022 -0.018 -14.2344 -14.2344 0.0000 12.07 570 780 0.00 0.00 
0.496 4 -2.00 -2.00 -2.0 -2.0 -0.018 -0.022 -14.0861 -14.5405 0.0135 12.07 570 780 0.00 0.00 
0.497 4 -2.00 -2.00 -2.0 -2.0 -0.025 -0.018 -14.0861 -14.8601 0.0230 12.07 590 790 0.00 0.00 
0.498 4 -2.00 -2.00 -2.0 -2.0 -0.025 -0.020 -13.9409 -15.0252 0.0323 12.07 560 770 0.00 0.00 
0.499 4 -2.00 -2.00 -2.0 -2.0 -0.018 -0.018 -14.6986 -13.5227 -0.0350 12.07 570 770 0.00 0.00 
0.500 4 -2.00 -2.00 -2.0 -2.0 -0.022 -0.020 -14.5405 -14.0861 -0.0135 12.07 560 770 0.00 0.00 
0.501 4 -2.00 -2.00 -2.0 -2.0 -0.025 -0.018 -13.1288 -13.5227 0.0117 12.07 560 770 0.00 0.00 
0.502 4 -2.00 -2.00 -2.0 -2.0 -0.022 -0.016 -13.6593 -14.0861 0.0127 12.09 590 790 0.00 0.00 
0.503 4 -2.00 -2.00 -2.0 -2.0 -0.022 -0.022 -14.3858 -14.3858 0.0000 12.09 560 770 0.00 0.00 
0.504 4 -2.00 -2.00 -2.0 -2.0 -0.020 -0.020 -14.2344 -14.0861 -0.0044 12.09 560 770 0.00 0.00 
0.505 4 -2.00 -2.00 -2.0 -2.0 -0.020 -0.016 -12.6380 -14.5405 0.0566 12.09 560 770 0.00 0.00 
0.506 4 -2.00 -2.00 -2.0 -2.0 -0.022 -0.022 -13.3888 -14.6986 0.0390 12.09 560 770 0.00 0.00 
0.507 4 -2.00 -2.00 -2.0 -2.0 -0.013 -0.027 -13.9409 -14.6986 0.0225 12.07 590 790 0.00 0.00 
0.508 4 -2.00 -2.00 -2.0 -2.0 -0.022 -0.022 -13.9409 -13.2575 -0.0203 12.07 560 770 0.00 0.00 
0.509 4 -2.00 -2.00 -2.0 -2.0 -0.016 -0.018 -14.2344 -14.0861 -0.0044 12.07 560 770 0.00 0.00 
0.510 4 -2.00 -2.00 -2.0 -2.0 -0.020 -0.018 -14.2344 -14.2344 0.0000 12.07 560 770 0.00 0.00 
0.511 4 -2.00 -2.00 -2.0 -2.0 -0.022 -0.022 -14.5405 -14.5405 0.0000 12.07 570 770 0.00 0.00 
0.512 4 -2.00 -2.00 -2.0 -2.0 -0.022 -0.020 -14.2344 -14.3858 0.0045 12.07 590 790 0.00 0.00 
0.513 4 -2.00 -2.00 -2.0 -2.0 -0.020 -0.018 -13.5227 -14.8601 0.0398 12.07 560 760 0.00 0.00 
0.514 4 -2.00 -2.00 -2.0 -2.0 -0.018 -0.020 -13.7987 -14.3858 0.0175 12.07 560 770 0.00 0.00 
0.515 4 -2.00 -2.00 -2.0 -2.0 -0.020 -0.018 -13.7987 -14.6986 0.0268 12.07 560 770 0.00 0.00 
0.516 4 -2.00 -2.00 -2.0 -2.0 -0.025 -0.013 -13.9409 -15.0252 0.0323 12.07 570 770 0.00 0.00 
0.517 4 -2.00 -2.00 -2.0 -2.0 -0.022 -0.020 -14.2344 -14.6986 0.0138 12.07 580 790 0.00 0.00 
0.518 4 -2.00 -2.00 -2.0 -2.0 -0.022 -0.020 -14.2344 -14.6986 0.0138 12.07 560 770 0.00 0.00 
0.519 4 -2.00 -2.00 -2.0 -2.0 -0.027 -0.016 -13.5227 -12.7573 -0.0228 12.07 560 760 0.00 0.00 
0.520 4 -2.00 -2.00 -2.0 -2.0 -0.027 -0.018 -13.7987 -13.9409 0.0042 12.07 560 770 0.00 0.00 
0.521 4 -2.00 -2.00 -2.0 -2.0 -0.022 -0.020 -13.9409 -14.8601 0.0273 12.07 560 770 0.00 0.00 
0.522 4 -2.00 -2.00 -2.0 -2.0 -0.027 -0.025 -14.0861 -15.0252 0.0279 12.07 580 790 0.00 0.00 
0.523 4 -2.00 -2.00 -2.0 -2.0 -0.025 -0.016 -14.0861 -13.2575 -0.0247 12.07 560 770 0.00 0.00 
0.524 4 -2.00 -2.00 -2.0 -2.0 -0.022 -0.020 -14.0861 -14.2344 0.0044 12.07 560 770 0.00 0.00 
0.525 4 -2.00 -2.00 -2.0 -2.0 -0.025 -0.025 -14.2344 -14.3858 0.0045 12.07 560 770 0.00 0.00 
0.526 4 -2.00 -2.00 -2.0 -2.0 -0.020 -0.020 -14.2344 -14.6986 0.0138 12.07 560 770 0.00 0.00 
0.527 4 -2.00 -2.00 -2.0 -2.0 -0.020 -0.020 -14.0861 -14.5405 0.0135 12.09 580 790 0.00 0.00 
0.528 4 -2.00 -2.00 -2.0 -2.0 -0.016 -0.018 -14.2344 -14.8601 0.0186 12.09 560 770 0.00 0.00 
0.529 4 -2.00 -2.00 -2.0 -2.0 -0.025 -0.018 -14.2344 -14.6986 0.0138 12.09 570 780 0.00 0.00 
0.530 4 -2.00 -2.00 -2.0 -2.0 -0.022 -0.027 -14.0861 -14.5405 0.0135 12.09 570 770 0.00 0.00 
0.531 4 -2.00 -2.00 -2.0 -2.0 -0.022 -0.022 -14.0861 -14.8601 0.0230 12.09 560 770 0.00 0.00 
0.532 4 -2.00 -2.00 -2.0 -2.0 -0.020 -0.016 -13.9409 -14.3858 0.0132 12.07 590 790 0.00 0.00 
0.533 4 -2.00 -2.00 -2.0 -2.0 -0.022 -0.025 -14.0861 -14.5405 0.0135 12.07 560 770 0.00 0.00 
0.534 4 -2.00 -2.00 -2.0 -2.0 -0.029 -0.022 -14.0861 -14.5405 0.0135 12.07 560 770 0.00 0.00 
0.535 4 -2.00 -2.00 -2.0 -2.0 -0.025 -0.022 -14.0861 -14.8601 0.0230 12.07 560 770 0.00 0.00 
0.536 4 -2.00 -2.00 -2.0 -2.0 -0.018 -0.018 -13.5227 -13.3888 -0.0040 12.07 560 760 0.00 0.00 
0.537 4 -2.00 -2.00 -2.0 -2.0 -0.025 -0.025 -13.7987 -14.0861 0.0086 12.09 590 790 0.00 0.00 
0.538 4 -2.00 -2.00 -2.0 -2.0 -0.022 -0.020 -13.9409 -14.3858 0.0132 12.09 560 770 0.00 0.00 
0.539 4 -2.00 -2.00 -2.0 -2.0 -0.022 -0.020 -14.0861 -14.8601 0.0230 12.09 560 770 0.00 0.00 
0.540 4 -2.00 -2.00 -2.0 -2.0 -0.022 -0.016 -14.3858 -14.3858 0.0000 12.09 560 770 0.00 0.00 
0.541 4 -2.00 -2.00 -2.0 -2.0 -0.022 -0.018 -14.2344 -14.5405 0.0091 12.09 560 770 0.00 0.00 
0.542 4 -2.00 -2.00 -2.0 -2.0 -0.025 -0.016 -14.0861 -15.0252 0.0279 12.07 590 800 0.00 0.00 
0.543 4 -2.00 -2.00 -2.0 -2.0 -0.025 -0.020 -14.0861 -14.3858 0.0089 12.07 570 770 0.00 0.00 
0.544 4 -2.00 -2.00 -2.0 -2.0 -0.022 -0.025 -13.5227 -14.5405 0.0303 12.07 560 760 0.00 0.00 
0.545 4 -2.00 -2.00 -2.0 -2.0 -0.025 -0.016 -13.9409 -13.5227 -0.0124 12.07 560 760 0.00 0.00 
0.546 4 -2.00 -2.00 -2.0 -2.0 -0.029 -0.022 -14.5405 -14.2344 -0.0091 12.07 560 770 0.00 0.00 
0.547 4 -2.00 -2.00 -2.0 -2.0 -0.020 -0.020 -14.3858 -14.0861 -0.0089 12.09 590 790 0.00 0.00 
0.548 4 -2.00 -2.00 -2.0 -2.0 -0.025 -0.022 -13.2575 -14.3858 0.0336 12.09 560 770 0.00 0.00 
0.549 4 -2.00 -2.00 -2.0 -2.0 -0.025 -0.016 -13.7987 -14.0861 0.0086 12.09 560 780 0.00 0.00 
0.550 4 -2.00 -2.00 -2.0 -2.0 -0.027 -0.018 -14.0861 -14.5405 0.0135 12.09 560 770 0.00 0.00 
0.551 4 -2.00 -2.00 -2.0 -2.0 -0.020 -0.020 -13.6593 -14.6986 0.0309 12.09 560 770 0.00 0.00 
0.552 4 -2.00 -2.00 -2.0 -2.0 -0.020 -0.025 -12.6380 -14.8601 0.0661 12.07 590 800 0.00 0.00 
0.553 4 -2.00 -2.00 -2.0 -2.0 -0.020 -0.027 -13.9409 -13.1288 -0.0242 12.07 570 770 0.00 0.00 
0.554 4 -2.00 -2.00 -2.0 -2.0 -0.022 -0.016 -13.9409 -14.0861 0.0043 12.07 560 770 0.00 0.00 
0.555 4 -2.00 -2.00 -2.0 -2.0 -0.025 -0.022 -14.3858 -14.2344 -0.0045 12.07 560 770 0.00 0.00 
0.556 4 -2.00 -2.00 -2.0 -2.0 -0.016 -0.020 -14.2344 -14.5405 0.0091 12.07 560 770 0.00 0.00 
0.557 4 -2.00 -2.00 -2.0 -2.0 -0.022 -0.025 -14.5405 -14.3858 -0.0046 12.07 580 800 0.00 0.00 
0.558 4 -2.00 -2.00 -2.0 -2.0 -0.022 -0.022 -14.2344 -14.0861 -0.0044 12.07 560 770 0.00 0.00 
0.559 4 -2.00 -2.00 -2.0 -2.0 -0.025 -0.020 -13.5227 -14.5405 0.0303 12.07 560 760 0.00 0.00 
0.560 4 -2.00 -2.00 -2.0 -2.0 -0.022 -0.022 -13.9409 -14.6986 0.0225 12.07 560 770 0.00 0.00 
0.561 4 -2.00 -2.00 -2.0 -2.0 -0.020 -0.020 -13.7987 -15.0252 0.0365 12.07 560 770 0.00 0.00 
0.562 4 -2.00 -2.00 -2.0 -2.0 -0.025 -0.018 -13.9409 -14.5405 0.0178 12.07 590 790 0.00 0.00 
0.563 4 -2.00 -2.00 -2.0 -2.0 -0.025 -0.016 -14.2344 -14.6986 0.0138 12.07 560 770 0.00 0.00 
0.564 4 -2.00 -2.00 -2.0 -2.0 -0.022 -0.018 -14.2344 -12.7573 -0.0439 12.07 560 770 0.00 0.00 
0.565 4 -2.00 -2.00 -2.0 -2.0 -0.022 -0.022 -13.5227 -13.7987 0.0082 12.07 560 760 0.00 0.00 
0.566 4 -2.00 -2.00 -2.0 -2.0 -0.022 -0.020 -13.7987 -14.8601 0.0316 12.07 560 770 0.00 0.00 
0.567 4 -2.00 -2.00 -2.0 -2.0 -0.025 -0.022 -13.9409 -14.8601 0.0273 12.09 590 790 0.00 0.00 
0.568 4 -2.00 -2.00 -2.0 -2.0 -0.022 -0.022 -14.0861 -13.3888 -0.0207 12.09 560 770 0.00 0.00 
0.569 4 -2.00 -2.00 -2.0 -2.0 -0.020 -0.022 -14.0861 -14.0861 0.0000 12.09 560 770 0.00 0.00 
0.570 4 -2.00 -2.00 -2.0 -2.0 -0.018 -0.020 -14.0861 -14.3858 0.0089 12.09 560 770 0.00 0.00 
0.571 4 -2.00 -2.00 -2.0 -2.0 -0.022 -0.018 -14.2344 -14.6986 0.0138 12.09 560 780 0.00 0.00 
0.572 4 -2.00 -2.00 -2.0 -2.0 -0.020 -0.020 -14.2344 -14.6986 0.0138 12.09 580 790 0.00 0.00 
0.573 4 -2.00 -2.00 -2.0 -2.0 -0.025 -0.020 -14.2344 -14.5405 0.0091 12.09 560 770 0.00 0.00 
0.574 4 -2.00 -2.00 -2.0 -2.0 -0.020 -0.018 -14.2344 -14.6986 0.0138 12.09 560 770 0.00 0.00 
0.575 4 -2.00 -2.00 -2.0 -2.0 -0.018 -0.020 -14.2344 -14.6986 0.0138 12.09 560 770 0.00 0.00 
0.576 4 -2.00 -2.00 -2.0 -2.0 -0.025 -0.022 -13.9409 -14.8601 0.0273 12.09 560 770 0.00 0.00 
0.577 4 -2.00 -2.00 -2.0 -2.0 -0.020 -0.022 -14.0861 -14.3858 0.0089 12.09 590 790 0.00 0.00 
0.578 4 -2.00 -2.00 -2.0 -2.0 -0.022 -0.020 -13.9409 -14.5405 0.0178 12.09 560 770 0.00 0.00 
0.579 4 -2.00 -2.00 -2.0 -2.0 -0.022 -0.018 -14.0861 -14.5405 0.0135 12.09 560 770 0.00 0.00 
0.580 4 -2.00 -2.00 -2.0 -2.0 -0.020 -0.022 -14.0861 -14.8601 0.0230 12.09 560 770 0.00 0.00 
0.581 4 -2.00 -2.00 -2.0 -2.0 -0.025 -0.018 -14.0861 -13.3888 -0.0207 12.09 560 770 0.00 0.00 
0.582 4 -2.00 -2.00 -2.0 -2.0 -0.027 -0.016 -13.5227 -14.0861 0.0168 12.07 580 780 0.00 0.00 
0.583 4 -2.00 -2.00 -2.0 -2.0 -0.025 -0.018 -13.7987 -14.5405 0.0221 12.07 570 770 0.00 0.00 
0.584 4 -2.00 -2.00 -2.0 -2.0 -0.025 -0.020 -13.7987 -14.5405 0.0221 12.07 560 780 0.00 0.00 
0.585 4 -2.00 -2.00 -2.0 -2.0 -0.022 -0.022 -13.9409 -14.5405 0.0178 12.07 570 770 0.00 0.00 
0.586 4 -2.00 -2.00 -2.0 -2.0 -0.020 -0.020 -14.2344 -15.0252 0.0235 12.07 560 770 0.00 0.00 
0.587 4 -2.00 -2.00 -2.0 -2.0 -0.025 -0.020 -14.2344 -15.0252 0.0235 12.07 590 790 0.00 0.00 
0.588 4 -2.00 -2.00 -2.0 -2.0 -0.025 -0.022 -13.9409 -14.3858 0.0132 12.07 560 770 0.00 0.00 
0.589 4 -2.00 -2.00 -2.0 -2.0 -0.020 -0.020 -13.9409 -14.6986 0.0225 12.07 560 770 0.00 0.00 
0.590 4 -2.00 -2.00 -2.0 -2.0 -0.025 -0.020 -13.5227 -14.2344 0.0212 12.07 560 760 0.00 0.00 
0.591 4 -2.00 -2.00 -2.0 -2.0 -0.022 -0.025 -13.7987 -14.6986 0.0268 12.07 560 770 0.00 0.00 
0.592 4 -2.00 -2.00 -2.0 -2.0 -0.020 -0.022 -14.5405 -14.3858 -0.0046 12.09 590 800 0.00 0.00 
0.593 4 -2.00 -2.00 -2.0 -2.0 -0.027 -0.022 -14.3858 -14.5405 0.0046 12.09 560 770 0.00 0.00 
0.594 4 -2.00 -2.00 -2.0 -2.0 -0.022 -0.025 -13.1288 -14.0861 0.0285 12.09 570 780 0.00 0.00 
0.595 4 -2.00 -2.00 -2.0 -2.0 -0.025 -0.018 -13.6593 -14.6986 0.0309 12.09 560 770 0.00 0.00 
0.596 4 -2.00 -2.00 -2.0 -2.0 -0.025 -0.020 -14.2344 -14.8601 0.0186 12.09 560 770 0.00 0.00 
0.597 4 -2.00 -2.00 -2.0 -2.0 -0.025 -0.013 -14.2344 -14.8601 0.0186 12.07 590 790 0.00 0.00 
0.598 4 -2.00 -2.00 -2.0 -2.0 -0.022 -0.022 -12.6380 -13.2575 0.0184 12.07 560 770 0.00 0.00 
0.599 4 -2.00 -2.00 -2.0 -2.0 -0.022 -0.022 -13.3888 -14.2344 0.0252 12.07 560 780 0.00 0.00 
0.600 4 -2.00 -2.00 -2.0 -2.0 -0.025 -0.020 -13.9409 -14.5405 0.0178 12.07 570 770 0.00 0.00 
0.601 4 -2.00 -2.00 -2.0 -2.0 -0.022 -0.022 -14.0861 -14.3858 0.0089 12.07 560 770 0.00 0.00 
0.602 4 -2.00 -2.00 -2.0 -2.0 -0.022 -0.022 -14.3858 -14.8601 0.0141 12.09 580 800 0.00 0.00 
0.603 4 -2.00 -2.00 -2.0 -2.0 -0.027 -0.022 -14.6986 -14.3858 -0.0093 12.09 560 770 0.00 0.00 
0.604 4 -2.00 -2.00 -2.0 -2.0 -0.025 -0.020 -14.3858 -14.6986 0.0093 12.09 560 770 0.00 0.00 
0.605 4 -2.00 -2.00 -2.0 -2.0 -0.022 -0.025 -14.0861 -14.8601 0.0230 12.09 560 770 0.00 0.00 
0.606 4 -2.00 -2.00 -2.0 -2.0 -0.025 -0.018 -14.0861 -15.0252 0.0279 12.09 560 770 0.00 0.00 
0.607 4 -2.00 -2.00 -2.0 -2.0 -0.022 -0.022 -14.0861 -14.6986 0.0182 12.07 590 790 0.00 0.00 
0.608 4 -2.00 -2.00 -2.0 -2.0 -0.022 -0.025 -14.0861 -14.6986 0.0182 12.07 560 770 0.00 0.00 
0.609 4 -2.00 -2.00 -2.0 -2.0 -0.022 -0.022 -14.3858 -12.7573 -0.0485 12.07 560 770 0.00 0.00 
0.610 4 -2.00 -2.00 -2.0 -2.0 -0.018 -0.025 -14.3858 -13.7987 -0.0175 12.07 560 770 0.00 0.00 
0.611 4 -2.00 -2.00 -2.0 -2.0 -0.027 -0.020 -13.5227 -14.8601 0.0398 12.07 560 760 0.00 0.00 
0.612 4 -2.00 -2.00 -2.0 -2.0 -0.022 -0.022 -13.7987 -14.0861 0.0086 12.09 580 790 0.00 0.00 
0.613 4 -2.00 -2.00 -2.0 -2.0 -0.025 -0.016 -13.9409 -14.0861 0.0043 12.09 560 770 0.00 0.00 
0.614 4 -2.00 -2.00 -2.0 -2.0 -0.025 -0.020 -14.0861 -14.3858 0.0089 12.09 560 770 0.00 0.00 
0.615 4 -2.00 -2.00 -2.0 -2.0 -0.022 -0.018 -14.0861 -14.5405 0.0135 12.09 570 780 0.00 0.00 
0.616 4 -2.00 -2.00 -2.0 -2.0 -0.022 -0.022 -14.0861 -14.3858 0.0089 12.09 560 770 0.00 0.00 
0.617 4 -2.00 -2.00 -2.0 -2.0 -0.020 -0.020 -14.2344 -14.8601 0.0186 12.07 590 790 0.00 0.00 
0.618 4 -2.00 -2.00 -2.0 -2.0 -0.025 -0.020 -14.2344 -14.5405 0.0091 12.07 560 770 0.00 0.00 
0.619 4 -2.00 -2.00 -2.0 -2.0 -0.022 -0.020 -14.2344 -14.6986 0.0138 12.07 560 770 0.00 0.00 
0.620 4 -2.00 -2.00 -2.0 -2.0 -0.025 -0.020 -14.2344 -14.6986 0.0138 12.07 560 770 0.00 0.00 
0.621 4 -2.00 -2.00 -2.0 -2.0 -0.022 -0.022 -14.0861 -14.8601 0.0230 12.07 560 770 0.00 0.00 
0.622 4 -2.00 -2.00 -2.0 -2.0 -0.025 -0.018 -14.2344 -14.5405 0.0091 12.07 590 790 0.00 0.00 
0.623 4 -2.00 -2.00 -2.0 -2.0 -0.027 -0.020 -14.0861 -14.6986 0.0182 12.07 560 770 0.00 0.00 
0.624 4 -2.00 -2.00 -2.0 -2.0 -0.020 -0.018 -14.0861 -14.6986 0.0182 12.07 560 770 0.00 0.00 
0.625 4 -2.00 -2.00 -2.0 -2.0 -0.022 -0.022 -13.5227 -14.3858 0.0257 12.07 560 770 0.00 0.00 
