%% logfile from robot Tania (57)
% Tania (57)
%  1    time 0.009 sec
%  2  3 Motor voltage [V] left, right: 2.75 2.75
%  4  5 Wheel velocity [m/s] left, right: 0.0000 -0.0000
%  6  7  8  9 Pose x,y,h,tilt [m,m,rad,rad]: 0 0 0 3.0559
% 10    Battery voltage [V]: 12.14
% 11 13 read sensor time [ms]: 0.093 and ctrl time 9.379, cycleEnd 0.202
% 14 15 Chirp frequency =101.124 rad/s, phase=0.101124 rad
0.009 2.75 2.75 0.0000 -0.0000 0.0000 0.0000 0.000000 3.055900 12.14 0.093 9.379 0.202 101.124 0.101124 
0.009 2.93 2.93 0.0000 -0.0000 0.0000 0.0000 0.000000 3.055899 12.14 0.475 0.963 9.391 100.908 0.202032 
0.010 3.10 3.10 0.0000 -0.0000 0.0000 0.0000 0.000000 3.055898 12.14 0.095 0.584 0.975 100.691 0.302724 
0.011 3.28 3.28 0.0000 -0.0000 0.0000 0.0000 0.000000 3.055898 12.13 0.092 0.577 0.597 100.476 0.403199 
0.012 3.45 3.45 0.0000 -0.0000 0.0000 0.0000 0.000000 3.055899 12.12 0.090 0.573 0.590 100.26 0.50346 
0.013 3.58 3.65 0.0000 -0.0000 0.0002 -0.0000 -0.002677 3.055901 12.12 0.092 0.601 0.585 100.045 0.603505 
0.014 3.77 3.77 0.0000 0.0000 0.0004 -0.0000 0.000000 3.055901 12.11 0.095 0.611 0.613 99.831 0.703336 
0.015 3.92 3.93 0.0000 0.0000 0.0004 -0.0000 0.000000 3.055898 12.11 0.093 0.591 0.626 99.6171 0.802953 
0.016 4.07 4.07 0.0000 0.0000 0.0004 -0.0000 0.000000 3.055901 12.11 0.095 0.602 0.606 99.4036 0.902357 
0.017 2.87 4.24 0.0993 0.0000 0.0006 -0.0000 -0.002677 3.055899 12.11 0.091 0.624 0.614 99.1905 1.00155 
0.018 3.01 4.33 0.0993 0.0000 0.0008 -0.0000 0.000000 3.055894 12.11 0.093 0.637 0.639 98.9779 1.10053 
0.019 3.10 4.45 0.0993 0.0000 0.0008 -0.0000 0.000000 3.055897 12.11 0.095 0.619 0.653 98.7658 1.19929 
0.020 2.26 2.30 0.1700 0.1717 0.0012 -0.0000 0.000000 3.055905 12.11 0.093 0.613 0.634 98.5541 1.29785 
0.021 2.31 2.36 0.1700 0.1717 0.0012 -0.0000 0.000000 3.055909 12.11 0.095 0.613 0.628 98.3429 1.39619 
0.022 1.89 1.32 0.2055 0.2546 0.0016 -0.0000 0.000000 3.055900 12.12 0.091 0.608 0.629 98.1321 1.49432 
0.023 1.43 0.12 0.2422 0.3470 0.0020 -0.0000 0.000000 3.055905 12.13 0.091 0.624 0.623 97.9218 1.59224 
0.024 1.47 0.40 0.2422 0.3212 0.0022 -0.0000 0.002677 3.055941 12.13 0.095 0.652 0.640 97.7119 1.68995 
0.025 1.24 0.92 0.2598 0.2794 0.0026 0.0000 0.002677 3.055953 12.13 0.095 0.612 0.665 97.5025 1.78746 
0.026 1.02 0.93 0.2716 0.2794 0.0028 0.0000 0.000000 3.055942 12.14 0.092 0.647 0.627 97.2935 1.88475 
0.027 1.01 0.33 0.2716 0.3188 0.0030 0.0000 0.002677 3.055956 12.14 0.095 0.652 0.663 97.085 1.98183 
0.028 0.95 -0.20 0.2727 0.3548 0.0034 0.0000 0.002677 3.055943 12.14 0.091 0.646 0.665 96.8769 2.07871 
0.029 0.70 0.18 0.2870 0.3194 0.0038 0.0000 0.002677 3.055874 12.14 0.091 0.645 0.662 96.6693 2.17538 
0.030 0.62 0.68 0.2870 0.2750 0.0038 0.0000 0.002677 3.055849 12.14 0.091 0.643 0.660 96.4621 2.27184 
0.031 0.38 0.71 0.2989 0.2656 0.0042 0.0000 0.002677 3.055868 12.14 0.090 0.642 0.659 96.2553 2.3681 
0.032 0.56 0.35 0.2773 0.2863 0.0046 0.0000 0.002677 3.055846 12.14 0.091 0.640 0.660 96.049 2.46415 
0.033 0.49 0.11 0.2773 0.2934 0.0048 0.0000 0.005355 3.055838 12.14 0.095 0.669 0.655 95.8432 2.55999 
0.034 0.61 0.03 0.2575 0.2934 0.0050 0.0000 0.002677 3.055875 12.14 0.092 0.655 0.684 95.6378 2.65563 
0.035 0.32 0.11 0.2710 0.2781 0.0054 0.0000 0.002677 3.055887 12.14 0.095 0.640 0.672 95.4328 2.75106 
0.036 0.23 0.43 0.2710 0.2413 0.0056 0.0000 0.005355 3.055876 12.14 0.092 0.655 0.655 95.2283 2.84629 
0.037 -0.11 0.34 0.2846 0.2413 0.0058 0.0000 0.002677 3.055868 12.14 0.090 0.655 0.671 95.0242 2.94131 
0.039 0.08 -0.11 0.2491 0.2555 0.0062 0.0000 0.002677 3.055822 12.14 0.090 0.356 0.359 94.6173 3.13075 
0.040 0.37 -0.24 0.2172 0.2549 0.0066 0.0000 0.002677 3.055796 12.14 0.093 0.360 0.371 94.4145 3.22517 
0.041 0.28 -0.32 0.2172 0.2477 0.0068 0.0000 0.005355 3.055799 12.13 0.092 0.365 0.374 94.2121 3.31938 
0.042 -0.12 -0.42 0.2355 0.2477 0.0070 0.0000 0.002677 3.055812 12.14 0.090 0.358 0.379 94.0102 3.41339 
0.043 -0.58 -0.15 0.2606 0.2172 0.0074 0.0000 0.002677 3.055804 12.14 0.095 0.356 0.374 93.8087 3.5072 
0.044 -0.72 -0.27 0.2606 0.2172 0.0074 0.0000 0.002677 3.055800 12.14 0.092 0.351 0.370 93.6077 3.6008 
0.045 -0.22 -0.37 0.2129 0.2150 0.0078 0.0000 0.002677 3.055813 12.14 0.090 0.359 0.364 93.407 3.69421 
0.046 -0.33 -0.48 0.2129 0.2150 0.0078 0.0000 0.002677 3.055817 12.13 0.095 0.355 0.374 93.2068 3.78742 
0.047 0.07 -0.28 0.1740 0.1908 0.0082 0.0000 0.002677 3.055806 12.13 0.095 0.356 0.369 93.0071 3.88042 
0.048 -0.03 -0.38 0.1740 0.1908 0.0082 0.0000 0.002677 3.055798 12.14 0.092 0.353 0.370 92.8077 3.97323 
0.049 -0.08 -0.51 0.1740 0.1915 0.0084 0.0000 0.005355 3.055795 12.13 0.090 0.360 0.366 92.6088 4.06584 
0.050 -0.29 -0.56 0.1815 0.1915 0.0086 0.0000 0.002677 3.055754 12.13 0.092 0.365 0.375 92.4103 4.15825 
0.052 -0.65 -0.36 0.1988 0.1655 0.0090 0.0000 0.002677 3.055809 12.13 0.091 0.363 0.364 92.0146 4.34248 
0.053 -0.71 -0.41 0.1988 0.1655 0.0090 0.0000 0.002677 3.055862 12.13 0.095 0.359 0.377 91.8174 4.4343 
0.054 -0.07 -0.30 0.1462 0.1536 0.0094 0.0000 0.002677 3.055843 12.13 0.095 0.357 0.372 91.6206 4.52592 
0.055 -0.10 -0.33 0.1462 0.1536 0.0094 0.0000 0.002677 3.055861 12.13 0.092 0.359 0.371 91.4243 4.61734 
0.056 -0.11 -0.34 0.1462 0.1536 0.0094 0.0000 0.002677 3.055898 12.14 0.095 0.361 0.374 91.2283 4.70857 
0.057 0.14 -0.05 0.1294 0.1278 0.0096 0.0000 0.005355 3.055887 12.14 0.095 0.364 0.374 91.0328 4.7996 
0.058 0.41 -0.01 0.1073 0.1278 0.0098 0.0000 0.002677 3.055843 12.13 0.091 0.362 0.379 90.8377 4.89044 
0.059 0.43 0.01 0.1073 0.1278 0.0098 0.0000 0.002677 3.055815 12.14 0.092 0.353 0.377 90.643 4.98108 
0.060 0.47 0.07 0.1073 0.1255 0.0098 0.0000 0.002677 3.055806 12.14 0.095 0.362 0.366 90.4487 5.07153 
0.062 0.46 0.35 0.1161 0.1114 0.0102 0.0000 0.002677 3.055803 12.14 0.090 0.363 0.367 90.0614 5.25185 
0.063 0.52 0.42 0.1161 0.1114 0.0102 0.0000 0.002677 3.055832 12.14 0.095 0.364 0.377 89.8684 5.34172 
0.064 0.60 0.49 0.1161 0.1114 0.0102 0.0000 0.002677 3.055847 12.14 0.090 0.359 0.379 89.6758 5.43139 
0.065 0.71 0.84 0.1136 0.0916 0.0106 0.0000 0.002677 3.055867 12.14 0.095 0.364 0.374 89.4836 5.52088 
0.066 0.81 0.93 0.1136 0.0916 0.0106 0.0000 0.002677 3.055884 12.14 0.090 0.355 0.380 89.2918 5.61017 
0.067 0.91 1.03 0.1136 0.0916 0.0106 0.0000 0.002677 3.055874 12.13 0.091 0.352 0.370 89.1004 5.69927 
0.068 1.01 1.15 0.1136 0.0916 0.0106 0.0000 0.002677 3.055843 12.14 0.092 0.356 0.365 88.9095 5.78818 
0.070 1.32 1.48 0.1083 0.0843 0.0110 0.0000 0.002677 3.055807 12.13 0.095 0.356 0.360 88.5288 5.96543 
0.071 1.45 1.61 0.1083 0.0843 0.0110 0.0000 0.002677 3.055802 12.13 0.091 0.350 0.369 88.339 6.05376 
0.072 1.25 1.78 0.1301 0.0843 0.0112 0.0000 -0.000000 3.055798 12.13 0.095 0.356 0.364 88.1497 6.14191 
0.073 1.38 1.92 0.1301 0.0843 0.0112 0.0000 -0.000000 3.055806 12.13 0.091 0.335 0.369 87.9608 6.22988 
0.074 1.54 1.72 0.1301 0.1071 0.0114 0.0000 0.002677 3.055816 12.13 0.095 0.363 0.350 87.7722 6.31765 
0.075 1.59 1.89 0.1337 0.1071 0.0116 0.0000 -0.000000 3.055813 12.13 0.090 0.336 0.375 87.5841 0.122046 
0.076 1.76 1.42 0.1337 0.1504 0.0118 0.0000 0.002677 3.055800 12.13 0.092 0.335 0.351 87.3964 0.209443 
0.077 1.52 1.58 0.1594 0.1504 0.0120 0.0000 -0.000000 3.055790 12.13 0.093 0.337 0.351 87.2091 0.296652 
0.078 1.64 1.71 0.1594 0.1504 0.0120 0.0000 -0.000000 3.055774 12.13 0.095 0.315 0.353 87.0222 0.383674 
0.079 1.79 1.79 0.1594 0.1504 0.0122 0.0000 0.002677 3.055749 12.13 0.091 0.339 0.331 86.8357 0.47051 
0.080 1.69 1.95 0.1739 0.1504 0.0125 0.0000 -0.000000 3.055737 12.13 0.092 0.335 0.354 86.6496 0.557159 
0.081 1.83 1.46 0.1739 0.1935 0.0127 0.0000 0.002677 3.055744 12.13 0.095 0.340 0.350 86.4638 0.643623 
0.082 1.85 1.60 0.1780 0.1935 0.0129 0.0000 -0.000000 3.055756 12.13 0.095 0.342 0.355 86.2785 0.729901 
0.083 1.99 1.21 0.1780 0.2282 0.0131 0.0000 0.002677 3.055759 12.13 0.091 0.352 0.357 86.0936 0.815995 
0.085 1.78 1.57 0.2071 0.2125 0.0135 0.0000 0.002677 3.055820 12.13 0.091 0.360 0.357 85.725 0.987629 
0.086 1.45 1.68 0.2352 0.2125 0.0137 0.0000 -0.000000 3.055809 12.13 0.090 0.354 0.374 85.5412 1.07317 
0.087 1.55 2.16 0.2327 0.1808 0.0141 0.0000 -0.000000 3.055761 12.13 0.095 0.333 0.369 85.3579 1.15853 
0.088 1.60 2.22 0.2327 0.1808 0.0141 0.0000 -0.000000 3.055767 12.13 0.095 0.336 0.346 85.1749 1.2437 
0.089 1.87 1.77 0.2156 0.2198 0.0145 0.0000 -0.000000 3.055763 12.13 0.092 0.324 0.350 84.9924 1.3287 
0.091 1.40 1.04 0.2571 0.2797 0.0149 0.0000 -0.000000 3.055690 12.13 0.090 0.345 0.360 84.6285 1.49813 
0.092 0.60 1.34 0.3186 0.2575 0.0153 0.0000 -0.000000 3.055672 12.13 0.090 0.323 0.359 84.4471 1.58258 
0.093 1.07 1.40 0.2824 0.2529 0.0153 0.0000 -0.000000 3.055668 12.13 0.095 0.336 0.336 84.2661 1.66685 
0.094 1.21 1.72 0.2707 0.2279 0.0157 0.0000 -0.000000 3.055684 12.13 0.092 0.333 0.350 84.0855 1.75093 
0.095 1.64 1.28 0.2368 0.2611 0.0161 0.0000 -0.000000 3.055694 12.13 0.090 0.324 0.348 83.9053 1.83484 
0.097 1.03 1.04 0.2790 0.2749 0.0165 0.0000 -0.000000 3.055716 12.13 0.091 0.335 0.339 83.546 2.00211 
0.098 0.47 0.97 0.3186 0.2764 0.0169 0.0000 -0.000000 3.055710 12.14 0.091 0.333 0.351 83.3669 2.08548 
0.099 0.90 0.95 0.2783 0.2764 0.0171 0.0000 -0.002677 3.055681 12.13 0.092 0.355 0.347 83.1882 2.16866 
0.100 0.87 1.28 0.2783 0.2434 0.0173 0.0000 -0.000000 3.055687 12.13 0.095 0.360 0.369 83.01 2.25167 
0.101 1.29 0.91 0.2406 0.2670 0.0177 0.0000 -0.000000 3.055710 12.14 0.090 0.333 0.373 82.832 2.33451 
0.103 0.65 0.64 0.2783 0.2753 0.0181 0.0000 -0.000000 3.055693 12.14 0.091 0.353 0.369 82.4774 2.49964 
0.104 0.55 0.49 0.2783 0.2796 0.0185 0.0000 -0.000000 3.055709 12.14 0.092 0.337 0.366 82.3006 2.58194 
0.105 0.52 0.02 0.2734 0.3082 0.0189 0.0000 -0.000000 3.055732 12.14 0.097 0.343 0.353 82.1242 2.66406 
0.106 0.42 -0.09 0.2734 0.3082 0.0189 0.0000 -0.000000 3.055732 12.14 0.095 0.327 0.358 81.9482 2.74601 
0.108 0.12 0.28 0.2766 0.2653 0.0195 0.0000 -0.002677 3.055742 12.14 0.092 0.362 0.344 81.5973 2.90938 
0.109 0.03 0.32 0.2766 0.2512 0.0197 0.0000 -0.000000 3.055751 12.14 0.093 0.355 0.377 81.4224 2.9908 
0.110 0.02 0.16 0.2685 0.2543 0.0201 0.0000 -0.000000 3.055745 12.14 0.091 0.330 0.371 81.2479 3.07205 
0.111 0.05 0.08 0.2545 0.2543 0.0203 0.0000 -0.002677 3.055748 12.14 0.095 0.363 0.345 81.0738 3.15313 
0.113 0.02 0.54 0.2387 0.2024 0.0207 0.0000 -0.002677 3.055731 12.14 0.090 0.355 0.356 80.7266 3.31475 
0.114 -0.06 0.13 0.2387 0.2221 0.0209 0.0000 -0.000000 3.055722 12.14 0.092 0.363 0.370 80.5536 3.39531 
0.115 -0.16 0.06 0.2351 0.2221 0.0211 0.0000 -0.002677 3.055738 12.13 0.095 0.366 0.379 80.381 3.47569 
0.116 -0.15 -0.47 0.2280 0.2515 0.0213 0.0000 -0.000000 3.055747 12.14 0.091 0.356 0.380 80.2087 3.5559 
0.118 -0.15 -0.17 0.2121 0.2120 0.0217 0.0000 -0.000000 3.055740 12.14 0.092 0.332 0.335 79.8652 3.7158 
0.119 -0.08 -0.03 0.1962 0.1968 0.0219 0.0000 -0.002677 3.055746 12.14 0.091 0.361 0.344 79.6941 3.79549 
0.120 -0.14 0.19 0.1962 0.1702 0.0221 0.0000 -0.000000 3.055749 12.14 0.092 0.361 0.374 79.5233 3.87501 
0.121 -0.04 0.14 0.1791 0.1702 0.0223 0.0000 -0.002677 3.055741 12.14 0.092 0.359 0.375 79.3528 3.95437 
0.123 -0.15 -0.23 0.1758 0.1867 0.0227 0.0000 -0.002677 3.055714 12.14 0.090 0.355 0.361 79.013 4.11256 
0.124 -0.18 -0.57 0.1758 0.2045 0.0229 0.0000 -0.000000 3.055704 12.14 0.092 0.356 0.370 78.8437 4.19141 
0.125 -0.25 -0.60 0.1741 0.2045 0.0231 0.0000 -0.002677 3.055695 12.14 0.093 0.358 0.369 78.6747 4.27008 
0.127 -0.32 -0.34 0.1741 0.1734 0.0233 0.0000 -0.000000 3.055693 12.14 0.091 0.334 0.358 78.3378 4.42693 
0.128 -0.06 -0.34 0.1483 0.1734 0.0235 0.0000 -0.002677 3.055712 12.13 0.095 0.356 0.347 78.1699 4.5051 
0.129 -0.05 0.24 0.1483 0.1236 0.0237 0.0000 -0.000000 3.055719 12.13 0.092 0.356 0.367 78.0024 4.5831 
0.131 0.23 0.26 0.1217 0.1232 0.0239 0.0000 -0.002677 3.055791 12.14 0.097 0.366 0.340 77.6684 4.7386 
0.132 0.23 0.27 0.1217 0.1232 0.0239 0.0000 -0.002677 3.055800 12.14 0.091 0.353 0.380 77.5019 4.8161 
0.133 0.28 0.42 0.1217 0.1094 0.0241 0.0000 -0.000000 3.055784 12.14 0.095 0.356 0.364 77.3358 4.89344 
0.134 0.29 0.44 0.1217 0.1094 0.0241 0.0000 -0.000000 3.055773 12.14 0.092 0.335 0.367 77.1701 4.97061 
0.136 0.46 0.54 0.1109 0.1094 0.0243 0.0000 -0.002677 3.055784 12.14 0.091 0.359 0.366 76.8396 5.12445 
0.137 0.54 0.62 0.1109 0.1040 0.0245 0.0000 -0.000000 3.055749 12.14 0.092 0.362 0.372 76.6749 5.20113 
0.138 0.59 0.67 0.1109 0.1040 0.0245 0.0000 -0.000000 3.055745 12.14 0.095 0.342 0.375 76.5106 5.27764 
0.140 0.72 0.83 0.1076 0.1040 0.0247 0.0000 -0.002677 3.055789 12.14 0.091 0.361 0.370 76.183 5.43017 
0.141 0.83 0.85 0.1076 0.1059 0.0249 0.0000 -0.000000 3.055799 12.14 0.091 0.361 0.374 76.0197 5.50619 
0.142 0.91 0.93 0.1076 0.1059 0.0249 0.0000 -0.000000 3.055794 12.13 0.092 0.330 0.374 75.8568 5.58204 
0.144 1.16 1.14 0.0991 0.1059 0.0251 0.0000 -0.002677 3.055748 12.14 0.090 0.356 0.359 75.532 5.73327 
0.145 1.29 1.18 0.0991 0.1070 0.0253 0.0000 -0.000000 3.055731 12.13 0.092 0.353 0.370 75.3701 5.80864 
0.146 1.39 1.28 0.0991 0.1070 0.0253 0.0000 -0.000000 3.055730 12.14 0.092 0.330 0.364 75.2085 5.88385 
0.148 1.54 1.21 0.1040 0.1284 0.0257 0.0000 -0.000000 3.055742 12.14 0.095 0.363 0.361 74.8865 6.03378 
0.149 1.65 1.32 0.1040 0.1284 0.0257 0.0000 -0.000000 3.055763 12.13 0.090 0.335 0.374 74.726 6.10851 
0.150 1.25 1.46 0.1404 0.1284 0.0259 0.0000 -0.002677 3.055781 12.14 0.091 0.362 0.349 74.5658 6.18307 
0.152 0.90 1.54 0.1841 0.1394 0.0263 0.0000 -0.002677 3.055777 12.14 0.090 0.353 0.361 74.2466 6.33173 
0.153 1.03 1.45 0.1841 0.1525 0.0265 0.0000 -0.000000 3.055765 12.13 0.095 0.339 0.364 74.0874 0.122629 
0.154 1.31 1.59 0.1680 0.1525 0.0267 0.0000 -0.002677 3.055755 12.14 0.090 0.332 0.350 73.9286 0.196557 
0.155 1.41 1.70 0.1680 0.1525 0.0267 0.0000 -0.002677 3.055754 12.13 0.095 0.336 0.345 73.7702 0.270328 
0.156 1.55 1.74 0.1680 0.1551 0.0269 0.0000 -0.000000 3.055765 12.13 0.090 0.334 0.347 73.6121 0.34394 
0.157 1.78 1.88 0.1558 0.1551 0.0271 0.0000 -0.002677 3.055783 12.13 0.095 0.344 0.347 73.4543 0.417394 
0.159 1.64 1.75 0.1822 0.1802 0.0275 0.0000 -0.002677 3.055818 12.13 0.092 0.342 0.346 73.1398 0.563831 
0.160 1.77 1.70 0.1822 0.1888 0.0277 0.0000 -0.000000 3.055837 12.14 0.095 0.347 0.355 72.983 0.636814 
0.161 1.15 1.82 0.2336 0.1888 0.0279 0.0000 -0.002677 3.055865 12.13 0.095 0.345 0.361 72.8266 0.70964 
0.163 1.61 1.57 0.2101 0.2208 0.0283 0.0000 -0.002677 3.055800 12.14 0.095 0.359 0.346 72.5148 0.854826 
0.164 1.72 1.66 0.2101 0.2166 0.0285 0.0000 -0.000000 3.055783 12.14 0.091 0.360 0.370 72.3593 0.927185 
0.166 1.41 1.64 0.2417 0.2307 0.0291 0.0000 -0.002677 3.055793 12.13 0.090 0.356 0.356 72.0495 1.07144 
0.167 1.49 1.75 0.2417 0.2242 0.0293 0.0000 -0.000000 3.055798 12.13 0.090 0.350 0.370 71.8951 1.14333 
0.169 1.42 1.54 0.2515 0.2501 0.0299 0.0000 -0.002677 3.055831 12.14 0.092 0.353 0.362 71.5872 1.28666 
0.170 1.49 1.28 0.2513 0.2698 0.0301 0.0000 -0.000000 3.055789 12.14 0.092 0.352 0.364 71.4338 1.3581 
0.171 0.95 1.34 0.2913 0.2698 0.0303 0.0000 -0.002677 3.055763 12.14 0.090 0.353 0.364 71.2807 1.42938 
0.173 1.33 1.40 0.2665 0.2646 0.0309 0.0000 -0.000000 3.055772 12.14 0.091 0.355 0.360 70.9755 1.57148 
0.174 1.16 1.46 0.2771 0.2629 0.0311 0.0000 -0.002677 3.055734 12.13 0.095 0.355 0.366 70.8234 1.6423 
0.176 1.31 1.57 0.2648 0.2534 0.0315 0.0000 -0.002677 3.055748 12.13 0.091 0.348 0.359 70.5201 1.78349 
0.177 1.51 1.73 0.2483 0.2400 0.0319 0.0000 -0.002677 3.055761 12.14 0.095 0.358 0.360 70.369 1.85386 
0.179 1.03 0.56 0.2837 0.3232 0.0325 0.0000 -0.000000 3.055833 12.14 0.095 0.364 0.359 70.0676 1.99415 
0.180 0.78 0.61 0.2971 0.3187 0.0327 0.0000 -0.002677 3.055839 12.14 0.091 0.337 0.375 69.9175 2.06407 
0.181 0.96 0.83 0.2797 0.2973 0.0331 0.0000 -0.002677 3.055818 12.14 0.092 0.354 0.351 69.7676 2.13383 
0.183 1.27 1.42 0.2479 0.2450 0.0335 0.0000 -0.002677 3.055799 12.14 0.090 0.356 0.361 69.4689 2.27292 
0.184 0.76 0.90 0.2825 0.2807 0.0339 0.0000 -0.002677 3.055771 12.14 0.095 0.359 0.369 69.32 2.34224 
0.186 -0.05 0.52 0.3353 0.2954 0.0345 0.0000 -0.000000 3.055810 12.14 0.095 0.363 0.368 69.0232 2.48044 
0.187 0.63 0.47 0.2736 0.2954 0.0347 0.0000 -0.002677 3.055830 12.14 0.095 0.357 0.374 68.8752 2.54931 
0.189 1.02 0.46 0.2346 0.2808 0.0353 0.0000 -0.000000 3.055864 12.13 0.090 0.336 0.364 68.5803 2.68662 
0.190 0.47 0.41 0.2677 0.2808 0.0355 0.0000 -0.002677 3.055870 12.14 0.091 0.361 0.349 68.4333 2.75505 
0.192 -0.09 0.20 0.2985 0.2799 0.0361 0.0000 -0.000000 3.055835 12.14 0.091 0.353 0.366 68.1403 2.89148 
0.193 0.35 0.13 0.2544 0.2799 0.0363 0.0000 -0.002677 3.055829 12.14 0.090 0.353 0.364 67.9943 2.95947 
0.195 0.75 0.29 0.2117 0.2507 0.0369 0.0000 -0.000000 3.055830 12.14 0.092 0.333 0.356 67.7031 3.09503 
0.196 0.66 0.19 0.2117 0.2507 0.0369 0.0000 -0.000000 3.055848 12.14 0.095 0.339 0.344 67.558 3.16258 
0.198 0.25 0.07 0.2261 0.2471 0.0376 0.0000 -0.002677 3.055883 12.14 0.095 0.364 0.339 67.2687 3.29727 
0.199 0.19 0.01 0.2261 0.2418 0.0378 0.0000 -0.000000 3.055889 12.14 0.092 0.360 0.377 67.1245 3.36439 
0.201 0.14 -0.46 0.2150 0.2621 0.0382 0.0000 -0.000000 3.055871 12.14 0.092 0.330 0.338 66.8371 3.49821 
0.202 -0.02 -0.00 0.2204 0.2192 0.0386 0.0000 -0.000000 3.055849 12.14 0.090 0.330 0.341 66.6939 3.5649 
0.204 -0.02 0.05 0.2068 0.2013 0.0390 0.0000 -0.000000 3.055839 12.14 0.095 0.335 0.332 66.4083 3.69786 
0.205 -0.11 -0.03 0.2068 0.2013 0.0390 0.0000 -0.000000 3.055840 12.14 0.091 0.330 0.346 66.266 3.76413 
0.207 -0.16 -0.12 0.1985 0.1960 0.0394 0.0000 -0.000000 3.055879 12.14 0.090 0.327 0.341 65.9822 3.89623 
0.208 -0.09 0.25 0.1851 0.1643 0.0396 0.0000 -0.002677 3.055866 12.14 0.095 0.361 0.338 65.8408 3.96207 
0.210 -0.09 0.28 0.1775 0.1501 0.0398 -0.0000 -0.000000 3.055891 12.14 0.090 0.340 0.370 65.5589 4.09333 
0.211 -0.05 0.09 0.1695 0.1604 0.0402 -0.0000 -0.000000 3.055871 12.14 0.095 0.343 0.352 65.4184 4.15875 
0.213 -0.02 -0.01 0.1590 0.1604 0.0406 -0.0000 -0.000000 3.055867 12.14 0.092 0.340 0.336 65.1382 4.28917 
0.215 -0.10 -0.31 0.1590 0.1770 0.0406 -0.0000 -0.000000 3.055877 12.14 0.095 0.339 0.340 64.8593 4.41902 
0.216 0.14 0.09 0.1379 0.1438 0.0410 -0.0000 -0.000000 3.055902 12.14 0.092 0.338 0.352 64.7203 4.48375 
0.218 0.10 0.04 0.1379 0.1438 0.0410 -0.0000 -0.000000 3.055921 12.14 0.091 0.335 0.337 64.4432 4.61277 
0.219 0.27 0.30 0.1216 0.1254 0.0412 -0.0000 -0.002677 3.055916 12.14 0.095 0.358 0.348 64.3051 4.67707 
0.221 0.30 0.45 0.1216 0.1111 0.0414 -0.0000 -0.000000 3.055890 12.14 0.091 0.327 0.359 64.0297 4.80527 
0.222 0.30 0.46 0.1216 0.1111 0.0414 -0.0000 -0.000000 3.055878 12.14 0.092 0.329 0.339 63.8925 4.86916 
0.224 0.46 0.38 0.1120 0.1194 0.0418 -0.0000 -0.000000 3.055868 12.14 0.091 0.331 0.338 63.6189 4.99654 
0.226 0.49 0.32 0.1133 0.1279 0.0422 -0.0000 -0.000000 3.055905 12.14 0.094 0.343 0.344 63.3465 5.12337 
0.227 0.53 0.35 0.1133 0.1279 0.0422 -0.0000 -0.000000 3.055910 12.14 0.091 0.340 0.356 63.2107 5.18658 
0.229 0.61 0.43 0.1133 0.1279 0.0422 -0.0000 -0.000000 3.055913 12.14 0.091 0.337 0.342 62.9401 5.31259 
0.230 0.64 0.72 0.1148 0.1093 0.0426 -0.0000 -0.000000 3.055906 12.14 0.095 0.340 0.350 62.8052 5.3754 
0.232 0.76 0.83 0.1148 0.1093 0.0426 -0.0000 -0.000000 3.055889 12.13 0.091 0.329 0.338 62.5362 5.50061 
0.234 0.99 1.24 0.1042 0.0912 0.0428 -0.0000 -0.002677 3.055881 12.14 0.091 0.355 0.336 62.2685 5.62528 
0.235 1.10 1.31 0.1042 0.0891 0.0430 -0.0000 -0.000000 3.055879 12.14 0.090 0.356 0.366 62.135 5.68741 
0.237 1.25 1.47 0.1042 0.0891 0.0430 -0.0000 -0.000000 3.055897 12.14 0.092 0.337 0.337 61.8689 5.81128 
0.239 1.45 1.31 0.1026 0.1144 0.0434 -0.0000 -0.000000 3.055895 12.14 0.091 0.329 0.342 61.604 5.93462 
0.240 1.54 1.40 0.1026 0.1144 0.0434 -0.0000 -0.000000 3.055886 12.13 0.095 0.332 0.340 61.472 5.99609 
0.242 1.39 1.13 0.1276 0.1485 0.0438 -0.0000 -0.000000 3.055882 12.14 0.095 0.333 0.336 61.2088 6.11864 
0.244 1.12 1.05 0.1617 0.1678 0.0442 -0.0000 -0.000000 3.055890 12.13 0.095 0.333 0.339 60.9467 6.24067 
0.245 1.21 1.13 0.1617 0.1678 0.0442 -0.0000 -0.000000 3.055896 12.13 0.095 0.335 0.344 60.816 6.30148 
0.247 1.34 1.35 0.1650 0.1644 0.0446 -0.0000 -0.000000 3.055917 12.14 0.090 0.319 0.345 60.5556 0.139538 
0.248 1.48 1.15 0.1615 0.1865 0.0450 -0.0000 -0.000000 3.055924 12.14 0.091 0.314 0.330 60.4258 0.199964 
0.249 1.57 1.24 0.1615 0.1865 0.0450 -0.0000 -0.000000 3.055920 12.13 0.092 0.311 0.327 60.2963 0.260261 
0.250 1.31 1.24 0.1879 0.1931 0.0454 -0.0000 -0.000000 3.055918 12.13 0.093 0.323 0.324 60.1671 0.320428 
0.252 0.95 1.32 0.2277 0.1990 0.0458 -0.0000 -0.000000 3.055942 12.13 0.090 0.311 0.321 59.9095 0.440375 
0.254 1.46 1.68 0.2002 0.1838 0.0462 -0.0000 -0.000000 3.055937 12.13 0.092 0.322 0.317 59.6529 0.559809 
0.255 1.54 1.76 0.2002 0.1838 0.0462 -0.0000 -0.000000 3.055948 12.13 0.091 0.305 0.334 59.5251 0.619334 
0.257 1.92 1.70 0.1825 0.1998 0.0466 -0.0000 -0.000000 3.055929 12.14 0.091 0.311 0.324 59.2702 0.738002 
0.259 1.59 1.85 0.2180 0.1988 0.0470 -0.0000 -0.000000 3.055910 12.14 0.091 0.330 0.334 59.0164 0.856162 
0.260 0.86 1.50 0.2786 0.2303 0.0474 -0.0000 -0.000000 3.055893 12.13 0.093 0.335 0.342 58.8899 0.915052 
0.262 1.46 1.60 0.2398 0.2315 0.0478 -0.0000 -0.000000 3.055864 12.13 0.095 0.354 0.356 58.6378 1.03245 
0.264 1.90 1.47 0.2139 0.2481 0.0482 -0.0000 -0.000000 3.055860 12.13 0.090 0.327 0.336 58.3867 1.14935 
0.266 1.26 1.34 0.2687 0.2638 0.0490 -0.0000 -0.000000 3.055858 12.13 0.095 0.334 0.342 58.1367 1.26575 
0.267 1.29 1.37 0.2687 0.2638 0.0490 -0.0000 -0.000000 3.055855 12.14 0.095 0.327 0.346 58.0121 1.32376 
0.269 0.82 1.32 0.3070 0.2702 0.0498 -0.0000 -0.000000 3.055882 12.14 0.095 0.336 0.336 57.7637 1.43941 
0.271 1.19 1.44 0.2806 0.2627 0.0502 -0.0000 -0.000000 3.055875 12.13 0.095 0.332 0.330 57.5163 1.55457 
0.273 1.24 1.21 0.2738 0.2836 0.0508 -0.0000 -0.002677 3.055875 12.13 0.092 0.351 0.327 57.27 1.66923 
0.274 1.27 1.74 0.2738 0.2399 0.0510 -0.0000 -0.000000 3.055887 12.14 0.092 0.355 0.363 57.1473 1.72638 
0.276 1.02 1.17 0.2891 0.2852 0.0516 -0.0000 -0.002677 3.055903 12.14 0.095 0.358 0.334 56.9026 1.84031 
0.278 0.79 0.94 0.3057 0.2958 0.0522 -0.0000 -0.000000 3.055913 12.14 0.091 0.332 0.362 56.6589 1.95375 
0.280 1.07 1.55 0.2791 0.2449 0.0526 -0.0000 -0.000000 3.055915 12.14 0.090 0.354 0.367 56.4163 2.0667 
0.282 0.86 0.24 0.2901 0.3400 0.0534 -0.0000 -0.000000 3.055911 12.14 0.091 0.330 0.334 56.1748 2.17917 
0.283 0.06 0.60 0.3452 0.3112 0.0536 -0.0000 -0.002677 3.055904 12.13 0.092 0.353 0.342 56.0544 2.23523 
0.285 0.79 1.18 0.2830 0.2555 0.0542 -0.0000 -0.000000 3.055934 12.13 0.095 0.340 0.365 55.8144 2.34697 
0.287 1.19 0.68 0.2446 0.2862 0.0546 -0.0000 -0.000000 3.055959 12.13 0.090 0.361 0.367 55.5754 2.45824 
0.289 0.13 0.48 0.3162 0.2912 0.0554 -0.0000 -0.000000 3.055960 12.14 0.091 0.336 0.344 55.3374 2.56904 
0.291 0.56 0.87 0.2725 0.2510 0.0558 -0.0000 -0.000000 3.055940 12.14 0.090 0.353 0.356 55.1004 2.67936 
0.293 0.96 0.50 0.2312 0.2687 0.0562 -0.0000 -0.000000 3.055918 12.14 0.092 0.334 0.340 54.8645 2.7892 
0.294 0.49 0.40 0.2623 0.2703 0.0566 -0.0000 -0.000000 3.055913 12.14 0.091 0.337 0.347 54.7469 2.84395 
0.296 0.39 0.25 0.2583 0.2699 0.0570 -0.0000 -0.000000 3.055925 12.14 0.091 0.337 0.343 54.5125 2.95309 
0.298 0.18 0.29 0.2616 0.2535 0.0578 -0.0000 -0.000000 3.055909 12.14 0.095 0.336 0.336 54.2791 3.06177 
0.300 0.18 0.31 0.2489 0.2397 0.0582 -0.0000 -0.000000 3.055883 12.14 0.091 0.334 0.335 54.0466 3.16998 
0.302 0.14 0.13 0.2396 0.2414 0.0586 -0.0000 -0.000000 3.055855 12.14 0.091 0.334 0.334 53.8152 3.27772 
0.304 0.16 0.63 0.2262 0.1912 0.0590 -0.0000 -0.000000 3.055856 12.14 0.090 0.353 0.359 53.5848 3.38501 
0.306 0.20 0.21 0.2116 0.2128 0.0594 -0.0000 -0.000000 3.055857 12.14 0.090 0.357 0.359 53.3553 3.49183 
0.308 0.10 -0.36 0.2078 0.2445 0.0598 -0.0000 -0.000000 3.055839 12.14 0.090 0.325 0.337 53.1269 3.5982 
0.309 0.25 0.01 0.1906 0.2094 0.0602 -0.0000 -0.000000 3.055824 12.13 0.095 0.335 0.337 53.013 3.65121 
0.311 0.13 0.36 0.1892 0.1720 0.0602 -0.0000 -0.000000 3.055816 12.14 0.091 0.331 0.333 52.786 3.7569 
0.313 0.17 0.27 0.1767 0.1701 0.0606 -0.0000 -0.000000 3.055833 12.13 0.092 0.336 0.340 52.56 3.86213 
0.315 0.20 -0.09 0.1655 0.1882 0.0610 -0.0000 -0.000000 3.055828 12.13 0.090 0.331 0.332 52.3349 3.96691 
0.317 0.03 -0.39 0.1703 0.2019 0.0614 -0.0000 -0.000000 3.055822 12.14 0.090 0.335 0.349 52.1108 4.07125 
0.319 -0.05 -0.12 0.1694 0.1731 0.0619 -0.0000 -0.000000 3.055856 12.14 0.090 0.362 0.366 51.8877 4.17513 
0.321 0.16 0.36 0.1491 0.1277 0.0621 -0.0000 0.002677 3.055871 12.14 0.091 0.364 0.336 51.6655 4.27858 
0.323 0.09 0.33 0.1466 0.1277 0.0623 -0.0000 -0.000000 3.055928 12.13 0.095 0.344 0.366 51.4443 4.38158 
0.325 0.34 0.37 0.1236 0.1211 0.0627 -0.0000 -0.000000 3.055894 12.14 0.093 0.355 0.363 51.224 4.48413 
0.327 0.31 0.34 0.1236 0.1211 0.0627 -0.0000 -0.000000 3.055898 12.14 0.090 0.329 0.338 51.0047 4.58625 
0.329 0.36 0.36 0.1181 0.1182 0.0631 -0.0000 -0.000000 3.055861 12.14 0.092 0.333 0.340 50.7863 4.68793 
0.331 0.39 0.38 0.1181 0.1135 0.0633 -0.0000 0.002677 3.055860 12.13 0.095 0.361 0.343 50.5688 4.78918 
0.333 0.39 0.43 0.1166 0.1135 0.0635 -0.0000 -0.000000 3.055878 12.13 0.091 0.335 0.364 50.3523 4.88999 
0.335 0.61 0.57 0.1040 0.1021 0.0637 -0.0000 0.002677 3.055863 12.14 0.092 0.356 0.336 50.1367 4.99037 
0.337 0.66 0.64 0.1010 0.1021 0.0639 -0.0000 -0.000000 3.055832 12.14 0.090 0.336 0.363 49.922 5.09032 
0.339 0.75 0.54 0.1010 0.1116 0.0641 -0.0000 0.002677 3.055813 12.13 0.091 0.356 0.337 49.7082 5.18985 
0.341 0.87 0.64 0.0943 0.1116 0.0643 -0.0000 -0.000000 3.055825 12.13 0.091 0.340 0.370 49.4954 5.28895 
0.343 0.67 0.72 0.1167 0.1114 0.0647 -0.0000 -0.000000 3.055848 12.14 0.090 0.362 0.372 49.2835 5.38762 
0.345 0.76 0.81 0.1167 0.1114 0.0647 -0.0000 -0.000000 3.055832 12.14 0.090 0.329 0.337 49.0724 5.48587 
0.347 0.47 0.94 0.1459 0.1096 0.0651 -0.0000 -0.000000 3.055810 12.14 0.091 0.329 0.339 48.8623 5.5837 
0.349 0.79 1.09 0.1260 0.1096 0.0653 -0.0000 -0.002677 3.055828 12.14 0.090 0.353 0.331 48.6531 5.68111 
0.351 0.94 1.26 0.1260 0.1034 0.0655 -0.0000 -0.000000 3.055860 12.13 0.095 0.340 0.362 48.4447 5.7781 
0.354 1.34 1.26 0.1103 0.1184 0.0659 -0.0000 -0.000000 3.055859 12.13 0.095 0.334 0.342 48.1339 5.92281 
0.356 1.13 1.44 0.1345 0.1184 0.0661 -0.0000 -0.002677 3.055840 12.13 0.090 0.353 0.334 47.9278 6.01877 
0.358 0.68 1.46 0.1795 0.1278 0.0665 -0.0000 -0.002677 3.055831 12.14 0.091 0.355 0.361 47.7226 6.11432 
0.360 0.99 1.19 0.1687 0.1570 0.0667 -0.0000 -0.000000 3.055850 12.13 0.090 0.335 0.359 47.5182 6.20946 
0.362 1.29 1.24 0.1557 0.1641 0.0671 -0.0000 -0.000000 3.055873 12.14 0.090 0.353 0.367 47.3148 6.30419 
0.364 1.59 1.19 0.1444 0.1783 0.0675 -0.0000 -0.000000 3.055836 12.13 0.091 0.339 0.358 47.1122 0.11533 
0.365 1.66 1.26 0.1444 0.1783 0.0675 -0.0000 -0.000000 3.055826 12.13 0.091 0.312 0.354 47.0112 0.162341 
0.366 1.24 1.39 0.1826 0.1741 0.0679 -0.0000 -0.000000 3.055807 12.14 0.093 0.320 0.327 46.9104 0.209252 
0.369 1.28 1.31 0.1948 0.1954 0.0683 -0.0000 -0.000000 3.055811 12.12 0.090 0.316 0.327 46.6095 0.34938 
0.371 1.38 1.22 0.1971 0.2120 0.0687 -0.0000 -0.000000 3.055830 12.13 0.090 0.320 0.327 46.4099 0.4423 
0.373 1.25 1.40 0.2135 0.2103 0.0693 -0.0000 -0.002677 3.055816 12.14 0.092 0.336 0.327 46.2112 0.534822 
0.375 1.20 1.52 0.2261 0.2099 0.0697 -0.0000 -0.002677 3.055799 12.13 0.092 0.339 0.337 46.0133 0.626947 
0.377 1.38 1.55 0.2211 0.2166 0.0701 -0.0000 -0.002677 3.055795 12.13 0.091 0.339 0.336 45.8163 0.718678 
0.380 1.71 1.35 0.2108 0.2409 0.0707 -0.0000 -0.000000 3.055827 12.13 0.095 0.336 0.341 45.5223 0.855538 
0.382 1.12 1.26 0.2630 0.2544 0.0715 -0.0000 -0.000000 3.055841 12.14 0.090 0.329 0.339 45.3274 0.94629 
0.384 1.32 1.87 0.2527 0.2137 0.0719 -0.0000 -0.000000 3.055802 12.13 0.092 0.329 0.329 45.1333 1.03665 
0.386 1.73 1.44 0.2274 0.2530 0.0723 -0.0000 -0.000000 3.055787 12.14 0.095 0.361 0.359 44.94 1.12663 
0.388 0.54 1.04 0.3207 0.2902 0.0729 -0.0000 -0.002677 3.055806 12.13 0.092 0.360 0.336 44.7476 1.21622 
0.391 1.65 1.71 0.2395 0.2444 0.0737 -0.0000 -0.002677 3.055820 12.13 0.090 0.355 0.334 44.4605 1.34989 
0.393 1.17 1.11 0.2822 0.2898 0.0743 -0.0000 -0.000000 3.055816 12.13 0.094 0.329 0.351 44.2701 1.43853 
0.395 1.15 1.15 0.2814 0.2906 0.0749 -0.0000 -0.002677 3.055790 12.14 0.095 0.349 0.329 44.0806 1.52678 
0.398 1.69 1.25 0.2442 0.2815 0.0755 -0.0000 -0.000000 3.055823 12.13 0.091 0.331 0.334 43.7977 1.65846 
0.400 1.09 1.00 0.2900 0.3000 0.0763 -0.0000 -0.000000 3.055846 12.13 0.092 0.328 0.334 43.6102 1.74577 
0.402 1.06 0.50 0.2907 0.3356 0.0767 -0.0000 -0.000000 3.055843 12.14 0.090 0.327 0.329 43.4235 1.83271 
0.405 0.81 0.97 0.3056 0.2945 0.0779 -0.0000 -0.000000 3.055825 12.14 0.095 0.333 0.334 43.1449 1.96242 
0.407 0.87 1.60 0.2969 0.2428 0.0783 -0.0000 -0.000000 3.055838 12.14 0.091 0.333 0.336 42.9601 2.04844 
0.409 0.77 1.07 0.2971 0.2823 0.0789 -0.0000 -0.002677 3.055852 12.13 0.090 0.359 0.343 42.7762 2.13408 
0.412 0.84 0.99 0.2833 0.2802 0.0797 -0.0000 -0.002677 3.055840 12.13 0.090 0.352 0.336 42.5017 2.26186 
0.414 0.88 0.83 0.2771 0.2846 0.0803 -0.0000 -0.000000 3.055833 12.14 0.091 0.330 0.357 42.3197 2.34659 
0.417 0.45 0.61 0.2994 0.2896 0.0811 -0.0000 -0.000000 3.055843 12.14 0.095 0.359 0.364 42.0482 2.47301 
0.419 0.90 1.18 0.2552 0.2424 0.0817 -0.0000 -0.002677 3.055842 12.14 0.090 0.354 0.339 41.8682 2.55683 
0.421 0.65 0.55 0.2694 0.2804 0.0823 -0.0000 -0.000000 3.055838 12.13 0.090 0.331 0.365 41.6889 2.6403 
0.424 0.67 0.87 0.2549 0.2430 0.0831 -0.0000 -0.000000 3.055822 12.15 0.091 0.332 0.361 41.4214 2.76483 
0.426 0.93 0.51 0.2268 0.2627 0.0835 -0.0000 -0.000000 3.055822 12.14 0.095 0.335 0.338 41.244 2.84741 
0.429 -0.04 0.33 0.2879 0.2623 0.0843 -0.0000 -0.000000 3.055822 12.13 0.095 0.335 0.338 40.9794 2.97061 
0.431 0.42 0.55 0.2429 0.2360 0.0847 -0.0000 -0.000000 3.055809 12.14 0.091 0.354 0.360 40.8039 3.05231 
0.434 0.41 0.56 0.2306 0.2213 0.0855 -0.0000 -0.000000 3.055810 12.14 0.090 0.333 0.333 40.5422 3.17419 
0.436 -0.24 0.23 0.2709 0.2381 0.0859 -0.0000 -0.000000 3.055819 12.14 0.091 0.353 0.364 40.3686 3.25502 
0.439 0.78 0.20 0.1785 0.2256 0.0868 -0.0000 -0.000000 3.055819 12.14 0.097 0.338 0.357 40.1095 3.3756 
0.441 0.36 0.34 0.2027 0.2062 0.0872 -0.0000 -0.000000 3.055824 12.14 0.095 0.339 0.336 39.9378 3.45557 
0.444 0.17 0.09 0.2037 0.2116 0.0876 -0.0000 -0.000000 3.055840 12.14 0.091 0.334 0.334 39.6816 3.57487 
0.446 0.17 0.06 0.1952 0.2055 0.0880 -0.0000 -0.000000 3.055809 12.14 0.091 0.333 0.338 39.5116 3.65397 
0.449 0.12 0.24 0.1863 0.1799 0.0884 -0.0000 -0.000000 3.055893 12.14 0.091 0.334 0.363 39.2581 3.772 
0.452 0.27 0.31 0.1636 0.1641 0.0892 -0.0000 -0.000000 3.055925 12.14 0.095 0.342 0.338 39.0063 3.88927 
0.454 0.19 0.22 0.1636 0.1641 0.0892 -0.0000 -0.000000 3.055889 12.14 0.095 0.336 0.336 38.8392 3.96703 
0.457 0.36 0.50 0.1415 0.1342 0.0896 -0.0000 -0.000000 3.055862 12.14 0.095 0.335 0.340 38.59 4.08305 
0.459 0.54 0.19 0.1235 0.1528 0.0900 -0.0000 -0.000000 3.055860 12.14 0.091 0.333 0.344 38.4248 4.15999 
0.462 0.29 -0.08 0.1362 0.1657 0.0904 -0.0000 -0.000000 3.055909 12.14 0.091 0.339 0.347 38.1783 4.27477 
0.465 0.14 0.16 0.1418 0.1415 0.0908 -0.0000 -0.000000 3.055869 12.14 0.091 0.337 0.363 37.9333 4.38881 
0.467 0.28 0.63 0.1275 0.1022 0.0912 -0.0000 -0.000000 3.055861 12.14 0.091 0.331 0.333 37.7709 4.46443 
0.470 0.37 0.60 0.1175 0.1022 0.0912 -0.0000 -0.000000 3.055881 12.14 0.090 0.334 0.341 37.5286 4.57726 
0.473 0.56 0.51 0.1019 0.1084 0.0916 -0.0000 -0.000000 3.055891 12.14 0.095 0.333 0.332 37.2878 4.68937 
0.475 0.52 0.17 0.1049 0.1336 0.0920 -0.0000 -0.000000 3.055858 12.14 0.091 0.353 0.357 37.1281 4.7637 
0.478 0.29 0.35 0.1238 0.1194 0.0924 -0.0000 -0.000000 3.055893 12.13 0.090 0.359 0.363 36.8899 4.87461 
0.481 0.42 0.58 0.1178 0.1010 0.0926 -0.0000 0.002677 3.055910 12.14 0.095 0.365 0.333 36.6532 4.98481 
0.484 0.61 0.66 0.1039 0.1010 0.0928 -0.0000 -0.000000 3.055912 12.14 0.092 0.333 0.339 36.418 5.09429 
0.487 0.82 0.57 0.0927 0.1121 0.0932 -0.0000 -0.000000 3.055919 12.13 0.092 0.333 0.360 36.1844 5.20308 
0.489 0.91 0.57 0.0927 0.1132 0.0934 -0.0000 0.002677 3.055943 12.14 0.095 0.367 0.369 36.0294 5.27522 
0.492 0.70 0.75 0.1159 0.1057 0.0938 -0.0000 0.002677 3.055956 12.14 0.095 0.363 0.341 35.7983 5.38284 
0.495 0.48 0.89 0.1370 0.1057 0.0940 -0.0000 -0.000000 3.055933 12.14 0.095 0.339 0.336 35.5686 5.48978 
0.498 0.83 1.22 0.1183 0.0903 0.0944 -0.0000 -0.000000 3.055929 12.14 0.095 0.333 0.356 35.3404 5.59603 
0.501 1.20 1.09 0.1001 0.1104 0.0948 -0.0000 -0.000000 3.055940 12.13 0.095 0.338 0.340 35.1136 5.70159 
0.504 1.02 0.96 0.1244 0.1316 0.0952 -0.0000 -0.000000 3.055906 12.14 0.095 0.333 0.336 34.8884 5.80648 
0.507 0.95 0.86 0.1406 0.1495 0.0956 -0.0000 -0.000000 3.055907 12.13 0.095 0.333 0.335 34.6645 5.9107 
0.509 0.88 0.56 0.1533 0.1788 0.0960 -0.0000 -0.000000 3.055895 12.14 0.095 0.357 0.359 34.5161 5.97981 
0.512 0.80 0.94 0.1705 0.1599 0.0964 -0.0000 -0.000000 3.055901 12.14 0.090 0.327 0.342 34.2946 6.08291 
0.515 0.96 1.19 0.1687 0.1526 0.0968 -0.0000 -0.000000 3.055920 12.14 0.091 0.329 0.364 34.0746 6.18536 
0.518 1.03 1.30 0.1718 0.1583 0.0974 -0.0000 -0.002677 3.055924 12.14 0.092 0.354 0.338 33.856 6.28714 
0.521 1.24 1.25 0.1707 0.1724 0.0980 -0.0000 -0.000000 3.055885 12.13 0.091 0.322 0.336 33.6387 0.10509 
0.522 1.29 1.31 0.1707 0.1724 0.0980 -0.0000 -0.000000 3.055901 12.13 0.095 0.320 0.336 33.5666 0.138656 
0.524 1.23 0.77 0.1830 0.2209 0.0984 -0.0000 -0.000000 3.055895 12.14 0.095 0.314 0.320 33.4229 0.205574 
0.527 1.19 1.50 0.1978 0.1755 0.0992 -0.0000 -0.000000 3.055902 12.14 0.095 0.319 0.316 33.2085 0.305414 
0.531 1.02 0.90 0.2249 0.2363 0.1000 -0.0000 -0.000000 3.055922 12.14 0.091 0.314 0.322 32.9247 0.437537 
0.534 1.13 1.24 0.2230 0.2223 0.1006 -0.0000 -0.002677 3.055899 12.14 0.092 0.339 0.332 32.7134 0.535888 
0.537 1.47 1.32 0.2098 0.2244 0.1012 -0.0000 -0.000000 3.055933 12.13 0.090 0.334 0.349 32.5036 0.633609 
0.540 1.01 1.06 0.2533 0.2527 0.1020 -0.0000 -0.000000 3.055941 12.14 0.091 0.342 0.347 32.295 0.730702 
0.543 1.57 1.15 0.2189 0.2538 0.1028 -0.0000 -0.000000 3.055915 12.13 0.095 0.327 0.353 32.0878 0.827172 
0.546 0.68 1.15 0.2952 0.2616 0.1036 -0.0000 -0.000000 3.055898 12.13 0.095 0.337 0.332 31.8819 0.923024 
0.549 1.59 1.53 0.2292 0.2418 0.1042 -0.0000 -0.002677 3.055885 12.13 0.095 0.358 0.360 31.6774 1.01826 
0.553 1.14 1.22 0.2709 0.2739 0.1054 -0.0000 -0.002677 3.055897 12.13 0.095 0.358 0.362 31.4067 1.14429 
0.556 1.68 1.19 0.2378 0.2782 0.1060 -0.0000 -0.000000 3.055883 12.13 0.093 0.362 0.361 31.2052 1.23811 
0.559 1.09 1.12 0.2833 0.2903 0.1070 -0.0000 -0.002677 3.055897 12.13 0.092 0.353 0.354 31.005 1.33132 
0.562 1.00 1.16 0.2927 0.2891 0.1078 -0.0000 -0.002677 3.055926 12.13 0.091 0.352 0.336 30.806 1.42394 
0.566 1.48 1.71 0.2570 0.2499 0.1090 -0.0000 -0.002677 3.055943 12.14 0.091 0.351 0.362 30.5428 1.54651 
0.569 0.86 0.93 0.3058 0.3096 0.1098 -0.0000 -0.002677 3.055938 12.14 0.091 0.349 0.331 30.3468 1.63774 
0.572 1.49 1.71 0.2571 0.2494 0.1106 -0.0000 -0.002677 3.055941 12.13 0.095 0.358 0.360 30.1521 1.72839 
0.576 1.01 1.43 0.2894 0.2688 0.1119 -0.0000 -0.002677 3.055922 12.14 0.091 0.355 0.362 29.8944 1.84836 
0.579 1.03 0.83 0.2891 0.3098 0.1129 -0.0000 -0.000000 3.055903 12.13 0.091 0.331 0.355 29.7026 1.93766 
0.583 1.55 0.99 0.2446 0.2922 0.1141 -0.0000 -0.000000 3.055913 12.14 0.091 0.335 0.360 29.4488 2.05583 
0.586 0.96 0.78 0.2865 0.3037 0.1149 -0.0000 -0.000000 3.055910 12.14 0.092 0.336 0.339 29.2599 2.1438 
0.589 0.64 0.80 0.3052 0.2952 0.1157 -0.0000 -0.000000 3.055891 12.14 0.090 0.328 0.332 29.0721 2.2312 
0.593 0.78 1.42 0.2860 0.2395 0.1169 -0.0000 -0.000000 3.055889 12.14 0.091 0.334 0.330 28.8237 2.34687 
0.596 0.71 0.23 0.2844 0.3243 0.1177 -0.0000 -0.000000 3.055890 12.14 0.095 0.342 0.336 28.6388 2.43297 
0.600 0.84 0.79 0.2644 0.2716 0.1189 -0.0000 -0.000000 3.055868 12.14 0.091 0.336 0.339 28.394 2.54691 
0.604 0.68 0.59 0.2653 0.2748 0.1197 -0.0000 -0.000000 3.055876 12.13 0.095 0.336 0.336 28.1514 2.65988 
0.607 0.87 0.76 0.2427 0.2541 0.1205 -0.0000 -0.000000 3.055868 12.14 0.095 0.335 0.336 27.9708 2.74397 
0.611 0.69 0.92 0.2438 0.2298 0.1217 -0.0000 -0.000000 3.055871 12.14 0.091 0.336 0.340 27.7317 2.85526 
0.615 0.57 0.48 0.2420 0.2513 0.1225 -0.0000 -0.000000 3.055882 12.14 0.092 0.334 0.335 27.4948 2.96559 
0.618 0.53 0.70 0.2349 0.2247 0.1233 -0.0000 -0.000000 3.055870 12.13 0.095 0.336 0.334 27.3184 3.04772 
0.622 0.48 0.72 0.2267 0.2110 0.1241 -0.0000 -0.000000 3.055898 12.14 0.095 0.336 0.340 27.0849 3.15641 
0.626 0.50 0.51 0.2117 0.2153 0.1249 -0.0000 -0.000000 3.055912 12.13 0.095 0.337 0.345 26.8534 3.26417 
0.629 0.42 0.54 0.2093 0.2035 0.1257 -0.0000 -0.000000 3.055867 12.14 0.095 0.342 0.333 26.6812 3.34439 
0.633 0.42 0.28 0.1973 0.2105 0.1265 -0.0000 -0.000000 3.055873 12.13 0.095 0.340 0.341 26.4532 3.45054 
0.637 0.39 0.57 0.1875 0.1767 0.1273 -0.0000 -0.000000 3.055871 12.14 0.095 0.334 0.333 26.2271 3.55579 
0.641 0.55 0.45 0.1608 0.1776 0.1279 -0.0000 -0.002677 3.055859 12.14 0.095 0.356 0.331 26.003 3.66014 
0.645 0.68 0.34 0.1448 0.1737 0.1285 -0.0000 -0.000000 3.055871 12.14 0.091 0.329 0.334 25.7808 3.76359 
0.649 0.21 0.28 0.1709 0.1669 0.1293 -0.0000 -0.000000 3.055855 12.14 0.092 0.333 0.333 25.5605 3.86616 
0.653 0.28 0.72 0.1562 0.1248 0.1297 -0.0000 -0.000000 3.055892 12.14 0.095 0.342 0.345 25.342 3.96786 
0.657 0.57 0.14 0.1293 0.1596 0.1303 -0.0000 0.002677 3.055875 12.14 0.095 0.361 0.335 25.1255 4.06869 
0.661 0.06 0.32 0.1586 0.1408 0.1309 -0.0000 -0.000000 3.055887 12.14 0.095 0.335 0.347 24.9108 4.16865 
0.665 0.39 0.52 0.1269 0.1189 0.1313 -0.0000 -0.000000 3.055885 12.14 0.092 0.333 0.364 24.6979 4.26776 
0.669 0.63 0.29 0.1039 0.1317 0.1317 -0.0000 -0.000000 3.055891 12.13 0.091 0.339 0.341 24.4868 4.36602 
0.673 0.18 0.37 0.1354 0.1211 0.1325 -0.0000 -0.000000 3.055904 12.14 0.097 0.339 0.334 24.2776 4.46345 
0.678 0.44 0.66 0.1110 0.0960 0.1329 -0.0000 -0.000000 3.055910 12.14 0.095 0.336 0.339 24.0185 4.58406 
0.682 0.76 0.60 0.0852 0.0999 0.1333 -0.0000 -0.000000 3.055927 12.14 0.092 0.355 0.361 23.8133 4.67962 
0.686 0.59 0.50 0.0993 0.1075 0.1337 -0.0000 -0.000000 3.055921 12.14 0.095 0.362 0.356 23.6098 4.77436 
0.690 0.48 0.39 0.1091 0.1164 0.1341 -0.0000 -0.000000 3.055940 12.13 0.091 0.355 0.363 23.408 4.8683 
0.695 0.46 0.36 0.1149 0.1160 0.1347 -0.0000 0.002677 3.055936 12.14 0.092 0.359 0.332 23.1582 4.98459 
0.699 0.32 0.58 0.1246 0.1042 0.1353 -0.0000 -0.000000 3.055957 12.14 0.095 0.346 0.344 22.9603 5.07672 
0.704 0.42 0.72 0.1205 0.0984 0.1357 -0.0000 -0.000000 3.055943 12.14 0.092 0.332 0.339 22.7153 5.19079 
0.708 0.58 1.06 0.1118 0.0787 0.1362 -0.0000 -0.000000 3.055932 12.13 0.095 0.361 0.360 22.5212 5.28116 
0.713 0.87 0.87 0.0976 0.1027 0.1366 -0.0000 -0.000000 3.055907 12.13 0.091 0.331 0.363 22.2809 5.39305 
0.717 0.92 0.44 0.1012 0.1412 0.1370 -0.0000 -0.000000 3.055886 12.14 0.092 0.339 0.335 22.0905 5.48169 
0.722 0.76 0.90 0.1234 0.1146 0.1378 -0.0000 -0.000000 3.055871 12.14 0.092 0.329 0.339 21.8548 5.59144 
0.726 0.71 0.77 0.1344 0.1324 0.1382 -0.0000 -0.000000 3.055880 12.14 0.095 0.333 0.336 21.668 5.67839 
0.731 0.55 0.79 0.1558 0.1397 0.1390 -0.0000 -0.000000 3.055918 12.13 0.091 0.329 0.341 21.4368 5.78604 
0.736 1.04 0.95 0.1291 0.1400 0.1398 -0.0000 -0.000000 3.055937 12.14 0.095 0.341 0.338 21.2081 5.89253 
0.741 0.75 0.68 0.1632 0.1721 0.1406 -0.0000 -0.000000 3.055926 12.13 0.091 0.330 0.325 20.9818 5.99789 
0.745 0.96 0.96 0.1564 0.1592 0.1410 -0.0000 -0.000000 3.055902 12.14 0.095 0.335 0.332 20.8025 6.08137 
0.750 0.44 0.89 0.2083 0.1760 0.1422 -0.0000 -0.000000 3.055904 12.13 0.095 0.334 0.336 20.5805 6.18472 
0.755 1.27 1.10 0.1555 0.1720 0.1430 -0.0000 -0.000000 3.055876 12.14 0.092 0.337 0.331 20.3609 6.28696 
0.760 0.51 0.99 0.2253 0.1933 0.1438 -0.0000 -0.000000 3.055873 12.14 0.091 0.336 0.363 20.1436 0.104928 
0.761 0.94 1.06 0.1916 0.1933 0.1440 -0.0000 -0.002677 3.055861 12.13 0.091 0.336 0.349 20.1005 0.125028 
0.765 1.43 1.02 0.1671 0.2030 0.1446 -0.0000 -0.000000 3.055876 12.13 0.095 0.323 0.318 19.9287 0.205 
0.771 0.68 1.07 0.2385 0.2124 0.1462 -0.0000 -0.000000 3.055901 12.13 0.095 0.317 0.336 19.6738 0.323679 
0.776 1.01 1.03 0.2226 0.2261 0.1470 -0.0000 -0.000000 3.055919 12.14 0.092 0.311 0.326 19.4639 0.421417 
0.781 1.06 0.71 0.2303 0.2615 0.1482 -0.0000 -0.000000 3.055916 12.14 0.095 0.339 0.342 19.2562 0.518112 
0.786 1.49 1.26 0.2073 0.2298 0.1494 -0.0000 -0.000000 3.055936 12.14 0.096 0.317 0.322 19.0507 0.613776 
0.792 1.51 1.15 0.2166 0.2477 0.1510 -0.0000 -0.000000 3.055884 12.14 0.096 0.316 0.316 18.807 0.727226 
0.797 1.11 1.55 0.2548 0.2251 0.1522 -0.0000 -0.000000 3.055888 12.13 0.091 0.323 0.334 18.6063 0.820658 
0.802 1.16 1.04 0.2590 0.2725 0.1534 -0.0000 -0.000000 3.055878 12.13 0.092 0.331 0.331 18.4078 0.913093 
0.808 1.01 1.13 0.2783 0.2723 0.1550 -0.0000 -0.000000 3.055901 12.13 0.090 0.329 0.331 18.1723 1.02271 
0.814 1.15 1.03 0.2743 0.2867 0.1566 -0.0000 -0.000000 3.055931 12.15 0.095 0.336 0.340 17.9399 1.13093 
0.819 0.84 1.05 0.3024 0.2906 0.1582 -0.0000 -0.000000 3.055924 12.13 0.092 0.329 0.334 17.7485 1.22006 
0.825 0.87 1.00 0.3046 0.2987 0.1598 -0.0000 -0.000000 3.055932 12.13 0.096 0.332 0.336 17.5215 1.32575 
0.831 0.46 0.97 0.3391 0.3036 0.1615 -0.0000 -0.000000 3.055868 12.14 0.096 0.336 0.331 17.2973 1.4301 
0.837 1.06 1.07 0.2915 0.3006 0.1633 -0.0000 -0.002677 3.055887 12.13 0.098 0.362 0.331 17.0761 1.5331 
0.843 1.10 0.87 0.2919 0.3139 0.1651 -0.0000 -0.000000 3.055899 12.13 0.092 0.327 0.331 16.8577 1.63479 
0.849 1.22 1.69 0.2809 0.2509 0.1667 -0.0000 -0.000000 3.055906 12.14 0.095 0.350 0.357 16.6421 1.73519 
0.855 1.16 1.62 0.2874 0.2518 0.1685 -0.0000 0.002677 3.055904 12.14 0.090 0.351 0.332 16.4292 1.83429 
0.861 1.54 0.99 0.2528 0.2997 0.1703 -0.0000 -0.000000 3.055911 12.14 0.090 0.329 0.360 16.219 1.93213 
0.867 1.51 1.03 0.2517 0.2921 0.1719 -0.0000 -0.000000 3.055919 12.13 0.091 0.354 0.360 16.0116 2.02872 
0.874 0.86 0.87 0.2989 0.2949 0.1741 -0.0000 0.002677 3.055933 12.13 0.092 0.352 0.336 15.7729 2.13984 
0.880 0.96 0.82 0.2854 0.2926 0.1757 -0.0000 0.002677 3.055946 12.13 0.090 0.357 0.340 15.5712 2.23377 
0.887 0.67 1.32 0.2996 0.2458 0.1777 -0.0000 0.002677 3.055902 12.14 0.091 0.354 0.336 15.339 2.34184 
0.893 0.89 1.11 0.2750 0.2548 0.1793 -0.0000 0.002677 3.055918 12.13 0.095 0.361 0.335 15.1428 2.43318 
0.900 0.84 0.85 0.2701 0.2653 0.1813 -0.0000 0.002677 3.055925 12.13 0.091 0.352 0.337 14.9171 2.53828 
0.907 1.22 0.78 0.2279 0.2639 0.1831 -0.0000 -0.000000 3.055934 12.14 0.091 0.333 0.343 14.6947 2.64181 
0.914 0.53 0.90 0.2724 0.2409 0.1849 -0.0000 0.002677 3.055936 12.14 0.092 0.358 0.334 14.4757 2.74379 
0.921 0.78 0.34 0.2393 0.2766 0.1868 -0.0000 -0.000000 3.055930 12.14 0.092 0.330 0.334 14.2599 2.84426 
0.928 0.76 0.22 0.2304 0.2744 0.1884 -0.0000 -0.000000 3.055886 12.13 0.096 0.336 0.356 14.0473 2.94323 
0.935 0.68 0.56 0.2255 0.2370 0.1900 -0.0000 -0.000000 3.055884 12.14 0.093 0.335 0.361 13.8379 3.04072 
0.943 0.76 0.62 0.2062 0.2189 0.1916 -0.0000 -0.000000 3.055895 12.13 0.092 0.359 0.365 13.6025 3.15036 
0.950 0.46 0.61 0.2209 0.2041 0.1930 -0.0000 0.002677 3.055886 12.14 0.095 0.362 0.357 13.3997 3.24476 
0.958 0.64 0.18 0.1940 0.2253 0.1946 -0.0000 0.002677 3.055892 12.14 0.091 0.356 0.356 13.1716 3.35093 
0.966 0.65 0.25 0.1814 0.2072 0.1962 -0.0000 0.002677 3.055897 12.13 0.095 0.356 0.360 12.9475 3.45529 
0.974 0.76 0.70 0.1586 0.1641 0.1976 -0.0000 -0.000000 3.055885 12.14 0.095 0.336 0.342 12.7271 3.55788 
0.982 0.60 0.63 0.1605 0.1587 0.1988 -0.0000 -0.000000 3.055861 12.14 0.096 0.333 0.340 12.5106 3.65872 
0.990 0.04 0.58 0.1930 0.1507 0.2000 -0.0000 -0.000000 3.055879 12.14 0.094 0.333 0.357 12.2977 3.75784 
0.998 0.53 0.69 0.1461 0.1339 0.2012 -0.0000 -0.000000 3.055880 12.13 0.093 0.331 0.359 12.0884 3.85528 
1.007 0.72 0.45 0.1217 0.1433 0.2024 -0.0000 -0.000000 3.055882 12.14 0.093 0.333 0.334 11.8572 3.96292 
1.015 0.44 0.45 0.1349 0.1358 0.2036 -0.0000 -0.000000 3.055865 12.14 0.093 0.335 0.339 11.6554 4.05686 
1.024 0.52 0.47 0.1208 0.1270 0.2048 -0.0000 -0.000000 3.055872 12.13 0.093 0.358 0.370 11.4325 4.16064 
1.033 0.67 0.17 0.1070 0.1411 0.2058 -0.0000 0.002677 3.055870 12.14 0.090 0.363 0.335 11.2138 4.26244 
1.042 0.32 0.82 0.1240 0.0881 0.2068 -0.0000 -0.000000 3.055871 12.14 0.095 0.336 0.362 10.9994 4.36229 
1.051 0.33 0.33 0.1213 0.1223 0.2080 -0.0000 -0.000000 3.055798 12.13 0.093 0.335 0.330 10.789 4.46023 
1.061 0.66 0.38 0.0929 0.1148 0.2088 -0.0000 -0.000000 3.055810 12.14 0.095 0.333 0.362 10.56 4.56685 
1.071 0.45 0.76 0.1052 0.0833 0.2100 -0.0000 -0.000000 3.055836 12.14 0.095 0.359 0.360 10.3358 4.67122 
1.080 0.63 0.47 0.0931 0.1067 0.2109 -0.0000 -0.000000 3.055825 12.14 0.095 0.333 0.341 10.1382 4.76325 
1.091 0.30 0.41 0.1192 0.1099 0.2121 0.0000 -0.000000 3.055808 12.14 0.095 0.333 0.362 9.9017 4.87335 
1.101 0.42 0.70 0.1068 0.0927 0.2131 0.0000 -0.002677 3.055789 12.14 0.095 0.356 0.333 9.69151 4.9712 
1.112 0.67 0.25 0.0941 0.1298 0.2141 -0.0000 -0.000000 3.055827 12.14 0.093 0.334 0.340 9.46546 5.07645 
1.122 0.47 0.49 0.1140 0.1141 0.2153 -0.0000 -0.000000 3.055866 12.13 0.091 0.333 0.343 9.26454 5.17 
1.133 0.61 0.92 0.1077 0.0866 0.2165 -0.0000 -0.000000 3.055856 12.14 0.091 0.358 0.365 9.04844 5.27061 
1.145 0.54 0.36 0.1217 0.1370 0.2177 -0.0000 -0.000000 3.055847 12.13 0.095 0.339 0.336 8.81845 5.37769 
1.156 0.23 0.60 0.1518 0.1235 0.2193 -0.0000 -0.000000 3.055860 12.13 0.092 0.333 0.339 8.61276 5.47345 
1.168 0.28 0.92 0.1548 0.1128 0.2207 -0.0000 -0.002677 3.055833 12.14 0.092 0.355 0.332 8.39384 5.57538 
1.181 0.57 0.68 0.1436 0.1390 0.2225 -0.0000 -0.000000 3.055868 12.14 0.092 0.356 0.366 8.16295 5.68287 
1.193 0.76 0.68 0.1387 0.1486 0.2241 -0.0000 -0.000000 3.055834 12.13 0.091 0.330 0.337 7.95546 5.77947 
1.206 0.69 1.11 0.1546 0.1254 0.2261 -0.0000 -0.000000 3.055851 12.14 0.092 0.361 0.366 7.73663 5.88136 
1.219 1.03 0.75 0.1409 0.1657 0.2281 -0.0000 -0.000000 3.055823 12.14 0.095 0.333 0.340 7.52382 5.98044 
1.233 0.79 0.69 0.1723 0.1826 0.2305 -0.0000 -0.000000 3.055832 12.13 0.092 0.333 0.331 7.30118 6.08409 
1.247 0.90 0.96 0.1738 0.1737 0.2329 -0.0000 -0.000000 3.055848 12.13 0.091 0.355 0.363 7.08513 6.18468 
1.262 0.86 1.18 0.1893 0.1678 0.2358 -0.0000 -0.000000 3.055854 12.13 0.091 0.329 0.339 6.86073 6.28916 
1.277 0.78 0.97 0.2053 0.1993 0.2388 -0.0000 -0.002677 3.055844 12.14 0.092 0.339 0.333 6.64345 0.107134 
1.278 0.82 1.08 0.2053 0.1893 0.2390 -0.0000 -0.000000 3.055843 12.14 0.092 0.336 0.352 6.62921 0.113763 
1.292 0.80 0.84 0.2182 0.2196 0.2418 -0.0000 -0.000000 3.055883 12.13 0.091 0.311 0.322 6.43304 0.205094 
1.308 0.91 1.42 0.2218 0.1866 0.2454 -0.0000 -0.000000 3.055868 12.13 0.092 0.322 0.315 6.21595 0.306167 
1.325 1.42 1.05 0.1949 0.2282 0.2490 -0.0000 -0.000000 3.055873 12.13 0.092 0.319 0.319 5.99331 0.409823 
1.342 1.10 1.33 0.2336 0.2134 0.2532 -0.0000 0.002677 3.055888 12.14 0.090 0.341 0.331 5.77865 0.509766 
1.360 0.38 0.90 0.2970 0.2603 0.2578 -0.0000 -0.000000 3.055877 12.14 0.091 0.322 0.320 5.55973 0.61169 
1.378 0.93 1.17 0.2630 0.2497 0.2623 -0.0000 -0.000000 3.055897 12.13 0.093 0.324 0.319 5.3491 0.709752 
1.398 0.51 0.94 0.3065 0.2765 0.2675 -0.0000 -0.000000 3.055874 12.14 0.090 0.355 0.356 5.12442 0.814359 
1.418 1.11 1.00 0.2713 0.2774 0.2729 0.0000 0.002677 3.055923 12.14 0.093 0.354 0.337 4.90918 0.914571 
1.439 0.28 1.00 0.3397 0.2879 0.2787 0.0000 -0.000000 3.055884 12.14 0.092 0.331 0.340 4.69289 1.01527 
1.461 1.08 0.88 0.2881 0.3001 0.2850 0.0000 0.002677 3.055899 12.14 0.090 0.359 0.335 4.47653 1.116 
1.484 1.06 0.99 0.2921 0.2995 0.2916 0.0000 -0.000000 3.055944 12.14 0.092 0.354 0.360 4.26098 1.21636 
1.509 1.63 1.07 0.2517 0.2975 0.2988 0.0000 -0.000000 3.055954 12.14 0.095 0.332 0.335 4.03845 1.31996 
1.535 1.41 1.51 0.2712 0.2669 0.3064 0.0000 -0.000000 3.055922 12.14 0.095 0.331 0.328 3.81933 1.42198 
1.562 1.26 1.37 0.2847 0.2779 0.3145 0.0000 -0.000000 3.055925 12.13 0.095 0.332 0.332 3.60436 1.52206 
1.591 1.03 0.51 0.3043 0.3458 0.3233 0.0000 -0.000000 3.055968 12.13 0.091 0.332 0.329 3.38693 1.6233 
1.622 1.32 1.13 0.2795 0.2958 0.3325 0.0000 -0.000000 3.055942 12.13 0.095 0.331 0.353 3.16899 1.72477 
1.655 1.57 1.20 0.2589 0.2892 0.3422 0.0000 -0.000000 3.055944 12.14 0.095 0.331 0.332 2.95237 1.82562 
1.691 1.13 1.34 0.2879 0.2737 0.3530 0.0000 -0.000000 3.055921 12.14 0.091 0.330 0.335 2.73291 1.92779 
1.729 0.44 0.94 0.3366 0.3000 0.3639 -0.0000 -0.000000 3.055957 12.14 0.091 0.332 0.337 2.51893 2.02742 
1.771 1.56 1.01 0.2445 0.2902 0.3759 -0.0000 -0.000000 3.055952 12.14 0.092 0.354 0.355 2.30187 2.12848 
1.818 0.95 0.87 0.2877 0.2904 0.3894 -0.0000 0.002677 3.055926 12.14 0.093 0.354 0.335 2.08107 2.23128 
1.869 1.51 0.94 0.2371 0.2774 0.4034 -0.0000 0.002677 3.055931 12.15 0.093 0.356 0.333 1.86537 2.3317 
1.927 1.02 1.48 0.2617 0.2301 0.4189 -0.0000 -0.000000 3.055945 12.14 0.091 0.333 0.337 1.6471 2.43332 
1.993 1.04 1.46 0.2499 0.2212 0.4366 0.0000 -0.000000 3.055958 12.13 0.091 0.336 0.339 1.42962 2.53458 
2.070 1.07 1.41 0.2371 0.2141 0.4558 0.0000 -0.000000 3.055987 12.14 0.093 0.355 0.361 1.21191 2.63594 
2.162 0.93 1.24 0.2379 0.2151 0.4783 0.0000 -0.000000 3.055919 12.13 0.090 0.351 0.359 0.99482 2.73701 
2.277 0.83 0.98 0.2301 0.2260 0.5054 0.0000 -0.002677 3.055926 12.13 0.095 0.360 0.335 0.777297 2.83828 
2.429 0.91 0.72 0.2188 0.2284 0.5396 -0.0000 0.002677 3.055936 12.14 0.092 0.356 0.357 0.560986 2.93899 
2.658 0.73 0.75 0.2163 0.2175 0.5888 -0.0000 -0.000000 3.055823 12.13 0.095 0.336 0.336 0.343217 3.04038 
3.126 1.11 0.93 0.1704 0.1940 0.6842 -0.0000 -0.002677 3.055753 12.14 0.092 0.357 0.359 0.125743 3.14163 
