% 1,2: time and duration
% 3,4: p1
% 5,6  p2
% 7,8  center
% 9    radius
% 10   angle in degrees
349.990 8.130 -4.570 0.838 -4.740 0.874 -4.550 1.354 0.52 19.3998
358.120 8.240 -4.740 0.874 -4.248 -0.701 -6.027 -0.392 1.81 54.3833
366.360 26.840 -4.248 -0.701 -5.457 -7.411 40.392 -12.204 46.10 8.4823
393.200 8.340 -5.457 -7.411 -8.826 -9.860 -59.348 63.188 88.82 2.6873
401.540 12.250 -8.826 -9.860 -14.151 -21.677 -110.078 28.658 108.33 6.8596
413.790 1.610 -14.151 -21.677 -15.618 -22.607 -15.844 -20.629 1.99 51.7170
415.400 1.470 -15.618 -22.607 -17.042 -21.954 -15.734 -20.979 1.63 57.3437
416.870 1.550 -17.042 -21.954 -17.254 -20.393 -15.730 -20.981 1.63 57.6557
418.420 2.250 -17.254 -20.393 -15.947 -19.281 -15.422 -21.223 2.01 50.5303
420.670 5.350 -15.947 -19.281 -12.372 -17.978 -17.295 -10.030 9.35 23.4784
426.020 5.230 -12.372 -17.978 -8.638 -14.602 -20.982 -4.701 15.82 18.3062
431.250 5.140 -8.638 -14.602 -5.414 -11.174 -31.031 9.686 33.04 8.1690
436.390 2.100 -5.414 -11.174 -5.846 -8.997 -8.471 -10.650 3.10 41.9219
438.490 2.160 -5.846 -8.997 -8.140 -6.660 -11.923 -12.664 7.10 26.6772
440.650 2.170 -8.140 -6.660 -11.552 -5.793 -11.933 -14.444 8.66 23.4591
442.820 2.860 -11.552 -5.793 -16.182 -4.713 -10.406 9.585 15.42 17.7350
445.680 3.810 -16.182 -4.713 -20.836 -0.947 -3.654 15.529 23.80 14.4477
449.490 0.500 -20.836 -0.947 -21.380 -0.433 -32.800 -13.057 17.02 2.5177
