% reduced line points
% 1: Timestamp
% 2: x
% 3: y
% 4: index
349.990 -4.570 0.838 0
358.120 -4.740 0.874 813
366.360 -4.248 -0.701 1637
393.200 -5.457 -7.411 4321
401.540 -8.826 -9.860 5155
413.790 -14.151 -21.677 6380
415.400 -15.618 -22.607 6541
416.870 -17.042 -21.954 6688
418.420 -17.254 -20.393 6843
420.670 -15.947 -19.281 7068
426.020 -12.372 -17.978 7603
431.250 -8.638 -14.602 8126
436.390 -5.414 -11.174 8640
438.490 -5.846 -8.997 8850
440.650 -8.140 -6.660 9066
442.820 -11.552 -5.793 9283
445.680 -16.182 -4.713 9569
449.490 -20.836 -0.947 9950
449.990 -21.380 -0.433 10000
