%% logfile from robot 8
%  1    time 1.789 sec
%  2    mission (3) line 2
%  3  4 Wheel velocity [m/s] left, right: 0.2731 0.2462
%  5  6  7  8 Pose x,y,h,tilt [m,m,rad,rad]: 0.2836 -0.0055 -0.002591 -0.020486
%  9 .. 28 Line sensor: left -4.180000 0, right -0.780408 1, values 444 509 443 428 394 360 354 294, white 1, used 1, LEDhigh=0, xb=0 xw=0 xbc=0 xwc=% 28    Battery voltage [V]: 12.30
1.793 2 0.1900 0.2305 0.2848 -0.0055 -0.002591 -0.022635 -3.9498 1 -0.9503 1  428 502 426 421 394 341 349 291  1 1 0 0 0 0 0 12.29 
1.798 2 0.1807 0.2281 0.2858 -0.0055 0.000000 -0.024245 -4.1800 0 -0.8099 1  429 501 440 409 388 354 351 291  1 1 0 0 0 0 0 12.29 
1.803 2 0.2333 0.2623 0.2870 -0.0055 0.000000 -0.024771 -4.1800 0 -0.8444 0  418 497 432 416 387 361 347 306  1 1 0 0 0 1 0 12.30 
1.808 2 0.2157 0.2747 0.2882 -0.0055 0.000000 -0.023448 -4.1800 0 -0.9434 1  417 495 432 414 385 351 354 290  1 1 0 0 0 0 0 12.30 
1.813 2 0.2462 0.3113 0.2897 -0.0055 0.002591 -0.021256 -4.1800 0 -0.7688 1  465 504 455 417 395 352 346 295  1 1 0 0 0 0 0 12.29 
1.818 2 0.2418 0.3522 0.2909 -0.0054 0.007773 -0.018394 -3.1115 1 -0.7045 1  385 506 455 426 394 346 353 317  1 1 0 0 0 0 0 12.29 
1.823 2 0.2695 0.3550 0.2927 -0.0054 0.010365 -0.015631 -4.1800 0 -1.1734 1  468 509 432 426 388 357 352 325  1 1 0 0 0 0 0 12.29 
1.828 2 0.2607 0.3137 0.2941 -0.0054 0.012956 -0.013614 -4.1800 0 -1.1118 1  460 507 431 424 396 359 357 300  1 1 0 0 0 0 0 12.29 
1.833 2 0.2028 0.2623 0.2953 -0.0054 0.012956 -0.012954 -4.1800 0 -0.7995 0  446 506 458 424 392 367 351 324  1 1 0 0 0 1 0 12.29 
1.838 2 0.1868 0.3185 0.2965 -0.0054 0.018138 -0.013503 -4.1800 0 -0.7483 1  449 509 447 427 397 358 353 278  1 1 0 0 0 0 0 12.29 
1.843 2 0.1482 0.3185 0.2977 -0.0053 0.023320 -0.014100 -4.1800 0 -0.8015 1  446 510 441 435 391 354 353 289  1 1 0 0 0 0 0 12.29 
1.848 2 0.1269 0.3161 0.2987 -0.0053 0.031093 -0.014747 -4.1800 0 -0.7576 1  460 512 459 422 396 350 356 298  1 1 0 0 0 0 0 12.30 
1.853 2 0.1141 0.3040 0.2997 -0.0053 0.038867 -0.015633 -4.1800 0 -0.6696 1  448 508 453 427 396 369 353 284  1 1 0 0 0 0 0 12.29 
1.858 2 0.1217 0.2996 0.3007 -0.0052 0.041458 -0.016108 -4.1800 0 -0.6491 1  476 508 461 428 397 357 349 325  1 1 0 0 0 0 0 12.29 
1.863 2 0.1715 0.2972 0.3019 -0.0052 0.046640 -0.015317 -3.5453 1 -0.8695 1  421 519 451 433 398 364 353 300  1 1 0 0 0 0 0 12.29 
1.868 2 0.1671 0.3213 0.3031 -0.0051 0.051822 -0.013986 -4.1800 0 -0.7921 1  449 523 448 434 408 345 359 277  1 1 0 0 0 0 0 12.29 
1.873 2 0.1562 0.3430 0.3043 -0.0051 0.057005 -0.012494 -4.1800 0 -0.6152 1  448 525 463 453 401 324 355 305  1 1 0 0 0 0 0 12.29 
1.878 2 0.1161 0.3522 0.3053 -0.0050 0.064778 -0.010804 -4.1800 0 -0.7717 1  466 520 465 440 410 362 359 301  1 1 0 0 0 0 0 12.29 
1.883 2 0.1699 0.3402 0.3065 -0.0049 0.069960 -0.009322 -4.1800 0 -0.6846 1  467 528 488 437 406 358 354 323  1 1 0 0 0 0 0 12.29 
1.888 2 0.2028 0.3317 0.3079 -0.0048 0.072551 -0.007726 -4.1800 0 -0.8570 1  457 539 454 454 402 360 365 311  1 1 0 0 0 0 0 12.30 
1.893 2 0.1799 0.3317 0.3091 -0.0047 0.077734 -0.006410 -3.2695 1 -0.6045 1  423 539 478 467 410 352 360 295  1 1 0 0 0 0 0 12.26 
1.898 2 0.1221 0.3346 0.3101 -0.0047 0.085507 -0.006084 -4.1800 0 -0.5956 1  461 538 475 465 418 371 347 310  1 1 0 0 0 0 0 12.29 
1.903 2 0.1285 0.3161 0.3113 -0.0045 0.090689 -0.006494 -4.1800 0 -0.4756 1  470 543 489 467 425 365 362 302  1 1 0 0 0 0 0 12.30 
1.908 2 0.1337 0.2848 0.3125 -0.0044 0.095872 -0.006633 -3.5799 1 -0.4917 1  454 543 484 467 428 351 362 299  1 1 0 0 0 0 0 12.30 
1.913 2 0.1341 0.2623 0.3133 -0.0044 0.101054 -0.007518 -4.1800 0 -0.6076 1  467 553 494 474 424 379 358 299  1 1 0 0 0 0 0 12.29 
1.918 2 0.1048 0.2659 0.3143 -0.0043 0.103645 -0.008224 -4.1800 0 -0.4739 1  468 546 497 481 427 365 360 294  1 1 0 0 0 0 0 12.29 
1.923 2 0.0667 0.2607 0.3149 -0.0042 0.111418 -0.008415 -3.8448 1 -0.4479 1  469 548 503 479 428 378 360 299  1 1 0 0 0 0 0 12.26 
1.928 2 0.0972 0.2787 0.3161 -0.0041 0.116600 -0.008550 -4.1800 0 -0.3266 1  466 544 498 481 430 375 367 294  1 1 0 0 0 0 0 12.29 
1.933 2 0.1723 0.2675 0.3171 -0.0039 0.119192 -0.007274 -3.8864 1 -0.2851 1  452 555 516 487 432 361 355 293  1 1 0 0 0 0 0 12.30 
1.938 2 0.1839 0.2996 0.3183 -0.0038 0.124374 -0.005343 -4.1800 0 -0.3538 1  464 560 526 501 429 365 360 309  1 1 0 0 0 0 0 12.30 
1.943 2 0.2008 0.2695 0.3193 -0.0037 0.126965 -0.003212 -3.1597 1 -0.4422 1  434 561 505 497 434 369 362 304  1 1 0 0 0 0 0 12.29 
1.948 2 0.1900 0.2908 0.3207 -0.0035 0.129556 -0.000876 -4.1735 1 -0.2827 1  478 568 534 509 437 387 359 338  1 1 0 0 0 0 0 12.30 
1.953 2 0.1538 0.3374 0.3219 -0.0033 0.134738 0.001540 -2.8114 1 -0.3434 1  441 569 510 507 453 391 376 294  1 1 0 0 0 0 0 12.28 
1.958 2 0.1462 0.2996 0.3231 -0.0032 0.139921 0.002335 -3.2742 1 -0.3377 1  475 564 525 513 453 390 372 311  1 1 0 0 0 0 0 12.28 
1.963 2 0.1474 0.2607 0.3239 -0.0030 0.145103 0.002189 -3.6966 1 -0.2472 1  462 568 526 515 457 381 375 294  1 1 0 0 0 0 0 12.29 
1.968 2 0.1639 0.2362 0.3249 -0.0029 0.147694 0.001417 -4.1800 0 -0.1403 1  464 577 527 511 472 377 366 283  1 1 0 0 0 0 0 12.30 
1.973 2 0.1538 0.2345 0.3259 -0.0027 0.150285 0.000520 -3.1366 1 -0.1186 1  442 573 537 523 462 381 373 280  1 1 0 0 0 0 0 12.28 
1.978 2 0.1606 0.2217 0.3269 -0.0026 0.147694 0.000061 -3.2801 1 -0.2784 1  476 572 518 517 463 389 364 307  1 1 0 0 0 0 0 12.31 
1.983 2 0.1506 0.2100 0.3276 -0.0025 0.152876 -0.000582 -3.8604 1 -0.1473 1  467 568 537 528 464 390 361 299  1 1 0 0 0 0 0 12.30 
1.988 2 0.1402 0.2068 0.3286 -0.0023 0.155467 -0.000794 -3.0345 1 -0.1375 1  444 569 536 522 462 375 367 294  1 1 0 0 0 0 0 12.29 
1.993 2 0.1699 0.2181 0.3294 -0.0022 0.155467 -0.000752 -3.4142 1 -0.2239 1  467 571 536 529 467 388 368 308  1 1 0 0 0 0 0 12.30 
1.998 2 0.1623 0.2494 0.3304 -0.0020 0.158059 0.000391 -3.6456 1 -0.1690 1  476 581 536 526 458 388 371 289  1 1 0 0 0 0 0 12.30 
2.003 2 0.1928 0.2494 0.3314 -0.0019 0.160650 0.002090 -3.3062 1 -0.0300 1  462 568 558 534 465 372 369 292  1 1 0 0 0 0 0 12.30 
2.008 2 0.2281 0.2181 0.3326 -0.0017 0.160650 0.003684 -4.1748 1 -0.0243 1  474 586 545 542 495 382 370 318  1 1 0 0 0 0 0 12.29 
2.013 2 0.2590 0.2623 0.3338 -0.0015 0.160650 0.005863 -2.9509 1 -0.1477 1  446 587 537 544 481 387 376 329  1 1 0 0 0 0 0 12.30 
2.018 2 0.1807 0.2888 0.3352 -0.0013 0.163241 0.007739 -3.4108 1 0.1463 1  462 581 550 553 491 389 371 289  1 1 0 0 0 0 0 12.27 
2.023 2 0.1868 0.2675 0.3362 -0.0011 0.165832 0.008125 -4.1800 0 0.0492 1  487 584 563 551 488 407 373 304  1 1 0 0 0 0 0 12.28 
2.028 2 0.2418 0.2068 0.3374 -0.0009 0.165832 0.008294 -2.9737 1 -0.0937 1  458 589 554 550 487 405 377 308  1 1 0 0 0 0 0 12.27 
2.033 2 0.1699 0.2068 0.3384 -0.0007 0.163241 0.007217 -3.3362 1 0.0394 1  447 589 550 554 489 408 371 288  1 1 0 0 0 0 0 12.29 
2.038 2 0.1735 0.1823 0.3393 -0.0006 0.165832 0.005961 -3.6751 1 -0.1084 1  483 583 552 552 489 406 376 295  1 1 0 0 0 0 0 12.30 
2.043 2 0.1892 0.1847 0.3401 -0.0004 0.165832 0.005293 -3.1624 1 0.0748 1  484 582 568 554 501 399 372 295  1 1 0 0 0 0 0 12.30 
2.048 2 0.2193 0.1920 0.3411 -0.0003 0.163241 0.004272 -3.7291 1 0.0363 1  477 583 564 553 492 408 367 302  1 1 0 0 0 0 0 12.27 
2.053 2 0.1988 0.1663 0.3421 -0.0001 0.165832 0.003725 -3.1116 1 0.0716 1  459 582 557 560 499 395 376 299  1 1 0 0 0 0 0 12.28 
2.058 2 0.1759 0.1775 0.3429 0.0000 0.165832 0.003169 -3.7582 1 0.1662 1  470 581 564 556 500 404 373 299  1 1 0 0 0 0 0 12.30 
2.063 2 0.2048 0.1759 0.3439 0.0002 0.163241 0.002866 -3.5860 1 0.0385 1  462 582 558 559 493 398 374 306  1 1 0 0 0 0 0 12.30 
2.068 2 0.1578 0.1831 0.3447 0.0003 0.163241 0.003170 -3.9637 1 0.1926 1  475 586 560 556 495 402 376 278  1 1 0 0 0 0 0 12.30 
2.073 2 0.2205 0.1920 0.3457 0.0005 0.160650 0.003842 -3.5294 1 0.1036 1  476 585 549 559 502 411 372 299  1 1 0 0 0 0 0 12.30 
2.078 2 0.2402 0.1807 0.3467 0.0006 0.163241 0.005303 -3.3277 1 -0.0020 1  469 588 555 565 508 405 371 322  1 1 0 0 0 0 0 12.27 
2.083 2 0.2088 0.2036 0.3477 0.0008 0.160650 0.006747 -3.7440 1 -0.0088 1  486 588 564 564 500 407 374 321  1 1 0 0 0 0 0 12.30 
2.088 2 0.2241 0.2510 0.3491 0.0010 0.163241 0.008392 -3.8116 1 -0.0099 1  493 592 577 568 506 404 372 326  1 1 0 0 0 0 0 12.28 
2.093 2 0.2390 0.2623 0.3504 0.0012 0.160650 0.010228 -3.2196 1 0.0642 1  460 588 559 572 500 386 377 320  1 1 0 0 0 0 0 12.26 
2.098 2 0.2434 0.2016 0.3512 0.0014 0.160650 0.010371 -3.5670 1 0.0487 1  485 591 569 565 507 405 374 316  1 1 0 0 0 0 0 12.27 
2.103 2 0.2028 0.1723 0.3524 0.0016 0.160650 0.009968 -2.8797 1 0.1271 1  448 593 553 570 521 405 374 336  1 1 0 0 0 0 0 12.30 
2.108 2 0.2241 0.1767 0.3534 0.0017 0.158059 0.008543 -3.7586 1 0.0847 1  481 590 564 567 501 405 377 308  1 1 0 0 0 0 0 12.30 
2.113 2 0.2008 0.1611 0.3542 0.0018 0.158059 0.006964 -3.6041 1 0.1975 1  467 584 556 565 509 392 374 290  1 1 0 0 0 0 0 12.29 
2.118 2 0.1783 0.1241 0.3552 0.0020 0.155467 0.005971 -3.1785 1 0.0024 1  480 585 560 556 507 394 373 314  1 1 0 0 0 0 0 12.30 
2.123 2 0.2181 0.1426 0.3558 0.0021 0.152876 0.004492 -3.7119 1 0.1483 1  477 587 559 563 504 405 367 310  1 1 0 0 0 0 0 12.29 
2.128 2 0.1514 0.1542 0.3566 0.0022 0.152876 0.003759 -4.0384 1 0.0822 1  484 584 556 563 491 401 367 296  1 1 0 0 0 0 0 12.29 
2.133 2 0.2125 0.1538 0.3576 0.0024 0.150285 0.003342 -3.5670 1 0.1062 1  475 579 557 564 505 409 365 303  1 1 0 0 0 0 0 12.30 
2.138 2 0.2048 0.1550 0.3584 0.0025 0.150285 0.004244 -3.6817 1 0.2397 1  474 581 567 571 504 403 372 311  1 1 0 0 0 0 0 12.24 
2.143 2 0.2281 0.1807 0.3594 0.0026 0.147694 0.005638 -3.0668 1 -0.0164 1  467 589 575 564 500 394 368 321  1 1 0 0 0 0 0 12.28 
2.148 2 0.2446 0.2088 0.3606 0.0028 0.147694 0.006793 -4.1800 0 0.1875 1  490 586 567 567 506 406 372 291  1 1 0 0 0 0 0 12.29 
2.153 2 0.2390 0.2229 0.3616 0.0030 0.150285 0.008629 -3.3136 1 0.0890 1  480 590 572 567 521 394 380 319  1 1 0 0 0 0 0 12.29 
2.158 2 0.2639 0.2362 0.3627 0.0031 0.145103 0.010298 -4.1800 0 0.0561 1  500 587 586 569 505 404 371 302  1 1 0 0 0 0 0 12.28 
2.163 2 0.2133 0.2181 0.3637 0.0033 0.147694 0.011995 -3.5294 1 0.0734 1  485 586 590 567 515 412 379 338  1 1 0 0 0 0 0 12.29 
2.168 2 0.2125 0.1912 0.3649 0.0035 0.147694 0.011630 -4.1800 0 -0.0406 1  500 590 592 571 500 389 371 328  1 1 0 0 0 0 0 12.29 
2.173 2 0.2193 0.1623 0.3659 0.0036 0.145103 0.010359 -3.5011 1 0.1599 1  482 591 560 573 510 400 372 305  1 1 0 0 0 0 0 12.30 
2.178 2 0.2217 0.1538 0.3667 0.0037 0.145103 0.009300 -3.7345 1 0.0790 1  490 586 576 572 499 390 370 325  1 1 0 0 0 0 0 12.30 
2.183 2 0.1940 0.1671 0.3677 0.0039 0.142512 0.007636 -3.5723 1 0.0939 1  479 586 565 567 503 400 366 306  1 1 0 0 0 0 0 12.30 
2.188 2 0.1345 0.1490 0.3683 0.0040 0.139921 0.006578 -3.4697 1 0.1009 1  473 587 570 572 499 408 365 310  1 1 0 0 0 0 0 12.30 
2.193 2 0.1486 0.1064 0.3691 0.0041 0.139921 0.005535 -3.4638 1 0.2599 1  439 581 565 568 503 397 364 299  1 1 0 0 0 0 0 12.28 
2.198 2 0.1715 0.1096 0.3697 0.0042 0.137329 0.004683 -4.1800 0 0.1522 1  468 582 567 562 492 402 367 296  1 1 0 0 0 0 0 12.29 
2.203 2 0.1996 0.1426 0.3705 0.0043 0.137329 0.005325 -3.0772 1 0.0575 1  449 582 558 563 498 388 361 301  1 1 0 0 0 0 0 12.30 
2.208 2 0.1940 0.1928 0.3715 0.0044 0.134738 0.006320 -3.7653 1 0.0791 1  478 589 568 564 491 398 360 298  1 1 0 0 0 0 0 12.29 
2.213 2 0.2281 0.1876 0.3723 0.0045 0.134738 0.007799 -2.8650 1 0.0793 1  437 586 570 562 495 397 366 292  1 1 0 0 0 0 0 12.29 
2.218 2 0.2590 0.1920 0.3735 0.0047 0.134738 0.009464 -2.9938 1 0.0852 1  468 594 567 567 519 390 365 309  1 1 0 0 0 0 0 12.29 
2.223 2 0.2522 0.2036 0.3745 0.0048 0.132147 0.011437 -2.9655 1 0.2191 1  450 592 557 567 506 405 367 318  1 1 0 0 0 0 0 12.29 
2.228 2 0.2145 0.2265 0.3757 0.0050 0.132147 0.013531 -3.8191 1 0.0235 1  493 585 579 581 503 391 377 330  1 1 0 0 0 0 0 12.31 
2.233 2 0.1679 0.1928 0.3767 0.0051 0.134738 0.013780 -3.3196 1 0.2644 1  473 597 568 570 507 402 363 277  1 1 0 0 0 0 0 12.29 
2.238 2 0.1839 0.1578 0.3775 0.0052 0.129556 0.012307 -3.4705 1 0.1896 1  475 586 582 565 496 402 369 297  1 1 0 0 0 0 0 12.30 
2.243 2 0.2008 0.1048 0.3781 0.0053 0.126965 0.010169 -3.4816 1 0.0523 1  483 590 567 561 503 400 365 310  1 1 0 0 0 0 0 12.29 
2.248 2 0.1775 0.0916 0.3789 0.0054 0.126965 0.008567 -2.9032 1 0.2048 1  449 585 564 563 502 389 368 303  1 1 0 0 0 0 0 12.29 
2.253 2 0.1502 0.1153 0.3795 0.0055 0.124374 0.007320 -3.5772 1 0.1494 1  476 581 566 566 502 397 354 292  1 1 0 0 0 0 0 12.30 
2.258 2 0.1526 0.1366 0.3802 0.0056 0.124374 0.006169 -3.5744 1 0.1035 1  471 582 562 566 502 398 360 289  1 1 0 0 0 0 0 12.27 
2.263 2 0.2016 0.1201 0.3808 0.0056 0.121783 0.006864 -3.4895 1 0.0610 1  463 581 577 568 486 378 355 312  1 1 0 0 0 0 0 12.30 
2.268 2 0.2205 0.1514 0.3816 0.0057 0.121783 0.008515 -2.9264 1 0.0908 1  449 590 553 557 498 405 360 302  1 1 0 0 0 0 0 12.30 
2.273 2 0.1735 0.1868 0.3828 0.0059 0.121783 0.010123 -2.9249 1 0.0996 1  459 585 580 561 500 396 357 326  1 1 0 0 0 0 0 12.30 
2.278 2 0.2446 0.2016 0.3838 0.0060 0.119192 0.012130 -2.7581 1 0.1289 1  436 588 596 564 488 386 356 326  1 1 0 0 0 0 0 12.30 
2.283 2 0.2345 0.2113 0.3848 0.0061 0.121783 0.014407 -2.9064 1 0.1040 1  428 599 562 573 504 396 357 327  1 1 0 0 0 0 0 12.29 
2.288 2 0.1554 0.1928 0.3858 0.0062 0.119192 0.015967 -2.9875 1 0.1469 1  442 592 563 569 501 390 361 304  1 1 0 0 0 0 0 12.29 
2.293 2 0.1968 0.1341 0.3866 0.0063 0.119192 0.015298 -3.2279 1 0.0551 1  473 596 588 571 502 396 358 333  1 1 0 0 0 0 0 12.27 
2.298 2 0.1731 0.1237 0.3874 0.0064 0.114009 0.014453 -3.0571 1 0.0800 1  460 599 571 569 502 402 363 286  1 1 0 0 0 0 0 12.28 
2.303 2 0.1884 0.1550 0.3882 0.0065 0.114009 0.013343 -4.1800 0 0.2160 1  478 587 567 571 504 390 354 303  1 1 0 0 0 0 0 12.29 
2.308 2 0.1663 0.1498 0.3890 0.0066 0.114009 0.012318 -4.1800 0 0.1665 1  487 588 572 566 500 385 353 283  1 1 0 0 0 0 0 12.27 
2.313 2 0.1876 0.1084 0.3898 0.0067 0.114009 0.011806 -3.2718 1 0.0718 1  463 593 582 565 484 382 357 338  1 1 0 0 0 0 0 12.30 
2.318 2 0.1940 0.1036 0.3904 0.0068 0.111418 0.010962 -2.9829 1 0.0756 1  472 589 568 567 494 381 352 305  1 1 0 0 0 0 0 12.28 
2.323 2 0.1699 0.1542 0.3912 0.0069 0.111418 0.010806 -4.1800 0 0.0377 1  488 589 581 568 493 385 356 310  1 1 0 0 0 0 0 12.30 
2.328 2 0.1317 0.1390 0.3920 0.0069 0.111418 0.010857 -3.8662 1 0.1398 1  480 588 572 568 497 396 356 290  1 1 0 0 0 0 0 12.30 
2.333 2 0.1928 0.1422 0.3926 0.0070 0.108827 0.011029 -3.7620 1 0.1699 1  472 591 576 566 490 391 352 308  1 1 0 0 0 0 0 12.29 
2.338 2 0.1976 0.1157 0.3934 0.0071 0.108827 0.011709 -3.4825 1 0.0543 1  486 586 582 568 494 386 353 305  1 1 0 0 0 0 0 12.30 
2.343 2 0.1735 0.1153 0.3940 0.0072 0.106236 0.012433 -3.8085 1 0.0197 1  515 589 577 570 492 372 357 303  1 1 0 0 0 0 0 12.30 
2.348 2 0.1791 0.1856 0.3950 0.0073 0.108827 0.013464 -3.3743 1 0.1432 1  476 594 579 563 495 398 361 292  1 1 0 0 0 0 0 12.31 
2.353 2 0.1611 0.1699 0.3960 0.0074 0.106236 0.014932 -3.3413 1 0.0124 1  466 589 560 578 499 376 360 308  1 1 0 0 0 0 0 12.30 
2.358 2 0.1639 0.1687 0.3968 0.0075 0.106236 0.015870 -4.1800 0 0.0944 1  491 587 586 577 493 384 355 306  1 1 0 0 0 0 0 12.30 
2.363 2 0.1470 0.1691 0.3974 0.0075 0.108827 0.016106 -3.2557 1 0.0578 1  474 603 579 570 494 396 353 301  1 1 0 0 0 0 0 12.30 
2.368 2 0.1538 0.1518 0.3982 0.0076 0.108827 0.016505 -2.9873 1 0.0240 1  438 595 564 574 496 372 354 293  1 1 0 0 0 0 0 12.29 
2.373 2 0.1671 0.1394 0.3988 0.0077 0.106236 0.016686 -3.6168 1 0.0971 1  480 595 566 570 493 376 352 274  1 1 0 0 0 0 0 12.30 
2.378 2 0.1639 0.1329 0.3996 0.0078 0.106236 0.016524 -4.1800 0 0.1901 1  482 595 589 569 497 372 362 294  1 1 0 0 0 0 0 12.26 
2.383 2 0.1623 0.1349 0.4004 0.0078 0.106236 0.016203 -3.3689 1 0.0338 1  462 596 574 573 501 381 357 328  1 1 0 0 0 0 0 12.29 
2.388 2 0.1611 0.1181 0.4010 0.0079 0.103645 0.016252 -3.3363 1 -0.0056 1  470 598 573 567 496 390 349 322  1 1 0 0 0 0 0 12.29 
2.393 2 0.1606 0.1357 0.4018 0.0080 0.103645 0.016043 -4.1800 0 -0.0101 1  504 596 596 566 494 384 359 303  1 1 0 0 0 0 0 12.30 
2.398 2 0.1659 0.1486 0.4028 0.0081 0.101054 0.016208 -3.4482 1 0.0584 1  485 598 564 568 497 383 356 302  1 1 0 0 0 0 0 12.30 
2.403 2 0.1498 0.1341 0.4032 0.0081 0.101054 0.016490 -3.3891 1 0.0678 1  476 594 548 576 500 379 354 318  1 1 0 0 0 0 0 12.29 
2.408 2 0.1767 0.1185 0.4042 0.0082 0.098463 0.016829 -3.7991 1 0.1787 1  443 598 561 563 493 384 362 294  1 1 0 0 0 0 0 12.30 
2.413 2 0.1590 0.1562 0.4050 0.0083 0.098463 0.017512 -4.1800 0 0.0215 1  471 590 562 563 490 373 355 304  1 1 0 0 0 0 0 12.29 
2.418 2 0.1699 0.1414 0.4058 0.0084 0.098463 0.018093 -3.4318 1 0.1907 1  461 596 580 574 490 374 360 279  1 1 0 0 0 0 0 12.29 
2.423 2 0.1245 0.1450 0.4064 0.0084 0.095872 0.017954 -3.3895 1 0.0098 1  491 598 565 562 495 387 357 280  1 1 0 0 0 0 0 12.29 
2.428 2 0.1398 0.1157 0.4070 0.0085 0.098463 0.017550 -3.3710 1 0.0501 1  455 598 574 569 489 382 363 303  1 1 0 0 0 0 0 12.29 
2.433 2 0.1550 0.0996 0.4078 0.0086 0.093280 0.017602 -4.1800 0 0.0008 1  496 596 592 560 490 381 362 293  1 1 0 0 0 0 0 12.30 
2.438 2 0.1691 0.1474 0.4086 0.0087 0.093280 0.017806 -4.1634 1 -0.0043 1  493 592 584 570 493 375 358 313  1 1 0 0 0 0 0 12.30 
2.443 2 0.1418 0.1514 0.4092 0.0087 0.095872 0.018136 -3.8246 1 0.1394 1  492 598 584 569 495 395 357 288  1 1 0 0 0 0 0 12.29 
2.448 2 0.1414 0.1353 0.4098 0.0088 0.093280 0.018673 -3.5704 1 0.1531 1  478 595 573 565 496 396 359 276  1 1 0 0 0 0 0 12.29 
2.453 2 0.2036 0.1189 0.4106 0.0088 0.093280 0.019015 -3.1675 1 -0.0326 1  471 601 561 566 493 392 360 323  1 1 0 0 0 0 0 12.30 
2.458 2 0.1574 0.1538 0.4114 0.0089 0.093280 0.019865 -4.1800 0 -0.0333 1  501 601 587 565 496 392 357 316  1 1 0 0 0 0 0 12.30 
2.463 2 0.1337 0.1731 0.4122 0.0090 0.093280 0.020127 -4.0085 1 0.0238 1  491 600 576 564 488 397 362 305  1 1 0 0 0 0 0 12.31 
2.468 2 0.1426 0.1333 0.4128 0.0090 0.090689 0.020017 -3.5827 1 -0.0477 1  480 602 555 568 498 383 359 297  1 1 0 0 0 0 0 12.30 
2.473 2 0.1639 0.0996 0.4136 0.0091 0.090689 0.019765 -3.3532 1 0.0950 1  475 600 575 570 501 388 358 313  1 1 0 0 0 0 0 12.28 
2.478 2 0.1285 0.1133 0.4140 0.0092 0.090689 0.019405 -2.9289 1 -0.0122 1  448 597 560 561 492 383 364 309  1 1 0 0 0 0 0 12.30 
2.483 2 0.1309 0.1462 0.4148 0.0092 0.090689 0.019397 -3.3721 1 -0.0454 1  466 598 556 565 484 371 360 292  1 1 0 0 0 0 0 12.30 
2.488 2 0.1229 0.1490 0.4152 0.0093 0.090689 0.019599 -4.1509 1 0.0642 1  493 595 563 561 490 393 362 296  1 1 0 0 0 0 0 12.26 
2.493 2 0.1442 0.1225 0.4160 0.0093 0.090689 0.019975 -4.1800 0 0.0416 1  497 594 569 563 489 393 360 289  1 1 0 0 0 0 0 12.30 
2.498 2 0.1876 0.1201 0.4166 0.0094 0.088098 0.020492 -3.1650 1 0.0007 1  461 594 579 561 496 385 369 326  1 1 0 0 0 0 0 12.29 
2.503 2 0.1679 0.1269 0.4174 0.0095 0.088098 0.021071 -3.0762 1 -0.0273 1  473 596 572 563 486 376 360 326  1 1 0 0 0 0 0 12.29 
2.508 2 0.1458 0.1623 0.4182 0.0095 0.088098 0.021945 -3.4232 1 0.0252 1  495 599 565 566 495 393 360 270  1 1 0 0 0 0 0 12.29 
2.513 2 0.1064 0.1590 0.4188 0.0096 0.090689 0.022550 -3.9811 1 0.0475 1  497 595 584 566 499 398 374 288  1 1 0 0 0 0 0 12.27 
2.518 2 0.1731 0.1217 0.4196 0.0097 0.085507 0.022706 -2.8577 1 0.0133 1  438 601 564 573 496 410 366 319  1 1 0 0 0 0 0 12.30 
2.523 2 0.1133 0.0996 0.4200 0.0097 0.085507 0.022303 -2.9759 1 -0.0327 1  464 599 562 567 500 389 369 305  1 1 0 0 0 0 0 12.30 
2.528 2 0.0996 0.1217 0.4206 0.0097 0.088098 0.021364 -3.5387 1 0.0659 1  497 605 570 562 506 397 369 294  1 1 0 0 0 0 0 12.30 
2.533 2 0.0900 0.1277 0.4210 0.0098 0.088098 0.021445 -4.1800 0 0.0835 1  488 601 568 563 497 393 367 289  1 1 0 0 0 0 0 12.30 
2.538 2 0.1072 0.0908 0.4216 0.0098 0.085507 0.021131 -4.1800 0 0.0472 1  485 599 576 566 498 396 364 309  1 1 0 0 0 0 0 12.30 
2.543 2 0.1482 0.0775 0.4220 0.0099 0.085507 0.021259 -3.1772 1 -0.0164 1  468 596 566 559 500 393 367 323  1 1 0 0 0 0 0 12.30 
2.548 2 0.1329 0.1084 0.4228 0.0099 0.085507 0.021819 -3.5125 1 -0.0339 1  479 602 566 566 495 410 364 325  1 1 0 0 0 0 0 12.30 
2.553 2 0.0948 0.1357 0.4232 0.0100 0.085507 0.022351 -4.1800 0 -0.0244 1  497 593 582 571 483 401 361 303  1 1 0 0 0 0 0 12.31 
2.558 2 0.1297 0.1201 0.4240 0.0100 0.085507 0.023474 -4.1800 0 0.0365 1  495 602 591 572 495 390 365 317  1 1 0 0 0 0 0 12.30 
2.563 2 0.1422 0.1024 0.4246 0.0101 0.082916 0.024575 -3.0564 1 -0.0665 1  455 599 576 567 494 386 364 331  1 1 0 0 0 0 0 12.30 
2.568 2 0.1458 0.1606 0.4254 0.0102 0.082916 0.026117 -2.8326 1 -0.0547 1  447 606 579 571 498 378 377 302  1 1 0 0 0 0 0 12.28 
2.573 2 0.1679 0.1807 0.4264 0.0102 0.085507 0.027892 -3.8451 1 0.1261 1  485 599 581 575 501 388 373 298  1 1 0 0 0 0 0 12.29 
2.578 2 0.1988 0.1550 0.4270 0.0103 0.082916 0.029569 -3.7095 1 0.0808 1  501 608 593 572 507 400 374 317  1 1 0 0 0 0 0 12.28 
2.583 2 0.1004 0.1052 0.4276 0.0103 0.085507 0.029621 -3.5984 1 -0.0454 1  497 606 565 573 498 384 372 320  1 1 0 0 0 0 0 12.28 
2.588 2 0.0984 0.1137 0.4282 0.0104 0.082916 0.027722 -4.1800 0 0.1811 1  499 599 589 575 507 409 367 304  1 1 0 0 0 0 0 12.30 
2.593 2 0.1088 0.1092 0.4288 0.0104 0.085507 0.027048 -4.1800 0 -0.0134 1  473 605 585 576 504 393 375 350  1 1 0 0 0 0 0 12.29 
2.598 2 0.1289 0.1008 0.4294 0.0105 0.082916 0.026135 -3.5367 1 -0.0168 1  494 603 583 574 504 405 371 318  1 1 0 0 0 0 0 12.29 
2.603 2 0.1374 0.1112 0.4298 0.0105 0.082916 0.025257 -3.9765 1 0.0189 1  502 595 580 569 506 402 368 310  1 1 0 0 0 0 0 12.30 
2.608 2 0.0968 0.0855 0.4302 0.0106 0.082916 0.024936 -3.7025 1 -0.0288 1  489 605 573 561 503 395 372 305  1 1 0 0 0 0 0 12.30 
2.613 2 0.0984 0.0751 0.4308 0.0106 0.080325 0.024238 -3.8981 1 -0.0343 1  499 604 578 568 504 406 365 317  1 1 0 0 0 0 0 12.29 
2.618 2 0.0984 0.0739 0.4312 0.0106 0.080325 0.024469 -4.1418 1 -0.0984 1  493 602 589 571 496 400 373 317  1 1 0 0 0 0 0 12.30 
2.623 2 0.1502 0.1325 0.4320 0.0107 0.080325 0.025683 -3.8737 1 -0.0098 1  494 607 586 569 493 407 365 313  1 1 0 0 0 0 0 12.30 
2.628 2 0.1406 0.1458 0.4326 0.0108 0.077734 0.027409 -4.1477 1 0.0359 1  513 607 575 578 511 398 375 304  1 1 0 0 0 0 0 12.30 
2.633 2 0.1900 0.1687 0.4334 0.0108 0.077734 0.028965 -4.1800 0 -0.0768 1  518 606 597 581 504 395 377 323  1 1 0 0 0 0 0 12.30 
2.638 2 0.1631 0.1611 0.4344 0.0109 0.080325 0.030981 -4.1800 0 0.0443 1  511 608 592 578 509 411 380 345  1 1 0 0 0 0 0 12.28 
2.643 2 0.1619 0.1707 0.4352 0.0110 0.080325 0.033045 -4.0347 1 -0.0656 1  503 615 586 579 515 402 376 334  1 1 0 0 0 0 0 12.27 
2.648 2 0.1125 0.1269 0.4356 0.0110 0.080325 0.032629 -3.3878 1 -0.0182 1  488 619 583 584 507 405 374 309  1 1 0 0 0 0 0 12.29 
2.653 2 0.1032 0.0984 0.4362 0.0110 0.082916 0.030741 -4.1800 0 -0.0021 1  504 611 583 581 509 417 380 318  1 1 0 0 0 0 0 12.29 
2.658 2 0.1088 0.0691 0.4368 0.0111 0.080325 0.029501 -3.5723 1 0.0680 1  482 610 582 577 511 422 377 320  1 1 0 0 0 0 0 12.28 
2.663 2 0.0799 0.0691 0.4370 0.0111 0.077734 0.028233 -2.9208 1 0.0128 1  476 608 574 576 509 403 373 310  1 1 0 0 0 0 0 12.30 
2.668 2 0.0976 0.0735 0.4374 0.0111 0.077734 0.027080 -4.1800 0 -0.0087 1  504 608 592 573 500 404 381 314  1 1 0 0 0 0 0 12.30 
2.673 2 0.1096 0.0940 0.4380 0.0112 0.080325 0.026711 -3.5537 1 0.0142 1  479 609 594 574 505 394 378 313  1 1 0 0 0 0 0 12.30 
2.678 2 0.1052 0.1121 0.4386 0.0112 0.077734 0.027215 -4.1800 0 0.1034 1  512 605 592 580 506 400 380 320  1 1 0 0 0 0 0 12.30 
2.683 2 0.1514 0.1289 0.4394 0.0113 0.077734 0.028681 -2.9796 1 -0.0580 1  468 607 584 572 514 393 377 306  1 1 0 0 0 0 0 12.29 
2.688 2 0.1530 0.1450 0.4400 0.0114 0.080325 0.030101 -4.1800 0 -0.0412 1  514 609 594 587 515 412 382 339  1 1 0 0 0 0 0 12.30 
2.693 2 0.1751 0.1876 0.4410 0.0114 0.077734 0.031725 -3.9971 1 -0.0056 1  502 615 569 578 516 412 381 345  1 1 0 0 0 0 0 12.28 
2.698 2 0.1639 0.1715 0.4418 0.0115 0.077734 0.033959 -4.1800 0 -0.0936 1  502 613 598 582 499 403 385 358  1 1 0 0 0 0 0 12.29 
2.703 2 0.1462 0.1699 0.4426 0.0116 0.077734 0.035370 -3.3137 1 -0.0338 1  506 612 589 581 522 416 383 322  1 1 0 0 0 0 0 12.25 
2.708 2 0.1217 0.1233 0.4432 0.0116 0.080325 0.033947 -3.3210 1 0.0457 1  467 614 595 580 524 391 381 328  1 1 0 0 0 0 0 12.29 
2.713 2 0.0888 0.0892 0.4436 0.0116 0.080325 0.031952 -2.9685 1 -0.0505 1  462 619 582 587 508 402 379 329  1 1 0 0 0 0 0 12.29 
2.718 2 0.1145 0.0703 0.4442 0.0117 0.077734 0.030473 -3.5927 1 -0.0707 1  501 612 582 577 510 384 383 325  1 1 0 0 0 0 0 12.32 
2.723 2 0.1233 0.1064 0.4446 0.0117 0.077734 0.029156 -3.4864 1 -0.0780 1  504 606 581 570 509 406 377 320  1 1 0 0 0 0 0 12.29 
2.728 2 0.0916 0.1329 0.4452 0.0118 0.080325 0.028148 -3.9959 1 -0.0226 1  500 609 582 570 503 408 377 314  1 1 0 0 0 0 0 12.30 
2.733 2 0.0908 0.1153 0.4456 0.0118 0.080325 0.027427 -3.7100 1 0.0043 1  492 612 566 566 511 409 378 322  1 1 0 0 0 0 0 12.30 
2.738 2 0.1129 0.1064 0.4462 0.0118 0.077734 0.027227 -3.7884 1 -0.0416 1  510 611 574 572 509 404 373 316  1 1 0 0 0 0 0 12.30 
2.743 2 0.0932 0.0843 0.4466 0.0119 0.077734 0.028303 -2.9727 1 -0.0297 1  456 611 581 577 502 399 371 317  1 1 0 0 0 0 0 12.30 
2.748 2 0.1406 0.1329 0.4474 0.0119 0.077734 0.029702 -3.8770 1 -0.0072 1  486 608 576 574 508 389 376 332  1 1 0 0 0 0 0 12.29 
2.753 2 0.1671 0.2048 0.4484 0.0120 0.080325 0.031428 -4.0384 1 0.0814 1  494 613 595 581 502 413 384 297  1 1 0 0 0 0 0 12.30 
2.758 2 0.1659 0.1912 0.4492 0.0121 0.080325 0.033377 -3.4048 1 0.0490 1  493 616 591 581 526 413 377 319  1 1 0 0 0 0 0 12.28 
2.763 2 0.1598 0.1767 0.4500 0.0121 0.080325 0.035553 -2.8318 1 0.0495 1  461 611 593 592 513 405 380 322  1 1 0 0 0 0 0 12.25 
2.768 2 0.1084 0.1699 0.4508 0.0122 0.080325 0.035118 -3.6024 1 -0.0549 1  499 617 587 581 509 422 384 322  1 1 0 0 0 0 0 12.29 
2.773 2 0.0940 0.0988 0.4514 0.0123 0.082916 0.033005 -3.9613 1 0.0569 1  503 607 597 580 512 412 381 318  1 1 0 0 0 0 0 12.29 
2.778 2 0.0839 0.0803 0.4516 0.0123 0.080325 0.030675 -3.5922 1 0.0079 1  501 611 585 580 514 414 380 316  1 1 0 0 0 0 0 12.29 
2.783 2 0.1060 0.0619 0.4520 0.0123 0.080325 0.028960 -3.3334 1 0.0740 1  488 604 583 573 510 411 385 298  1 1 0 0 0 0 0 12.30 
2.789 4 0.0912 0.0598 0.4524 0.0123 0.080325 0.027364 -3.5643 1 0.0226 1  489 607 578 584 511 409 379 317  1 1 0 0 0 0 0 12.30 
2.793 4 0.0695 0.0719 0.4528 0.0124 0.080325 0.026287 -3.9959 1 0.0117 1  496 603 575 572 505 400 377 313  1 1 0 0 0 0 0 12.31 
2.798 4 0.0639 0.0916 0.4532 0.0124 0.080325 0.027067 -3.2310 1 -0.0581 1  480 604 583 571 499 392 377 332  1 1 0 0 0 0 0 12.31 
2.803 4 0.1639 0.1623 0.4540 0.0125 0.080325 0.029584 -3.0322 1 -0.0500 1  462 607 579 579 508 411 372 324  1 1 0 0 0 0 0 12.29 
2.808 4 0.2281 0.2229 0.4550 0.0125 0.077734 0.031851 -2.9981 1 0.1149 1  486 606 575 575 513 421 384 262  1 1 0 0 0 0 0 12.29 
2.813 4 0.2048 0.2181 0.4560 0.0126 0.080325 0.034431 -2.8284 1 -0.0126 1  474 616 584 590 521 403 392 330  1 1 0 0 0 0 0 12.30 
2.818 4 0.1743 0.1707 0.4568 0.0127 0.080325 0.036331 -3.6808 1 -0.0005 1  509 624 583 580 522 397 389 309  1 1 0 0 0 0 0 12.28 
2.823 4 0.1554 0.1550 0.4576 0.0127 0.080325 0.034143 -3.6340 1 -0.0370 1  505 605 584 581 519 415 389 345  1 1 0 0 0 0 0 12.30 
2.828 4 0.1004 0.1048 0.4582 0.0128 0.077734 0.030343 -3.6862 1 -0.0056 1  500 603 585 583 508 413 379 321  1 1 0 0 0 0 0 12.28 
2.833 4 0.1112 0.0859 0.4586 0.0128 0.077734 0.026296 -3.0695 1 -0.0587 1  459 604 571 575 512 393 378 322  1 1 0 0 0 0 0 12.30 
2.838 4 0.1028 0.0920 0.4592 0.0129 0.080325 0.023409 -4.1800 0 0.0509 1  497 598 569 565 503 400 373 330  1 1 0 0 0 0 0 12.28 
2.843 4 0.0815 0.1181 0.4596 0.0129 0.080325 0.019752 -3.8767 1 0.0877 1  492 592 576 565 507 404 375 306  1 1 0 0 0 0 0 12.29 
2.848 4 0.1506 0.1293 0.4604 0.0130 0.080325 0.017629 -3.7176 1 0.0483 1  467 592 566 555 501 396 377 304  1 1 0 0 0 0 0 12.30 
2.853 4 0.1406 0.1578 0.4612 0.0130 0.080325 0.017089 -3.7703 1 -0.0711 1  496 592 561 563 500 391 369 317  1 1 0 0 0 0 0 12.30 
2.858 4 0.2036 0.2016 0.4622 0.0131 0.077734 0.016251 -3.0229 1 -0.0804 1  466 589 596 561 494 382 365 312  1 1 0 0 0 0 0 12.28 
2.863 4 0.2048 0.1996 0.4630 0.0132 0.077734 0.016088 -2.9584 1 0.0083 1  472 593 585 556 500 398 368 330  1 1 0 0 0 0 0 12.31 
2.868 4 0.2181 0.2402 0.4642 0.0133 0.077734 0.015937 -2.8667 1 0.0319 1  439 589 538 566 504 402 370 303  1 1 0 0 0 0 0 12.29 
2.874 4 0.2157 0.2345 0.4654 0.0134 0.077734 0.016117 -3.2110 1 -0.0434 1  483 588 561 559 491 392 372 339  1 1 0 0 0 0 0 12.30 
2.878 4 0.1442 0.1775 0.4660 0.0134 0.080325 0.014025 -3.7207 1 -0.0640 1  496 585 533 553 492 403 370 327  1 1 0 0 0 0 0 12.28 
2.883 4 0.1333 0.1301 0.4668 0.0135 0.080325 0.009469 -3.5568 1 0.0238 1  468 582 559 550 491 392 368 306  1 1 0 0 0 0 0 12.29 
2.888 4 0.1329 0.1064 0.4674 0.0135 0.077734 0.005122 -3.7843 1 0.0910 1  468 575 558 546 487 392 362 286  1 1 0 0 0 0 0 12.28 
2.893 4 0.1233 0.1068 0.4680 0.0136 0.080325 0.000923 -3.3128 1 0.0116 1  456 571 547 548 480 387 357 292  1 1 0 0 0 0 0 12.29 
2.898 4 0.0952 0.1112 0.4686 0.0136 0.077734 -0.003139 -3.4384 1 -0.0477 1  456 565 550 539 472 388 360 297  1 1 0 0 0 0 0 12.30 
2.903 4 0.1048 0.1004 0.4690 0.0137 0.077734 -0.006523 -3.7124 1 0.0222 1  467 565 542 535 479 393 359 290  1 1 0 0 0 0 0 12.29 
2.908 4 0.1237 0.1100 0.4696 0.0137 0.080325 -0.008011 -4.1656 1 0.1148 1  444 562 542 531 469 375 355 278  1 1 0 0 0 0 0 12.30 
2.913 4 0.1502 0.1663 0.4704 0.0138 0.080325 -0.007947 -3.9800 1 0.0324 1  458 564 533 536 474 367 351 282  1 1 0 0 0 0 0 12.30 
2.918 4 0.1868 0.1679 0.4712 0.0138 0.080325 -0.007176 -3.4007 1 0.0078 1  453 563 549 528 481 379 352 341  1 1 0 0 0 0 0 12.30 
2.923 4 0.1767 0.1956 0.4722 0.0139 0.077734 -0.006611 -4.1719 1 0.1348 1  459 564 539 536 463 370 353 314  1 1 0 0 0 0 0 12.30 
2.928 4 0.1948 0.1996 0.4732 0.0140 0.080325 -0.005925 -3.9000 1 0.0332 1  463 569 557 538 469 379 351 289  1 1 0 0 0 0 0 12.29 
2.933 4 0.1345 0.1679 0.4740 0.0141 0.080325 -0.005629 -3.0881 1 0.0656 1  445 559 540 538 476 388 354 288  1 1 0 0 0 0 0 12.28 
2.938 4 0.1125 0.1289 0.4744 0.0141 0.080325 -0.008870 -3.6813 1 0.0103 1  458 556 538 528 471 383 358 291  1 1 0 0 0 0 0 12.29 
2.943 4 0.0916 0.1004 0.4748 0.0141 0.080325 -0.012157 -3.4400 1 -0.0285 1  449 554 538 524 465 378 351 297  1 1 0 0 0 0 0 12.30 
2.948 4 0.0839 0.0598 0.4752 0.0141 0.080325 -0.014873 -3.5803 1 -0.0008 1  452 551 529 523 461 382 345 287  1 1 0 0 0 0 0 12.30 
2.953 4 0.0470 0.0598 0.4754 0.0142 0.077734 -0.018370 -3.6726 1 0.0365 1  443 542 530 521 460 371 350 279  1 1 0 0 0 0 0 12.30 
2.958 4 0.0799 0.0361 0.4758 0.0142 0.077734 -0.020559 -4.1247 1 0.0516 1  446 542 524 521 456 378 346 287  1 1 0 0 0 0 0 12.29 
2.963 4 0.1048 0.0735 0.4762 0.0142 0.077734 -0.020918 -3.7461 1 0.0810 1  440 549 505 517 456 368 341 284  1 1 0 0 0 0 0 12.30 
2.968 4 0.1145 0.1289 0.4766 0.0143 0.077734 -0.019705 -3.4800 1 0.0149 1  443 547 524 521 457 377 345 284  1 1 0 0 0 0 0 12.32 
2.973 4 0.1209 0.1382 0.4774 0.0143 0.077734 -0.017985 -3.2861 1 -0.0542 1  432 543 523 516 463 369 351 304  1 1 0 0 0 0 0 12.27 
2.978 4 0.1498 0.1221 0.4780 0.0144 0.075143 -0.016793 -2.8583 1 -0.1100 1  410 546 535 521 455 373 348 326  1 1 0 0 0 0 0 12.30 
2.983 4 0.1112 0.1193 0.4786 0.0144 0.077734 -0.015197 -2.7182 1 0.0042 1  423 551 520 523 464 372 335 301  1 1 0 0 0 0 0 12.30 
2.988 4 0.1277 0.1502 0.4794 0.0145 0.077734 -0.013731 -3.2221 1 0.1076 1  427 548 534 524 464 359 352 270  1 1 0 0 0 0 0 12.29 
2.993 4 0.1333 0.1337 0.4798 0.0145 0.077734 -0.013719 -3.3676 1 0.0467 1  444 554 532 525 463 385 354 285  1 1 0 0 0 0 0 12.30 
2.998 4 0.0522 0.0771 0.4802 0.0145 0.077734 -0.016036 -3.6456 1 0.0057 1  448 552 525 518 459 377 359 283  1 1 0 0 0 0 0 12.30 
3.003 4 0.0522 0.0514 0.4802 0.0145 0.077734 -0.018426 -3.4201 1 0.0157 1  436 545 522 522 460 379 343 288  1 1 0 0 0 0 0 12.30 
3.008 4 0.0398 0.0313 0.4802 0.0145 0.077734 -0.020202 -3.3799 1 -0.0240 1  439 548 522 515 453 370 346 284  1 1 0 0 0 0 0 12.30 
3.013 4 0.0265 0.0237 0.4804 0.0146 0.080325 -0.022759 -3.6601 1 -0.0269 1  441 542 516 511 452 371 350 282  1 1 0 0 0 0 0 12.30 
3.018 4 0.0249 0.0237 0.4806 0.0146 0.077734 -0.023785 -3.5495 1 -0.0002 1  442 540 518 508 450 374 345 281  1 1 0 0 0 0 0 12.32 
3.023 4 0.0651 0.0402 0.4810 0.0146 0.077734 -0.023556 -3.3954 1 -0.0381 1  431 532 517 506 453 369 345 288  1 1 0 0 0 0 0 12.31 
3.028 4 0.0819 0.0675 0.4814 0.0146 0.077734 -0.022711 -3.4215 1 0.0369 1  435 532 516 512 454 372 345 281  1 1 0 0 0 0 0 12.30 
3.033 4 0.0526 0.0675 0.4816 0.0146 0.075143 -0.021306 -3.4020 1 -0.0486 1  442 551 522 516 458 370 348 284  1 1 0 0 0 0 0 12.27 
3.038 4 0.0526 0.0482 0.4818 0.0147 0.077734 -0.020262 -3.3981 1 0.0057 1  439 546 525 510 460 377 345 285  1 1 0 0 0 0 0 12.30 
3.043 4 0.0386 0.0482 0.4818 0.0147 0.077734 -0.018903 -3.6448 1 0.0176 1  440 546 521 522 461 379 354 282  1 1 0 0 0 0 0 12.30 
3.048 4 0.0257 0.0341 0.4818 0.0147 0.077734 -0.017307 -3.4516 1 -0.0439 1  439 552 524 524 461 376 349 287  1 1 0 0 0 0 0 12.30 
3.053 4 0.0229 0.0237 0.4820 0.0147 0.075143 -0.015619 -3.5030 1 -0.0209 1  444 546 514 520 459 372 353 307  1 1 0 0 0 0 0 12.29 
3.058 4 0.0229 0.0233 0.4822 0.0147 0.077734 -0.013547 -2.7839 1 -0.0474 1  405 551 518 526 471 383 356 283  1 1 0 0 0 0 0 12.30 
3.063 4 0.1024 0.0542 0.4828 0.0147 0.075143 -0.011543 -3.0859 1 -0.1164 1  434 553 541 522 466 375 355 286  1 1 0 0 0 0 0 12.26 
3.068 4 0.0727 0.1285 0.4832 0.0148 0.080325 -0.009452 -3.4934 1 -0.0180 1  445 553 535 530 464 389 358 295  1 1 0 0 0 0 0 12.30 
3.073 4 0.0647 0.1064 0.4836 0.0148 0.080325 -0.008682 -3.4266 1 -0.0581 1  451 558 536 526 461 382 354 294  1 1 0 0 0 0 0 12.30 
3.078 4 0.0430 0.0606 0.4836 0.0148 0.080325 -0.008899 -3.4085 1 -0.0350 1  448 557 533 523 464 380 351 295  1 1 0 0 0 0 0 12.30 
3.083 4 0.0277 0.0345 0.4836 0.0148 0.080325 -0.009286 -4.0231 1 -0.0060 1  455 550 530 524 467 382 353 294  1 1 0 0 0 0 0 12.30 
3.088 4 0.0205 0.0241 0.4836 0.0148 0.080325 -0.009683 -3.5269 1 0.0192 1  446 553 530 527 465 377 352 285  1 1 0 0 0 0 0 12.30 
3.093 4 0.0165 0.0185 0.4836 0.0148 0.080325 -0.009974 -3.4017 1 0.0023 1  446 556 530 526 470 386 356 290  1 1 0 0 0 0 0 12.29 
3.098 4 0.0137 0.0149 0.4836 0.0148 0.080325 -0.010272 -3.4799 1 0.0098 1  447 554 528 525 467 383 356 291  1 1 0 0 0 0 0 12.30 
3.103 4 0.0116 0.0125 0.4836 0.0148 0.080325 -0.010321 -3.4693 1 0.0009 1  447 556 536 527 466 385 354 290  1 1 0 0 0 0 0 12.30 
3.108 4 0.0100 0.0108 0.4836 0.0148 0.080325 -0.009568 -3.4804 1 -0.0254 1  449 554 529 524 467 381 352 292  1 1 0 0 0 0 0 12.30 
3.113 4 0.0096 0.0096 0.4838 0.0148 0.077734 -0.008991 -3.3955 1 0.0145 1  450 561 533 527 470 378 353 294  1 1 0 0 0 0 0 12.29 
3.118 4 0.0096 0.0084 0.4838 0.0148 0.077734 -0.008305 -3.4218 1 -0.0368 1  447 553 534 528 471 387 351 290  1 1 0 0 0 0 0 12.29 
3.123 4 0.0096 0.0076 0.4838 0.0148 0.077734 -0.007311 -3.5538 1 -0.0087 1  454 557 533 530 467 384 356 292  1 1 0 0 0 0 0 12.30 
3.128 4 0.0096 0.0068 0.4838 0.0148 0.077734 -0.006204 -3.7854 1 0.0027 1  460 558 535 531 471 387 353 293  1 1 0 0 0 0 0 12.30 
3.133 4 0.0096 0.0064 0.4838 0.0148 0.077734 -0.004858 -3.4524 1 0.0140 1  447 560 535 531 472 386 359 293  1 1 0 0 0 0 0 12.31 
3.138 4 0.0096 0.0060 0.4838 0.0148 0.077734 -0.003648 -3.7064 1 0.0186 1  462 560 539 530 474 387 361 290  1 1 0 0 0 0 0 12.30 
3.143 4 0.0096 0.0052 0.4838 0.0148 0.077734 -0.002363 -3.5850 1 0.0550 1  454 560 538 537 474 386 357 291  1 1 0 0 0 0 0 12.30 
3.148 4 0.0096 0.0052 0.4838 0.0148 0.077734 -0.001354 -3.5747 1 0.0348 1  457 566 540 535 479 390 359 292  1 1 0 0 0 0 0 12.30 
3.153 4 0.0092 0.0048 0.4838 0.0148 0.077734 -0.000447 -3.9701 1 0.0751 1  455 561 540 538 478 394 363 289  1 1 0 0 0 0 0 12.29 
3.158 4 0.0080 0.0044 0.4838 0.0148 0.077734 0.000320 -3.4486 1 -0.0329 1  456 567 539 535 476 388 361 301  1 1 0 0 0 0 0 12.30 
3.163 4 0.0072 0.0040 0.4838 0.0148 0.077734 0.000907 -3.4189 1 0.0013 1  457 565 543 538 478 390 362 303  1 1 0 0 0 0 0 12.30 
3.168 4 0.0068 0.0040 0.4838 0.0148 0.077734 0.001493 -3.6916 1 0.0137 1  459 562 545 541 479 391 359 299  1 1 0 0 0 0 0 12.30 
3.173 4 0.0060 0.0036 0.4838 0.0148 0.077734 0.001974 -3.6460 1 -0.0021 1  459 571 546 542 479 387 362 298  1 1 0 0 0 0 0 12.30 
3.178 4 0.0056 0.0036 0.4838 0.0148 0.077734 0.002481 -3.4511 1 -0.0128 1  458 566 544 536 481 388 364 304  1 1 0 0 0 0 0 12.30 
3.183 4 0.0052 0.0032 0.4838 0.0148 0.077734 0.002946 -3.6203 1 0.0562 1  457 568 545 542 483 396 362 294  1 1 0 0 0 0 0 12.30 
3.188 4 0.0048 0.0032 0.4838 0.0148 0.077734 0.003432 -3.9399 1 0.0524 1  468 563 545 541 483 393 364 300  1 1 0 0 0 0 0 12.30 
3.193 4 0.0048 0.0032 0.4838 0.0148 0.077734 0.003909 -3.7933 1 -0.0128 1  470 571 548 541 479 394 364 300  1 1 0 0 0 0 0 12.30 
3.198 4 0.0044 0.0028 0.4838 0.0148 0.077734 0.004296 -3.5014 1 0.0071 1  459 572 548 541 484 394 364 298  1 1 0 0 0 0 0 12.30 
3.203 4 0.0040 0.0028 0.4838 0.0148 0.077734 0.004608 -3.7058 1 0.0339 1  465 568 541 543 480 391 360 300  1 1 0 0 0 0 0 12.29 
3.208 4 0.0040 0.0028 0.4838 0.0148 0.077734 0.004780 -3.4408 1 0.0021 1  459 567 547 540 482 395 363 302  1 1 0 0 0 0 0 12.30 
3.213 4 0.0036 0.0028 0.4838 0.0148 0.077734 0.004863 -3.4072 1 0.0272 1  462 570 545 541 485 391 361 293  1 1 0 0 0 0 0 12.29 
3.218 4 0.0036 0.0024 0.4838 0.0148 0.077734 0.004845 -3.7721 1 0.0395 1  466 569 545 542 484 390 364 299  1 1 0 0 0 0 0 12.30 
3.223 4 0.0032 0.0024 0.4838 0.0148 0.077734 0.004770 -3.6211 1 0.0186 1  461 572 540 539 489 396 363 300  1 1 0 0 0 0 0 12.30 
3.228 4 0.0032 0.0024 0.4838 0.0148 0.077734 0.004705 -3.7185 1 0.0343 1  466 564 549 540 477 389 363 296  1 1 0 0 0 0 0 12.30 
3.233 4 0.0032 0.0024 0.4838 0.0148 0.077734 0.004619 -3.3672 1 -0.0162 1  461 568 542 542 483 389 359 302  1 1 0 0 0 0 0 12.30 
3.238 4 0.0028 0.0024 0.4838 0.0148 0.077734 0.004522 -3.7241 1 0.0612 1  462 571 547 543 482 393 362 297  1 1 0 0 0 0 0 12.31 
3.243 4 0.0028 0.0020 0.4838 0.0148 0.077734 0.004415 -3.7266 1 0.0219 1  469 573 542 540 483 388 357 297  1 1 0 0 0 0 0 12.31 
3.248 4 0.0028 0.0020 0.4838 0.0148 0.077734 0.004291 -3.7591 1 0.0272 1  468 569 550 541 482 391 361 302  1 1 0 0 0 0 0 12.31 
3.253 4 0.0024 0.0020 0.4838 0.0148 0.077734 0.004099 -3.9963 1 0.0762 1  465 561 544 538 483 396 365 292  1 1 0 0 0 0 0 12.30 
3.258 4 0.0024 0.0020 0.4838 0.0148 0.077734 0.003836 -3.2225 1 0.0622 1  450 565 551 543 481 391 357 285  1 1 0 0 0 0 0 12.30 
3.263 4 0.0024 0.0020 0.4838 0.0148 0.077734 0.003506 -4.1151 1 0.2240 1  462 562 547 537 492 388 362 268  1 1 0 0 0 0 0 12.29 
3.268 4 -0.0024 0.0020 0.4836 0.0148 0.080325 0.003073 -3.5241 1 -0.0291 1  472 568 534 534 478 389 359 287  1 1 0 0 0 0 0 12.28 
3.273 4 -0.0024 0.0016 0.4836 0.0148 0.080325 0.003062 -3.0481 1 0.0393 1  439 568 539 543 498 392 360 303  1 1 0 0 0 0 0 12.27 
3.278 4 -0.0024 -0.0016 0.4834 0.0148 0.077734 0.003707 -3.4106 1 -0.0281 1  462 568 541 544 474 388 367 295  1 1 0 0 0 0 0 12.30 
3.283 4 -0.0024 -0.0016 0.4834 0.0148 0.077734 0.004547 -3.7737 1 0.0632 1  461 572 544 543 477 390 362 296  1 1 0 0 0 0 0 12.31 
3.288 4 -0.0024 -0.0016 0.4834 0.0148 0.077734 0.004864 -3.5394 1 0.1524 1  452 566 517 547 480 400 362 274  1 1 0 0 0 0 0 12.30 
3.293 4 -0.0024 -0.0016 0.4834 0.0148 0.077734 0.005041 -3.3590 1 0.1591 1  453 572 543 542 486 398 366 279  1 1 0 0 0 0 0 12.31 
3.298 4 -0.0133 -0.0016 0.4832 0.0148 0.080325 0.004890 -3.6350 1 0.0611 1  455 564 546 539 494 398 361 285  1 1 0 0 0 0 0 12.31 
3.303 4 -0.0133 -0.0153 0.4830 0.0148 0.077734 0.004254 -4.1800 0 -0.0011 1  469 566 547 545 477 387 358 295  1 1 0 0 0 0 0 12.29 
3.308 4 -0.0498 -0.0735 0.4826 0.0147 0.077734 0.004014 -3.3820 1 0.0839 1  456 565 543 541 482 390 363 282  1 1 0 0 0 0 0 12.30 
3.313 4 -0.0562 -0.0474 0.4824 0.0147 0.080325 0.005422 -3.7474 1 0.0678 1  461 571 542 541 481 389 360 301  1 1 0 0 0 0 0 12.30 
3.318 4 -0.0562 -0.0297 0.4824 0.0147 0.080325 0.007489 -3.8148 1 0.0208 1  464 572 550 544 488 384 363 300  1 1 0 0 0 0 0 12.29 
3.323 4 -0.0333 -0.0217 0.4824 0.0147 0.080325 0.008496 -3.5051 1 0.0960 1  452 576 545 544 486 396 359 295  1 1 0 0 0 0 0 12.30 
3.328 4 -0.0233 -0.0169 0.4824 0.0147 0.080325 0.009644 -3.5350 1 0.0113 1  462 571 550 553 475 388 363 293  1 1 0 0 0 0 0 12.30 
3.333 4 -0.0181 -0.0141 0.4822 0.0147 0.077734 0.010362 -3.3960 1 0.0434 1  466 571 568 548 480 396 356 303  1 1 0 0 0 0 0 12.30 
3.338 4 -0.0149 -0.0141 0.4822 0.0147 0.077734 0.010572 -3.9522 1 -0.0076 1  475 574 543 546 491 399 359 300  1 1 0 0 0 0 0 12.31 
3.343 4 -0.0125 -0.0562 0.4820 0.0147 0.075143 0.010572 -3.4327 1 0.1301 1  456 578 546 547 503 386 364 309  1 1 0 0 0 0 0 12.30 
3.348 4 -0.1217 -0.0984 0.4812 0.0146 0.075143 0.010035 -3.3059 1 -0.0049 1  468 576 548 545 496 392 363 305  1 1 0 0 0 0 0 12.29 
3.353 4 -0.1313 -0.0763 0.4808 0.0146 0.080325 0.009303 -3.2726 1 0.0058 1  471 570 526 549 485 390 362 294  1 1 0 0 0 0 0 12.29 
3.358 4 -0.0767 -0.0619 0.4806 0.0146 0.077734 0.009925 -4.1800 0 0.0970 1  455 570 554 546 492 398 365 290  1 1 0 0 0 0 0 12.28 
3.363 4 -0.0390 -0.0458 0.4806 0.0146 0.077734 0.012141 -3.7860 1 0.0025 1  473 577 553 546 487 389 368 305  1 1 0 0 0 0 0 12.30 
3.368 4 -0.0261 -0.0289 0.4806 0.0146 0.077734 0.013421 -3.5892 1 0.0040 1  468 577 566 552 491 399 368 326  1 1 0 0 0 0 0 12.27 
3.373 4 -0.0213 -0.0237 0.4802 0.0145 0.077734 0.014639 -3.7213 1 -0.0055 1  479 577 560 550 498 395 369 300  1 1 0 0 0 0 0 12.28 
3.378 4 -0.0735 -0.0598 0.4798 0.0145 0.077734 0.015613 -4.1800 0 0.0253 1  491 583 552 549 488 395 371 300  1 1 0 0 0 0 0 12.30 
3.383 4 -0.0755 -0.0815 0.4794 0.0145 0.077734 0.015927 -3.3664 1 0.0148 1  468 575 558 547 495 408 368 296  1 1 0 0 0 0 0 12.28 
3.388 4 -0.0984 -0.0859 0.4790 0.0144 0.077734 0.016429 -3.5064 1 -0.0909 1  478 582 561 554 480 399 364 308  1 1 0 0 0 0 0 12.30 
3.393 4 -0.0759 -0.0695 0.4788 0.0144 0.080325 0.017194 -3.5393 1 -0.0914 1  474 584 565 552 482 391 369 321  1 1 0 0 0 0 0 12.30 
3.398 4 -0.0606 -0.0482 0.4786 0.0144 0.077734 0.019229 -3.9586 1 0.0793 1  481 582 560 555 494 399 373 304  1 1 0 0 0 0 0 12.31 
3.403 4 -0.0418 -0.0482 0.4784 0.0144 0.080325 0.020426 -3.6092 1 -0.0486 1  461 583 562 560 491 401 370 307  1 1 0 0 0 0 0 12.29 
3.408 4 -0.0418 -0.0410 0.4782 0.0144 0.077734 0.021422 -3.4685 1 0.2220 1  481 586 570 556 519 403 364 290  1 1 0 0 0 0 0 12.29 
3.413 4 -0.0434 -0.0735 0.4778 0.0143 0.077734 0.022434 -4.1800 0 0.0604 1  487 588 564 562 495 401 374 307  1 1 0 0 0 0 0 12.30 
3.418 4 -0.0956 -0.0843 0.4774 0.0143 0.077734 0.022650 -3.7235 1 0.0384 1  478 588 567 564 490 399 371 295  1 1 0 0 0 0 0 12.30 
3.423 4 -0.0900 -0.0530 0.4772 0.0143 0.080325 0.023728 -3.5162 1 0.0944 1  470 587 564 562 496 399 374 303  1 1 0 0 0 0 0 12.30 
3.428 4 -0.0446 -0.0434 0.4768 0.0143 0.080325 0.025108 -3.6817 1 0.0563 1  482 587 568 563 499 401 375 313  1 1 0 0 0 0 0 12.30 
3.433 4 -0.0446 -0.0434 0.4768 0.0143 0.080325 0.025814 -4.1800 0 -0.0072 1  473 590 592 565 506 403 377 312  1 1 0 0 0 0 0 12.29 
3.438 4 -0.0382 -0.0378 0.4766 0.0142 0.077734 0.026423 -3.7655 1 -0.0283 1  486 590 581 563 494 405 379 332  1 1 0 0 0 0 0 12.28 
3.443 4 -0.0257 -0.0723 0.4764 0.0142 0.075143 0.026723 -3.8984 1 -0.0636 1  492 584 565 563 495 401 373 316  1 1 0 0 0 0 0 12.30 
3.448 4 -0.0920 -0.0908 0.4758 0.0142 0.077734 0.026684 -3.9543 1 -0.0639 1  487 592 566 563 495 406 376 327  1 1 0 0 0 0 0 12.29 
3.453 4 -0.1233 -0.0679 0.4754 0.0142 0.077734 0.026556 -3.9311 1 0.0538 1  485 591 556 564 490 410 374 303  1 1 0 0 0 0 0 12.30 
3.458 4 -0.1100 -0.0619 0.4750 0.0141 0.077734 0.026411 -4.0768 1 0.1516 1  476 588 543 562 502 404 378 299  1 1 0 0 0 0 0 12.29 
3.463 4 -0.0474 -0.0819 0.4748 0.0141 0.075143 0.027347 -3.0668 1 -0.0310 1  470 591 575 565 501 408 375 332  1 1 0 0 0 0 0 12.29 
3.468 4 -0.0341 -0.0723 0.4746 0.0141 0.077734 0.028428 -3.5983 1 -0.0030 1  478 593 572 581 501 407 374 325  1 1 0 0 0 0 0 12.29 
3.473 4 -0.0771 -0.0651 0.4742 0.0141 0.077734 0.029257 -3.6999 1 0.0242 1  489 597 571 566 500 408 378 313  1 1 0 0 0 0 0 12.30 
3.478 4 -0.0763 -0.0426 0.4740 0.0140 0.080325 0.030363 -3.9608 1 0.1067 1  490 597 565 567 505 413 378 311  1 1 0 0 0 0 0 12.30 
3.483 4 -0.0627 -0.0277 0.4740 0.0140 0.080325 0.031676 -3.8974 1 -0.0415 1  479 596 578 570 499 405 377 340  1 1 0 0 0 0 0 12.29 
3.488 4 -0.0349 -0.0205 0.4740 0.0140 0.080325 0.032584 -4.1800 0 0.1703 1  490 596 568 574 522 407 378 309  1 1 0 0 0 0 0 12.30 
3.493 4 -0.0257 -0.0189 0.4736 0.0140 0.080325 0.033132 -3.5304 1 -0.0000 1  495 600 568 569 508 413 377 313  1 1 0 0 0 0 0 12.28 
3.498 4 -0.0257 -0.0506 0.4734 0.0140 0.077734 0.033635 -3.4965 1 0.0837 1  473 594 568 574 503 406 387 318  1 1 0 0 0 0 0 12.30 
3.503 4 -0.0257 -0.0506 0.4734 0.0140 0.077734 0.033472 -3.7736 1 0.1017 1  480 602 571 572 501 413 380 299  1 1 0 0 0 0 0 12.30 
3.508 4 -0.0285 -0.0635 0.4730 0.0140 0.077734 0.033052 -3.6770 1 0.1416 1  486 601 565 572 518 416 378 308  1 1 0 0 0 0 0 12.30 
3.513 4 -0.0920 -0.0474 0.4726 0.0139 0.077734 0.032370 -3.6363 1 -0.0439 1  480 602 585 571 497 404 382 330  1 1 0 0 0 0 0 12.29 
3.518 4 -0.1096 -0.0699 0.4720 0.0139 0.080325 0.031351 -4.1800 0 0.0304 1  491 595 579 564 504 404 379 316  1 1 0 0 0 0 0 12.28 
3.523 4 -0.0735 -0.1341 0.4718 0.0139 0.077734 0.029987 -3.3378 1 0.0896 1  467 600 574 572 503 406 378 301  1 1 0 0 0 0 0 12.30 
3.528 4 -0.0614 -0.1378 0.4712 0.0138 0.075143 0.029034 -3.3088 1 -0.0268 1  485 595 565 574 501 410 372 330  1 1 0 0 0 0 0 12.29 
3.533 4 -0.0819 -0.0598 0.4710 0.0138 0.077734 0.029648 -3.0264 1 0.0481 1  476 594 563 569 515 412 379 297  1 1 0 0 0 0 0 12.29 
3.538 4 -0.0884 -0.0341 0.4708 0.0138 0.080325 0.031504 -3.9161 1 0.2764 1  490 598 569 571 522 414 381 306  1 1 0 0 0 0 0 12.28 
3.543 4 -0.0422 -0.0237 0.4708 0.0138 0.080325 0.033162 -3.3823 1 0.1642 1  485 596 569 576 527 406 377 313  1 1 0 0 0 0 0 12.29 
3.548 4 -0.0277 -0.0237 0.4706 0.0138 0.077734 0.034552 -3.3396 1 -0.0388 1  480 600 584 571 503 407 381 326  1 1 0 0 0 0 0 12.30 
3.553 4 -0.0205 -0.0542 0.4704 0.0138 0.075143 0.035635 -3.6266 1 0.0268 1  498 605 581 579 514 417 385 309  1 1 0 0 0 0 0 12.30 
3.558 4 -0.0181 -0.0530 0.4702 0.0137 0.077734 0.036513 -3.8215 1 -0.0060 1  501 603 587 577 512 412 384 320  1 1 0 0 0 0 0 12.31 
3.563 4 -0.0181 -0.0498 0.4700 0.0137 0.075143 0.036207 -3.2634 1 0.0389 1  473 602 576 576 512 411 384 308  1 1 0 0 0 0 0 12.30 
3.568 4 -0.1096 -0.0422 0.4696 0.0137 0.080325 0.035879 -3.8763 1 0.1960 1  488 602 557 572 509 417 380 313  1 1 0 0 0 0 0 12.29 
3.573 4 -0.0984 -0.0345 0.4692 0.0137 0.080325 0.035534 -3.2794 1 0.0177 1  512 605 582 577 507 418 383 317  1 1 0 0 0 0 0 12.30 
3.578 4 -0.0956 -0.1378 0.4686 0.0136 0.077734 0.034329 -3.5032 1 -0.0363 1  505 607 571 575 509 407 380 313  1 1 0 0 0 0 0 12.30 
3.583 4 -0.0831 -0.1490 0.4682 0.0136 0.077734 0.033251 -3.8546 1 0.0892 1  482 598 578 575 507 402 384 315  1 1 0 0 0 0 0 12.29 
3.588 4 -0.0912 -0.0827 0.4678 0.0136 0.077734 0.032157 -3.8960 1 0.1253 1  469 593 597 573 512 420 383 322  1 1 0 0 0 0 0 12.30 
3.593 4 -0.0839 -0.0687 0.4674 0.0135 0.077734 0.032963 -3.4661 1 0.0165 1  485 600 575 570 497 412 383 295  1 1 0 0 0 0 0 12.30 
3.598 4 -0.0647 -0.0446 0.4672 0.0135 0.080325 0.034621 -3.7468 1 0.0388 1  509 605 578 574 507 423 381 314  1 1 0 0 0 0 0 12.30 
3.603 4 -0.0474 -0.0410 0.4670 0.0135 0.077734 0.035869 -3.8286 1 -0.0876 1  483 603 582 579 493 410 384 323  1 1 0 0 0 0 0 12.29 
3.608 4 -0.0297 -0.0510 0.4668 0.0135 0.075143 0.037020 -3.8760 1 0.0135 1  506 607 580 581 510 413 386 316  1 1 0 0 0 0 0 12.30 
3.613 4 -0.0217 -0.0510 0.4668 0.0135 0.075143 0.037799 -4.0687 1 0.0522 1  502 608 591 584 509 409 386 312  1 1 0 0 0 0 0 12.30 
3.618 4 -0.0177 -0.0502 0.4664 0.0135 0.075143 0.038069 -3.5638 1 0.1315 1  495 603 590 581 525 418 387 317  1 1 0 0 0 0 0 12.29 
3.623 4 -0.1052 -0.0474 0.4662 0.0134 0.077734 0.037683 -4.1800 0 -0.0404 1  503 604 586 578 504 410 382 317  1 1 0 0 0 0 0 12.29 
3.628 4 -0.1249 -0.0390 0.4656 0.0134 0.080325 0.037636 -2.9908 1 -0.0681 1  512 610 584 581 513 415 384 295  1 1 0 0 0 0 0 12.29 
3.633 4 -0.0831 -0.1249 0.4650 0.0133 0.077734 0.036825 -4.1800 0 0.0102 1  493 606 568 578 510 412 385 345  1 1 0 0 0 0 0 12.30 
3.638 4 -0.0972 -0.1325 0.4646 0.0133 0.077734 0.035918 -3.3024 1 0.0454 1  493 607 584 573 512 409 380 310  1 1 0 0 0 0 0 12.29 
3.643 4 -0.0948 -0.0980 0.4642 0.0133 0.077734 0.035487 -3.7161 1 -0.0394 1  502 603 581 577 512 412 383 316  1 1 0 0 0 0 0 12.29 
3.648 4 -0.0731 -0.0594 0.4638 0.0133 0.077734 0.036210 -4.0003 1 -0.0047 1  512 606 577 575 506 416 378 331  1 1 0 0 0 0 0 12.27 
3.653 4 -0.0570 -0.0627 0.4636 0.0132 0.075143 0.037345 -4.1800 0 -0.0266 1  513 605 600 584 506 420 385 327  1 1 0 0 0 0 0 12.30 
3.658 4 -0.0349 -0.0627 0.4634 0.0132 0.077734 0.038129 -4.1800 0 0.0043 1  498 606 591 579 496 412 385 323  1 1 0 0 0 0 0 12.30 
3.663 4 -0.0349 -0.0655 0.4632 0.0132 0.075143 0.038992 -3.8707 1 0.0266 1  492 609 586 585 514 409 382 320  1 1 0 0 0 0 0 12.30 
3.668 4 -0.0847 -0.0410 0.4626 0.0132 0.077734 0.039564 -4.1800 0 0.1583 1  497 609 568 581 522 410 382 302  1 1 0 0 0 0 0 12.29 
3.673 4 -0.0823 -0.0410 0.4624 0.0131 0.080325 0.039849 -4.0339 1 0.1465 1  509 611 575 580 528 412 381 306  1 1 0 0 0 0 0 12.27 
3.678 4 -0.0743 -0.1084 0.4620 0.0131 0.075143 0.039965 -4.1800 0 -0.0140 1  507 607 600 579 501 415 393 326  1 1 0 0 0 0 0 12.30 
3.683 4 -0.0486 -0.1165 0.4616 0.0131 0.075143 0.039834 -3.6937 1 -0.0305 1  499 611 592 583 507 416 388 319  1 1 0 0 0 0 0 12.30 
3.688 4 -0.0859 -0.0763 0.4612 0.0130 0.075143 0.039790 -3.7535 1 -0.0585 1  506 610 592 585 497 426 384 303  1 1 0 0 0 0 0 12.30 
3.693 4 -0.1241 -0.0610 0.4608 0.0130 0.080325 0.039782 -3.6786 1 -0.0420 1  501 610 587 581 502 414 385 323  1 1 0 0 0 0 0 12.27 
3.698 4 -0.0679 -0.0442 0.4606 0.0130 0.077734 0.039732 -4.1800 0 0.0557 1  533 614 580 585 517 413 383 302  1 1 0 0 0 0 0 12.29 
3.703 4 -0.0474 -0.0795 0.4602 0.0130 0.077734 0.040361 -3.9438 1 0.0230 1  508 609 587 586 518 414 383 323  1 1 0 0 0 0 0 12.29 
3.708 4 -0.0590 -0.1048 0.4598 0.0129 0.077734 0.040465 -4.1800 0 0.0031 1  505 608 593 587 518 417 383 328  1 1 0 0 0 0 0 12.31 
3.713 4 -0.0936 -0.0815 0.4594 0.0129 0.077734 0.040841 -4.1800 0 0.0168 1  502 610 589 583 510 415 386 319  1 1 0 0 0 0 0 12.30 
3.718 4 -0.1145 -0.0462 0.4590 0.0129 0.077734 0.041396 -3.7660 1 0.0816 1  517 616 557 583 516 418 385 318  1 1 0 0 0 0 0 12.30 
3.723 4 -0.0530 -0.0462 0.4588 0.0129 0.080325 0.041950 -3.4176 1 -0.0119 1  487 616 606 583 529 412 382 319  1 1 0 0 0 0 0 12.28 
3.728 4 -0.0530 -0.1032 0.4584 0.0128 0.075143 0.042850 -3.7328 1 0.0655 1  499 616 595 585 525 416 384 320  1 1 0 0 0 0 0 12.30 
3.733 4 -0.0502 -0.0803 0.4580 0.0128 0.075143 0.042716 -3.5333 1 0.0572 1  500 616 592 593 521 419 388 315  1 1 0 0 0 0 0 12.30 
3.738 4 -0.0767 -0.0715 0.4578 0.0128 0.077734 0.043319 -3.8776 1 -0.0022 1  506 616 594 582 522 413 388 328  1 1 0 0 0 0 0 12.30 
3.743 4 -0.0980 -0.0438 0.4574 0.0128 0.077734 0.043194 -4.1800 0 0.1066 1  489 614 605 583 523 419 389 317  1 1 0 0 0 0 0 12.30 
3.748 4 -0.0627 -0.0438 0.4570 0.0127 0.077734 0.043058 -3.3026 1 -0.0167 1  514 610 576 584 521 415 385 307  1 1 0 0 0 0 0 12.30 
3.753 4 -0.0699 -0.1068 0.4566 0.0127 0.077734 0.042784 -3.1808 1 -0.0416 1  503 619 588 585 510 415 379 338  1 1 0 0 0 0 0 12.30 
3.758 4 -0.0872 -0.1008 0.4562 0.0127 0.077734 0.042057 -3.7907 1 0.1831 1  514 615 583 581 531 419 386 305  1 1 0 0 0 0 0 12.30 
3.763 4 -0.1016 -0.0635 0.4558 0.0126 0.077734 0.042389 -4.1800 0 0.2161 1  510 615 593 586 535 421 384 304  1 1 0 0 0 0 0 12.29 
3.768 4 -0.0594 -0.0635 0.4556 0.0126 0.080325 0.043460 -4.0050 1 -0.0008 1  508 613 596 584 523 405 382 338  1 1 0 0 0 0 0 12.30 
3.773 4 -0.0594 -0.0502 0.4554 0.0126 0.077734 0.044279 -3.9462 1 -0.0007 1  509 612 589 583 521 411 388 340  1 1 0 0 0 0 0 12.30 
3.778 4 -0.0430 -0.0502 0.4550 0.0126 0.077734 0.044686 -3.3374 1 -0.0806 1  505 623 583 589 519 415 389 335  1 1 0 0 0 0 0 12.31 
3.783 4 -0.0430 -0.0502 0.4550 0.0126 0.077734 0.045241 -4.1800 0 0.0735 1  509 618 596 593 528 420 388 327  1 1 0 0 0 0 0 12.30 
3.788 4 -0.0474 -0.0402 0.4548 0.0125 0.080325 0.045273 -3.5477 1 0.0251 1  514 617 602 592 531 419 387 322  1 1 0 0 0 0 0 12.29 
3.793 4 -0.0647 -0.0369 0.4544 0.0125 0.080325 0.045232 -3.9468 1 -0.0394 1  508 616 574 589 507 418 392 335  1 1 0 0 0 0 0 12.27 
3.798 4 -0.0598 -0.0446 0.4542 0.0125 0.077734 0.044975 -3.5905 1 0.1825 1  500 628 605 593 544 415 388 315  1 1 0 0 0 0 0 12.27 
3.803 4 -0.0526 -0.0775 0.4538 0.0125 0.077734 0.044443 -3.6246 1 0.0110 1  513 622 577 589 524 417 383 337  1 1 0 0 0 0 0 12.28 
3.808 4 -0.0586 -0.0992 0.4534 0.0124 0.077734 0.043745 -3.2472 1 -0.0062 1  484 619 601 589 518 417 383 329  1 1 0 0 0 0 0 12.30 
3.813 4 -0.0831 -0.0727 0.4530 0.0124 0.077734 0.042749 -4.1800 0 0.0422 1  501 617 616 595 523 411 385 342  1 1 0 0 0 0 0 12.27 
3.818 4 -0.1108 -0.0727 0.4526 0.0124 0.082916 0.041960 -4.1800 0 0.0851 1  544 611 582 596 516 425 389 311  1 1 0 0 0 0 0 12.29 
3.823 4 -0.1277 -0.0880 0.4520 0.0123 0.080325 0.041233 -3.3402 1 0.1475 1  496 619 604 589 534 418 380 320  1 1 0 0 0 0 0 12.30 
3.828 4 -0.0916 -0.0912 0.4516 0.0123 0.080325 0.041094 -3.6341 1 -0.0882 1  491 619 583 585 494 420 384 359  1 1 0 0 0 0 0 12.24 
3.833 4 -0.0538 -0.0703 0.4514 0.0123 0.082916 0.042250 -3.5447 1 -0.0073 1  505 618 594 590 512 413 387 336  1 1 0 0 0 0 0 12.29 
3.838 4 -0.0538 -0.0606 0.4512 0.0123 0.080325 0.043233 -3.7693 1 0.0634 1  494 616 601 590 515 420 385 303  1 1 0 0 0 0 0 12.30 
3.843 4 -0.0378 -0.0442 0.4512 0.0123 0.080325 0.043918 -4.1800 0 0.0756 1  505 615 604 593 538 415 384 336  1 1 0 0 0 0 0 12.28 
3.848 4 -0.0341 -0.0329 0.4508 0.0122 0.080325 0.044669 -4.1800 0 0.1348 1  513 618 589 596 532 425 383 323  1 1 0 0 0 0 0 12.28 
3.853 4 -0.0647 -0.0695 0.4504 0.0122 0.080325 0.044959 -4.1800 0 0.0836 1  506 618 600 597 521 426 388 326  1 1 0 0 0 0 0 12.31 
3.858 4 -0.0659 -0.0920 0.4500 0.0122 0.080325 0.045154 -4.1800 0 0.0391 1  510 616 603 594 525 415 389 320  1 1 0 0 0 0 0 12.30 
3.863 4 -0.0606 -0.0723 0.4498 0.0121 0.077734 0.045074 -4.0165 1 -0.0130 1  504 622 592 589 522 421 389 321  1 1 0 0 0 0 0 12.30 
3.868 4 -0.0598 -0.0663 0.4494 0.0121 0.077734 0.044939 -4.1800 0 0.1900 1  523 623 588 594 538 422 389 316  1 1 0 0 0 0 0 12.30 
3.873 4 -0.1008 -0.0811 0.4488 0.0121 0.080325 0.044498 -3.3035 1 -0.1001 1  498 624 621 587 524 421 387 322  1 1 0 0 0 0 0 12.27 
3.878 4 -0.0920 -0.1084 0.4484 0.0120 0.080325 0.043852 -3.8831 1 0.0748 1  504 619 597 587 538 410 385 347  1 1 0 0 0 0 0 12.29 
3.883 4 -0.0984 -0.1080 0.4480 0.0120 0.080325 0.042997 -3.5482 1 0.0704 1  500 620 586 593 497 413 385 324  1 1 0 0 0 0 0 12.28 
3.888 4 -0.0731 -0.1008 0.4476 0.0120 0.080325 0.042814 -4.1800 0 0.0747 1  520 624 598 588 543 417 388 327  1 1 0 0 0 0 0 12.30 
3.893 4 -0.0735 -0.0880 0.4472 0.0119 0.080325 0.043766 -4.1800 0 -0.0002 1  510 616 600 591 523 414 392 322  1 1 0 0 0 0 0 12.30 
3.898 4 -0.0707 -0.0470 0.4470 0.0119 0.077734 0.044826 -3.6676 1 -0.0224 1  505 619 593 589 532 419 390 324  1 1 0 0 0 0 0 12.29 
3.903 4 -0.0518 -0.0470 0.4468 0.0119 0.080325 0.045643 -4.1265 1 0.1348 1  500 621 597 592 535 419 389 317  1 1 0 0 0 0 0 12.30 
3.908 4 -0.0506 -0.0546 0.4466 0.0119 0.077734 0.046254 -3.5594 1 0.1083 1  512 620 611 592 545 421 389 325  1 1 0 0 0 0 0 12.29 
3.913 4 -0.0502 -0.0956 0.4460 0.0118 0.075143 0.046802 -3.7421 1 -0.0315 1  509 624 602 599 523 427 389 333  1 1 0 0 0 0 0 12.30 
3.918 4 -0.0619 -0.0787 0.4458 0.0118 0.077734 0.047127 -4.1800 0 0.0590 1  519 623 604 596 528 420 392 315  1 1 0 0 0 0 0 12.29 
3.923 4 -0.1016 -0.0715 0.4452 0.0118 0.080325 0.047607 -4.1800 0 0.0363 1  519 625 599 597 529 421 397 327  1 1 0 0 0 0 0 12.30 
3.928 4 -0.0843 -0.0422 0.4450 0.0118 0.082916 0.047823 -3.9401 1 -0.0068 1  519 624 606 603 531 425 389 360  1 1 0 0 0 0 0 12.28 
3.933 4 -0.0679 -0.0369 0.4448 0.0118 0.080325 0.047888 -4.1800 0 -0.0237 1  530 628 595 596 523 420 387 298  1 1 0 0 0 0 0 12.31 
3.939 4 -0.0418 -0.0627 0.4444 0.0117 0.080325 0.047861 -4.1800 0 0.1452 1  524 627 597 596 540 421 389 319  1 1 0 0 0 0 0 12.30 
3.943 4 -0.0418 -0.1024 0.4442 0.0117 0.077734 0.047488 -4.1800 0 0.0711 1  516 624 608 598 536 410 397 333  1 1 0 0 0 0 0 12.29 
3.948 4 -0.0562 -0.0908 0.4438 0.0117 0.077734 0.047042 -3.5988 1 -0.0418 1  515 635 610 596 524 421 393 334  1 1 0 0 0 0 0 12.29 
3.953 4 -0.1345 -0.0711 0.4432 0.0116 0.080325 0.046558 -3.3468 1 0.0022 1  517 624 610 600 530 418 385 334  1 1 0 0 0 0 0 12.29 
3.958 4 -0.1149 -0.0647 0.4428 0.0116 0.080325 0.045973 -3.1337 1 0.0096 1  503 627 589 597 531 426 394 331  1 1 0 0 0 0 0 12.30 
3.963 4 -0.0924 -0.0972 0.4424 0.0116 0.080325 0.046033 -4.0132 1 0.2747 1  502 620 599 605 556 420 390 315  1 1 0 0 0 0 0 12.30 
3.968 4 -0.0430 -0.0815 0.4422 0.0115 0.077734 0.047146 -3.9019 1 0.0420 1  517 624 601 602 532 431 392 321  1 1 0 0 0 0 0 12.29 
3.973 4 -0.0402 -0.0683 0.4418 0.0115 0.077734 0.047819 -3.9289 1 0.0803 1  518 628 597 603 535 430 388 328  1 1 0 0 0 0 0 12.30 
3.978 4 -0.0606 -0.0442 0.4416 0.0115 0.080325 0.048637 -4.1800 0 0.2523 1  514 629 609 604 544 418 393 302  1 1 0 0 0 0 0 12.30 
3.983 4 -0.0614 -0.0285 0.4414 0.0115 0.082916 0.049127 -4.1800 0 0.0985 1  512 636 643 603 539 420 392 331  1 1 0 0 0 0 0 12.27 
3.988 4 -0.0614 -0.0209 0.4414 0.0115 0.082916 0.049352 -3.6241 1 -0.0301 1  509 631 624 601 539 418 394 332  1 1 0 0 0 0 0 12.29 
3.993 4 -0.0470 -0.0197 0.4410 0.0114 0.082916 0.049463 -3.4243 1 -0.0780 1  502 639 626 603 529 438 401 360  1 1 0 0 0 0 0 12.30 
3.998 4 -0.0470 -0.1181 0.4406 0.0114 0.077734 0.049174 -4.1522 1 0.0200 1  523 631 608 605 539 431 396 332  1 1 0 0 0 0 0 12.30 
4.003 4 -0.0313 -0.1253 0.4404 0.0114 0.075143 0.048816 -4.1517 1 0.0891 1  520 631 603 609 535 425 387 323  1 1 0 0 0 0 0 12.30 
4.008 4 -0.1056 -0.1004 0.4398 0.0114 0.077734 0.048043 -3.3728 1 -0.0385 1  511 635 611 603 528 421 394 339  1 1 0 0 0 0 0 12.30 
4.013 4 -0.1245 -0.0743 0.4394 0.0113 0.077734 0.047172 -4.1583 1 0.0587 1  502 626 602 597 535 427 392 341  1 1 0 0 0 0 0 12.30 
4.018 4 -0.1141 -0.0751 0.4388 0.0113 0.080325 0.046072 -3.9239 1 0.2673 1  509 623 617 595 557 431 384 315  1 1 0 0 0 0 0 12.29 
4.023 4 -0.0643 -0.0803 0.4386 0.0113 0.077734 0.046246 -3.5163 1 0.0650 1  514 630 583 603 530 415 390 307  1 1 0 0 0 0 0 12.28 
4.028 4 -0.0426 -0.0791 0.4382 0.0112 0.077734 0.047390 -3.9592 1 -0.0613 1  524 627 606 596 523 425 386 331  1 1 0 0 0 0 0 12.30 
4.033 4 -0.0426 -0.0538 0.4382 0.0112 0.077734 0.048146 -3.5115 1 0.0798 1  503 627 603 595 527 432 399 313  1 1 0 0 0 0 0 12.30 
4.038 4 -0.0398 -0.0345 0.4378 0.0112 0.077734 0.048875 -3.7096 1 -0.0287 1  519 628 605 601 525 429 395 333  1 1 0 0 0 0 0 12.30 
4.043 4 -0.0783 -0.0345 0.4376 0.0112 0.080325 0.049312 -4.1800 0 0.0191 1  528 624 635 606 528 423 399 335  1 1 0 0 0 0 0 12.26 
4.048 4 -0.0831 -0.0550 0.4372 0.0111 0.080325 0.049463 -3.5105 1 0.1025 1  532 635 606 600 537 429 390 303  1 1 0 0 0 0 0 12.29 
4.053 4 -0.0623 -0.1108 0.4366 0.0111 0.077734 0.049380 -3.7164 1 0.0502 1  513 628 605 600 536 417 395 328  1 1 0 0 0 0 0 12.31 
4.058 4 -0.0623 -0.1004 0.4364 0.0111 0.075143 0.049236 -3.8829 1 0.0251 1  522 631 606 601 530 421 392 326  1 1 0 0 0 0 0 12.30 
4.063 4 -0.0470 -0.0827 0.4360 0.0111 0.075143 0.049008 -4.0029 1 0.0327 1  521 631 610 599 527 426 394 319  1 1 0 0 0 0 0 12.30 
4.068 4 -0.0839 -0.0598 0.4358 0.0110 0.077734 0.048929 -4.1552 1 -0.0516 1  543 631 612 596 523 423 396 335  1 1 0 0 0 0 0 12.30 
4.073 4 -0.0566 -0.0462 0.4356 0.0110 0.075143 0.049608 -3.5087 1 -0.0555 1  516 633 607 597 528 420 395 338  1 1 0 0 0 0 0 12.30 
4.078 4 -0.0466 -0.0462 0.4354 0.0110 0.077734 0.050242 -3.8724 1 0.0164 1  521 634 606 598 525 426 399 316  1 1 0 0 0 0 0 12.30 
4.083 4 -0.0466 -0.0430 0.4352 0.0110 0.075143 0.050461 -3.8172 1 0.1654 1  512 633 615 602 557 421 389 333  1 1 0 0 0 0 0 12.29 
4.088 4 -0.0297 -0.0430 0.4352 0.0110 0.075143 0.050596 -3.7557 1 0.0453 1  520 635 609 610 536 420 391 344  1 1 0 0 0 0 0 12.30 
4.093 4 -0.0233 -0.0309 0.4348 0.0110 0.075143 0.050459 -3.9453 1 0.0347 1  524 638 581 605 538 426 390 319  1 1 0 0 0 0 0 12.29 
4.098 4 -0.0667 -0.0309 0.4346 0.0109 0.077734 0.049914 -3.7717 1 0.0123 1  535 639 584 602 533 425 386 326  1 1 0 0 0 0 0 12.29 
4.103 4 -0.1141 -0.0940 0.4340 0.0109 0.075143 0.049182 -4.1800 0 0.0160 1  513 635 584 597 523 424 390 331  1 1 0 0 0 0 0 12.29 
4.108 4 -0.1032 -0.1173 0.4336 0.0109 0.075143 0.047997 -3.9839 1 0.1323 1  524 632 607 592 536 424 391 328  1 1 0 0 0 0 0 12.32 
4.113 4 -0.0647 -0.1088 0.4332 0.0108 0.075143 0.047575 -3.7133 1 -0.0109 1  520 630 612 603 534 425 394 341  1 1 0 0 0 0 0 12.31 
4.118 4 -0.0582 -0.0486 0.4332 0.0108 0.075143 0.048575 -4.0121 1 0.0137 1  520 633 607 597 526 417 394 327  1 1 0 0 0 0 0 12.30 
4.123 4 -0.0410 -0.0301 0.4330 0.0108 0.077734 0.049467 -3.6522 1 0.0413 1  530 634 607 602 534 423 394 319  1 1 0 0 0 0 0 12.29 
4.128 4 -0.0410 -0.0229 0.4328 0.0108 0.075143 0.050153 -4.1800 0 0.0175 1  522 631 613 599 548 424 392 326  1 1 0 0 0 0 0 12.30 
4.133 4 -0.0329 -0.0229 0.4328 0.0108 0.075143 0.050547 -4.1800 0 -0.0202 1  526 637 603 604 533 432 394 348  1 1 0 0 0 0 0 12.29 
4.138 4 -0.0281 -0.0229 0.4326 0.0108 0.077734 0.050770 -3.7653 1 -0.0012 1  528 635 629 603 541 431 399 331  1 1 0 0 0 0 0 12.30 
4.143 4 -0.0281 -0.0337 0.4324 0.0108 0.075143 0.050612 -4.0348 1 0.0098 1  510 635 609 593 535 410 399 329  1 1 0 0 0 0 0 12.29 
4.148 4 -0.0406 -0.0570 0.4320 0.0108 0.075143 0.050227 -3.8793 1 -0.0708 1  528 636 608 603 521 424 389 331  1 1 0 0 0 0 0 12.30 
4.153 4 -0.0699 -0.0675 0.4316 0.0107 0.075143 0.049591 -3.9602 1 -0.0478 1  528 634 609 597 528 432 392 327  1 1 0 0 0 0 0 12.30 
4.158 4 -0.0558 -0.0667 0.4314 0.0107 0.077734 0.048534 -4.1800 0 -0.1194 1  520 628 619 598 500 420 392 348  1 1 0 0 0 0 0 12.30 
4.163 4 -0.0558 -0.0566 0.4312 0.0107 0.075143 0.047614 -4.1800 0 -0.0548 1  531 632 639 598 525 424 393 341  1 1 0 0 0 0 0 12.25 
4.168 4 -0.0430 -0.0747 0.4308 0.0107 0.075143 0.047303 -4.0545 1 -0.0674 1  517 629 591 592 516 425 393 329  1 1 0 0 0 0 0 12.30 
4.173 4 -0.0430 -0.0908 0.4306 0.0106 0.072551 0.047469 -3.7632 1 -0.0455 1  517 631 607 595 532 422 393 336  1 1 0 0 0 0 0 12.30 
4.178 4 -0.0426 -0.0438 0.4304 0.0106 0.075143 0.048391 -3.7124 1 -0.0255 1  517 637 607 602 528 425 390 326  1 1 0 0 0 0 0 12.30 
4.183 4 -0.0426 -0.0281 0.4304 0.0106 0.075143 0.049124 -3.9986 1 0.0179 1  524 634 605 595 524 423 391 317  1 1 0 0 0 0 0 12.30 
4.188 4 -0.0349 -0.0221 0.4302 0.0106 0.072551 0.049600 -3.9890 1 -0.0181 1  527 638 605 594 521 421 390 324  1 1 0 0 0 0 0 12.30 
4.193 4 -0.0337 -0.0221 0.4300 0.0106 0.075143 0.049903 -4.0246 1 -0.0254 1  529 638 611 600 528 427 392 326  1 1 0 0 0 0 0 12.30 
4.198 4 -0.0337 -0.0221 0.4300 0.0106 0.075143 0.049904 -3.6865 1 0.0183 1  510 642 606 598 523 422 395 313  1 1 0 0 0 0 0 12.29 
4.203 4 -0.0273 -0.0221 0.4300 0.0106 0.075143 0.049586 -3.6212 1 -0.1148 1  538 638 594 598 510 431 395 359  1 1 0 0 0 0 0 12.30 
4.208 4 -0.0201 -0.0189 0.4300 0.0106 0.075143 0.049048 -3.9673 1 0.0040 1  519 634 619 597 520 422 391 332  1 1 0 0 0 0 0 12.29 
4.213 4 -0.0177 -0.0173 0.4296 0.0106 0.075143 0.048162 -4.1800 0 -0.0612 1  546 632 613 595 511 421 389 340  1 1 0 0 0 0 0 12.30 
4.218 4 -0.0948 -0.0659 0.4292 0.0105 0.075143 0.046914 -3.7426 1 -0.0110 1  524 631 587 593 531 429 389 322  1 1 0 0 0 0 0 12.29 
4.223 4 -0.0896 -0.0964 0.4288 0.0105 0.075143 0.045447 -4.1800 0 -0.0630 1  533 632 601 594 510 421 393 328  1 1 0 0 0 0 0 12.30 
4.228 4 -0.0474 -0.0992 0.4286 0.0105 0.072551 0.045373 -3.9575 1 -0.0344 1  511 627 601 591 522 425 392 323  1 1 0 0 0 0 0 12.29 
4.233 4 -0.0297 -0.0586 0.4284 0.0105 0.069960 0.045890 -3.8293 1 -0.0570 1  521 629 603 595 522 418 393 328  1 1 0 0 0 0 0 12.29 
4.238 4 -0.0217 -0.0558 0.4284 0.0105 0.069960 0.046457 -4.1800 0 -0.1151 1  535 632 603 588 517 417 388 337  1 1 0 0 0 0 0 12.29 
4.243 4 -0.0205 -0.0329 0.4282 0.0105 0.072551 0.047028 -3.8113 1 -0.0077 1  515 630 600 592 521 418 390 322  1 1 0 0 0 0 0 12.30 
4.248 4 -0.0494 -0.0233 0.4280 0.0105 0.075143 0.046799 -4.0835 1 0.0256 1  520 633 604 593 544 415 390 330  1 1 0 0 0 0 0 12.29 
4.253 4 -0.0494 -0.0181 0.4280 0.0105 0.075143 0.046773 -4.0456 1 -0.0928 1  529 631 591 599 511 423 389 320  1 1 0 0 0 0 0 12.28 
4.258 4 -0.0374 -0.0165 0.4278 0.0104 0.072551 0.047085 -3.5174 1 -0.0437 1  520 636 595 595 530 430 390 334  1 1 0 0 0 0 0 12.28 
4.263 4 -0.0253 -0.0960 0.4276 0.0104 0.069960 0.047366 -4.1800 0 0.0568 1  522 632 610 595 529 418 382 325  1 1 0 0 0 0 0 12.32 
4.268 4 -0.0249 -0.0819 0.4272 0.0104 0.069960 0.047141 -4.1800 0 0.0579 1  528 634 610 595 532 421 388 320  1 1 0 0 0 0 0 12.30 
4.273 4 -0.0438 -0.0406 0.4270 0.0104 0.072551 0.048025 -4.0394 1 -0.0597 1  525 631 609 597 520 421 390 323  1 1 0 0 0 0 0 12.32 
4.278 4 -0.0438 -0.0269 0.4270 0.0104 0.072551 0.048289 -4.1800 0 0.0310 1  527 628 603 596 524 428 389 325  1 1 0 0 0 0 0 12.30 
4.283 4 -0.0675 -0.0201 0.4268 0.0104 0.075143 0.048294 -3.7103 1 0.0821 1  519 639 610 591 550 419 386 328  1 1 0 0 0 0 0 12.29 
4.288 4 -0.0414 -0.0161 0.4268 0.0104 0.075143 0.048964 -4.1800 0 -0.0099 1  524 633 605 594 529 422 394 321  1 1 0 0 0 0 0 12.30 
4.293 4 -0.0273 -0.0133 0.4268 0.0104 0.075143 0.049001 -4.1800 0 -0.0347 1  531 631 614 599 516 414 390 327  1 1 0 0 0 0 0 12.31 
4.298 4 -0.0201 -0.0112 0.4268 0.0104 0.075143 0.048819 -3.4354 1 -0.0525 1  527 634 601 592 542 418 392 339  1 1 0 0 0 0 0 12.29 
4.303 4 -0.0161 -0.0108 0.4266 0.0104 0.072551 0.048501 -3.6356 1 0.0818 1  509 628 612 593 525 417 392 313  1 1 0 0 0 0 0 12.30 
4.308 4 -0.0133 -0.0108 0.4266 0.0104 0.072551 0.047799 -4.1800 0 0.1358 1  525 632 610 593 536 414 389 320  1 1 0 0 0 0 0 12.29 
4.313 4 -0.0116 -0.0108 0.4264 0.0103 0.075143 0.046943 -4.1800 0 0.0581 1  508 631 626 590 535 411 391 331  1 1 0 0 0 0 0 12.30 
4.318 4 -0.0116 -0.0265 0.4262 0.0103 0.072551 0.046099 -3.5777 1 -0.1106 1  524 632 603 586 533 427 392 338  1 1 0 0 0 0 0 12.28 
4.323 4 -0.0574 -0.0711 0.4258 0.0103 0.072551 0.046230 -4.1800 0 -0.0412 1  535 629 610 583 527 423 388 326  1 1 0 0 0 0 0 12.29 
4.328 4 -0.0450 -0.0667 0.4256 0.0103 0.069960 0.046548 -3.8819 1 -0.0010 1  515 636 595 588 525 415 385 327  1 1 0 0 0 0 0 12.30 
4.333 4 -0.0289 -0.0586 0.4256 0.0103 0.069960 0.047123 -4.1800 0 0.0009 1  522 624 603 602 519 421 385 319  1 1 0 0 0 0 0 12.31 
4.338 4 -0.0209 -0.0337 0.4256 0.0103 0.069960 0.047643 -4.1800 0 -0.0672 1  530 638 604 593 515 420 392 322  1 1 0 0 0 0 0 12.29 
4.343 4 -0.0165 -0.0237 0.4256 0.0103 0.069960 0.047382 -4.1800 0 -0.0091 1  523 633 608 595 528 416 391 324  1 1 0 0 0 0 0 12.30 
4.348 4 -0.0137 -0.0181 0.4256 0.0103 0.069960 0.047393 -3.9500 1 -0.0049 1  523 635 604 600 519 417 390 323  1 1 0 0 0 0 0 12.30 
4.353 4 -0.0116 -0.0149 0.4256 0.0103 0.069960 0.046923 -4.1800 0 0.0126 1  532 638 599 598 522 417 391 309  1 1 0 0 0 0 0 12.30 
4.358 4 -0.0100 -0.0125 0.4256 0.0103 0.069960 0.046313 -3.4520 1 -0.0945 1  515 636 601 587 527 409 388 334  1 1 0 0 0 0 0 12.30 
