%% logfile from robot 8
%  1    time 3.031 sec
%  2    mission (3) line 3
%  3  4 Motor velocity ref left, right: 0.21 0.26
%  5  6 Motor voltage [V] left, right: 1.3 1.1
%  7  8 Wheel velocity [m/s] left, right: 0.1450 0.1988
%  9 10 11 12 Pose x,y,h,tilt [m,m,rad,rad]: 0.6130 -0.0093 -0.020729 0.042940
% 13 .. 27 Line sensor: left -4.180000 0, right -0.198689 1, values 538 628 569 584 548 439 404 337, white 1, used 1, LEDhigh=0
% 29    Battery voltage [V]: 12.34
3.041 3 0.20 0.25 0.9 1.7 0.1590 0.1623 0.6144 -0.0094 -0.018138 0.042600 -4.1800 0 -0.1805 1  531 611 590 580 533 435 405 341  1 1 012.34 
3.051 3 0.19 0.24 1.0 1.2 0.1450 0.1791 0.6162 -0.0094 -0.015547 0.041818 -4.1800 0 -0.1216 1  535 627 603 576 544 433 407 332  1 1 012.35 
3.061 3 0.20 0.26 0.7 1.8 0.1639 0.1687 0.6176 -0.0094 -0.012956 0.041897 -4.1800 0 -0.1988 1  541 623 584 578 515 436 409 344  1 1 012.34 
3.071 3 0.23 0.26 1.4 1.1 0.1598 0.2056 0.6194 -0.0094 -0.010364 0.042500 -4.1800 0 0.0192 1  541 617 603 577 493 431 414 356  1 1 012.35 
3.081 3 0.20 0.27 0.8 1.4 0.1651 0.2028 0.6212 -0.0095 -0.007773 0.043089 -4.1800 0 -0.2296 1  539 635 606 577 526 432 411 338  1 1 012.34 
3.091 3 0.18 0.26 1.2 1.5 0.1201 0.1815 0.6229 -0.0095 -0.002591 0.042305 -4.1800 0 -0.2083 1  544 635 609 568 486 435 403 324  1 1 012.34 
3.101 3 0.20 0.24 1.3 0.7 0.1317 0.2048 0.6245 -0.0095 -0.002591 0.041883 -4.1800 0 -0.0500 1  543 625 588 577 516 436 411 341  1 1 012.33 
3.111 3 0.19 0.27 0.5 2.0 0.1679 0.1751 0.6263 -0.0095 0.000000 0.042111 -4.1800 0 -0.3503 1  542 643 579 574 519 431 421 324  1 1 012.35 
3.121 3 0.21 0.27 1.7 1.3 0.1221 0.2080 0.6279 -0.0095 0.005182 0.042720 -4.1800 0 -0.0826 1  547 648 558 575 546 429 411 329  1 1 012.35 
3.131 3 0.23 0.27 1.4 1.8 0.1574 0.1839 0.6297 -0.0095 0.007773 0.043505 -4.1800 0 -0.1557 1  540 641 584 576 545 434 405 333  1 1 012.34 
3.141 3 0.19 0.25 1.6 1.0 0.1064 0.1940 0.6315 -0.0094 0.010364 0.042726 -4.1800 0 -0.1960 1  549 634 619 574 500 424 413 343  1 1 012.34 
3.151 3 0.22 0.26 1.1 1.3 0.1623 0.1956 0.6331 -0.0094 0.015547 0.042540 -4.1800 0 -0.1594 1  544 629 576 573 543 429 404 326  1 1 012.34 
3.161 3 0.20 0.25 1.2 1.2 0.1374 0.1900 0.6347 -0.0094 0.015547 0.042172 -4.1800 0 -0.1452 1  535 621 598 570 520 427 408 329  1 1 012.33 
3.171 3 0.21 0.28 0.5 1.5 0.1823 0.2008 0.6365 -0.0094 0.018138 0.042346 -4.1800 0 -0.2584 1  532 617 576 564 491 426 411 352  1 1 012.32 
3.181 3 0.22 0.30 1.1 1.5 0.1663 0.2229 0.6383 -0.0093 0.020729 0.042994 -4.1800 0 -0.3178 1  518 619 594 563 473 426 407 337  1 1 012.33 
3.191 3 0.21 0.27 0.5 1.7 0.1823 0.1868 0.6401 -0.0093 0.023320 0.042898 -4.1800 0 -0.2211 1  526 602 569 548 512 418 416 333  1 1 012.34 
3.201 3 0.18 0.27 0.7 1.6 0.1470 0.1900 0.6417 -0.0092 0.028502 0.042007 -4.1800 0 -0.4244 1  525 598 549 544 497 420 401 335  1 1 012.34 
3.211 3 0.16 0.26 1.0 1.2 0.1133 0.2056 0.6433 -0.0092 0.033685 0.041387 -4.1800 0 -0.4448 1  513 591 544 529 502 413 395 338  1 1 012.34 
3.221 3 0.16 0.29 0.6 1.9 0.1297 0.1928 0.6451 -0.0091 0.036276 0.041409 -4.1800 0 -0.4265 1  524 585 526 523 499 420 403 336  1 1 012.34 
3.231 3 0.16 0.30 1.0 1.7 0.1076 0.2157 0.6465 -0.0091 0.044049 0.041500 -4.1800 0 -0.5186 1  507 579 540 509 469 409 393 333  1 1 012.34 
3.241 3 0.17 0.34 0.6 2.3 0.1434 0.2241 0.6483 -0.0090 0.051822 0.042283 -4.1800 0 -0.5604 1  521 575 512 501 447 419 408 292  1 1 012.33 
3.251 3 0.17 0.34 0.7 2.1 0.1349 0.2362 0.6504 -0.0089 0.057005 0.043216 -4.1800 0 -0.5715 1  508 573 507 498 500 413 397 321  1 1 012.32 
3.261 3 0.14 0.35 0.9 1.9 0.0956 0.2522 0.6520 -0.0088 0.067369 0.043678 -4.1800 0 -0.7093 1  517 568 517 494 490 416 402 323  1 1 012.32 
3.271 3 0.15 0.35 0.7 1.6 0.1181 0.2711 0.6538 -0.0087 0.075143 0.043802 -4.1800 0 -0.6650 1  518 570 504 489 480 418 401 321  1 1 012.32 
3.281 3 0.15 0.37 0.8 2.0 0.1048 0.2695 0.6556 -0.0085 0.082916 0.043868 -4.1800 0 -1.1491 1  512 569 474 484 484 414 401 320  1 1 012.34 
3.291 3 0.14 0.37 1.4 2.3 0.0675 0.2538 0.6574 -0.0083 0.095872 0.043688 -4.1800 0 -0.8547 1  523 573 498 481 483 411 404 316  1 1 012.34 
3.301 3 0.15 0.38 0.3 1.8 0.1394 0.2908 0.6594 -0.0081 0.106236 0.043535 -4.1800 0 -0.7577 1  515 564 505 478 474 412 393 331  1 1 012.33 
3.311 3 0.16 0.38 1.0 2.1 0.1076 0.2807 0.6612 -0.0079 0.119192 0.043660 -4.1800 0 -0.7473 1  512 565 506 476 415 408 392 349  1 1 012.34 
3.321 3 0.14 0.37 1.1 1.6 0.0892 0.2908 0.6631 -0.0077 0.129556 0.042795 -4.1800 0 -0.7174 1  512 556 504 477 468 407 398 334  1 1 012.34 
3.331 3 0.14 0.38 1.4 1.5 0.0751 0.3040 0.6651 -0.0074 0.145103 0.041562 -4.1800 0 -0.9025 1  513 563 483 468 456 403 400 335  1 1 012.34 
3.341 3 0.13 0.38 0.7 2.1 0.0900 0.2767 0.6669 -0.0071 0.158059 0.040983 -4.1800 0 -1.0796 1  513 565 482 468 466 407 393 319  1 1 012.34 
3.351 3 0.13 0.37 1.0 1.2 0.0743 0.3064 0.6687 -0.0068 0.171014 0.040080 -4.1800 0 -0.7215 1  503 564 513 465 462 404 389 315  1 1 012.35 
3.361 3 0.13 0.38 0.9 1.6 0.0827 0.2952 0.6705 -0.0065 0.183970 0.039976 -4.1800 0 -0.8251 1  507 561 499 462 452 393 395 325  1 1 012.34 
3.371 3 0.12 0.36 0.6 1.3 0.0863 0.2928 0.6723 -0.0062 0.196926 0.039299 -4.1800 0 -0.8148 1  514 563 497 464 446 397 392 320  1 1 012.34 
3.381 3 0.13 0.37 1.4 1.9 0.0582 0.2731 0.6740 -0.0058 0.209881 0.038744 -4.1800 0 -0.8506 1  501 561 504 466 423 393 387 324  1 1 012.34 
3.391 3 0.16 0.38 1.1 1.9 0.1060 0.2827 0.6760 -0.0054 0.225428 0.039152 -4.1800 0 -0.7175 1  505 574 515 474 428 390 387 314  1 1 012.34 
3.401 3 0.17 0.39 1.1 1.8 0.1137 0.2952 0.6779 -0.0049 0.235793 0.040009 -4.1800 0 -0.7602 1  494 570 503 471 402 390 385 337  1 1 012.33 
3.411 3 0.12 0.36 0.7 1.2 0.0876 0.2972 0.6797 -0.0045 0.248748 0.039196 -4.1800 0 -0.8184 1  506 571 501 471 445 388 384 309  1 1 012.33 
3.421 3 0.13 0.35 1.6 1.3 0.0466 0.2888 0.6813 -0.0041 0.264295 0.038395 -4.1800 0 -0.7152 1  503 570 506 475 443 388 375 315  1 1 012.34 
3.431 3 0.14 0.37 0.6 2.2 0.1141 0.2607 0.6832 -0.0035 0.274660 0.038408 -4.1800 0 -0.7237 1  514 578 515 475 419 382 379 324  1 1 012.34 
3.441 3 0.16 0.37 1.5 1.8 0.0872 0.2807 0.6849 -0.0030 0.287615 0.038714 -4.1800 0 -0.7049 1  514 592 533 475 436 379 385 318  1 1 012.32 
3.451 3 0.16 0.35 1.2 0.9 0.1064 0.3064 0.6868 -0.0025 0.297980 0.039327 -4.1800 0 -0.6294 1  511 590 530 482 402 376 376 322  1 1 012.32 
3.461 3 0.14 0.32 1.2 1.4 0.0767 0.2538 0.6886 -0.0019 0.310935 0.038193 -4.1800 0 -0.5652 1  505 577 525 486 451 369 377 313  1 1 012.33 
3.471 3 0.15 0.33 0.5 1.2 0.1273 0.2747 0.6903 -0.0014 0.318709 0.037979 -4.1800 0 -0.5814 1  503 590 535 490 452 366 355 312  1 1 012.34 
3.481 3 0.18 0.35 1.4 1.4 0.1121 0.2827 0.6922 -0.0007 0.329073 0.038773 -4.1800 0 -0.5975 1  503 591 520 496 447 375 373 320  1 1 012.34 
3.491 3 0.18 0.32 1.3 1.3 0.1112 0.2538 0.6939 -0.0001 0.336847 0.039109 -4.1800 0 -0.4553 1  509 595 536 503 442 371 364 336  1 1 012.34 
3.501 3 0.16 0.31 0.9 1.1 0.1161 0.2522 0.6956 0.0005 0.349802 0.038404 -4.1800 0 -0.4876 1  518 599 530 510 460 366 365 311  1 1 012.33 
3.511 3 0.17 0.30 1.3 0.8 0.1004 0.2554 0.6973 0.0011 0.357576 0.038055 -4.1800 0 -0.4551 1  507 601 549 518 429 373 358 304  1 1 012.33 
3.521 3 0.19 0.31 1.1 1.3 0.1289 0.2446 0.6990 0.0017 0.365349 0.038245 -4.1800 0 -0.4152 1  520 600 538 515 459 367 363 315  1 1 012.33 
3.531 3 0.19 0.29 1.6 1.1 0.1133 0.2374 0.7007 0.0024 0.373123 0.038358 -4.1800 0 -0.3318 1  510 599 555 524 450 368 349 297  1 1 012.33 
3.541 5 0.25 0.30 1.6 1.4 0.1707 0.2345 0.7024 0.0031 0.375714 0.039333 -4.1800 0 -0.3748 1  510 594 579 527 471 374 351 315  1 1 012.34 
3.551 5 0.27 0.26 2.3 1.2 0.1574 0.2048 0.7042 0.0038 0.380896 0.039537 -4.1800 0 -0.2666 1  513 608 562 537 465 374 356 295  1 1 012.34 
3.561 5 0.28 0.25 1.9 1.0 0.1799 0.2028 0.7059 0.0045 0.383487 0.038427 -4.1800 0 -0.1262 1  508 604 553 541 465 369 327 296  1 1 012.34 
3.571 5 0.29 0.27 1.4 1.4 0.2229 0.2048 0.7078 0.0052 0.383487 0.036660 -4.1800 0 -0.1912 1  508 612 584 534 450 370 353 297  1 1 012.33 
3.581 5 0.33 0.31 2.5 1.8 0.2100 0.2169 0.7098 0.0061 0.386078 0.034814 -4.1800 0 -0.1826 1  505 600 551 529 467 367 342 296  1 1 012.34 
3.591 5 0.38 0.35 2.7 1.9 0.2462 0.2574 0.7120 0.0070 0.386078 0.033864 -4.1800 0 -0.2419 1  504 604 571 526 477 362 340 303  1 1 012.33 
3.601 5 0.38 0.35 3.0 2.0 0.2345 0.2522 0.7145 0.0080 0.388669 0.030572 -4.1800 0 -0.2677 1  515 601 551 524 465 356 343 278  1 1 012.33 
3.611 5 0.36 0.34 1.0 1.7 0.3113 0.2494 0.7169 0.0089 0.386078 0.023443 -4.1800 0 -0.3684 1  502 599 551 513 429 360 342 289  1 1 012.33 
3.621 5 0.36 0.34 1.7 1.5 0.2767 0.2675 0.7195 0.0100 0.380896 0.016708 -4.1800 0 -0.2522 1  501 585 545 503 455 350 339 282  1 1 012.34 
3.631 5 0.36 0.35 1.7 1.9 0.2711 0.2510 0.7219 0.0110 0.378305 0.010571 -4.1800 0 -0.3132 1  491 590 542 495 399 337 322 286  1 1 012.34 
3.641 5 0.34 0.32 2.0 1.5 0.2374 0.2494 0.7243 0.0119 0.380896 0.002786 -4.1800 0 -0.2819 1  496 574 511 487 432 340 318 248  1 1 012.34 
3.651 5 0.32 0.31 0.8 1.3 0.2848 0.2494 0.7268 0.0129 0.378305 -0.004482 -4.1800 0 -0.2697 1  480 564 518 482 433 338 316 247  1 1 012.34 
3.661 5 0.31 0.30 0.7 1.2 0.2747 0.2418 0.7290 0.0138 0.378305 -0.011118 -4.1800 0 -0.1523 1  464 555 518 472 425 330 305 242  1 1 012.33 
3.671 5 0.29 0.28 0.8 0.6 0.2478 0.2478 0.7312 0.0147 0.378305 -0.017235 -4.1800 0 -0.2982 1  465 547 498 465 389 323 304 247  1 1 012.33 
3.681 5 0.26 0.25 1.2 0.8 0.2056 0.2125 0.7335 0.0156 0.378305 -0.022831 -4.1800 0 -0.2974 1  458 549 481 458 388 321 312 243  1 1 012.33 
3.691 5 0.27 0.26 1.4 0.8 0.1948 0.2169 0.7353 0.0163 0.378305 -0.027275 -4.1800 0 -0.3524 1  452 533 469 445 380 314 299 232  1 1 012.33 
3.701 5 0.26 0.25 1.2 1.2 0.2016 0.1912 0.7372 0.0170 0.378305 -0.030169 -4.1800 0 -0.3575 1  445 508 476 436 372 315 293 236  1 1 012.33 
3.711 5 0.27 0.26 1.4 0.8 0.1948 0.2193 0.7393 0.0179 0.375714 -0.031987 -4.1800 0 -0.1407 1  445 490 438 429 379 314 267 222  1 1 012.34 
3.721 5 0.26 0.26 1.0 1.1 0.2145 0.2036 0.7411 0.0186 0.375714 -0.033402 -4.1800 0 -0.3909 1  436 493 456 413 386 309 293 223  1 1 012.30 
3.731 5 0.26 0.25 0.7 1.1 0.2217 0.1976 0.7430 0.0193 0.375714 -0.034496 -4.1800 0 -0.4106 1  426 483 432 404 352 307 296 237  1 1 012.33 
3.741 5 0.23 0.22 0.7 0.5 0.1928 0.1968 0.7445 0.0199 0.375714 -0.036063 -4.1800 0 -0.4963 1  418 476 422 391 351 311 292 229  1 1 012.33 
3.751 5 0.20 0.19 0.2 0.9 0.1892 0.1502 0.7460 0.0205 0.375714 -0.037604 -4.1800 0 -0.5415 1  424 461 433 384 323 307 290 248  1 1 012.33 
3.761 5 0.17 0.17 0.3 0.4 0.1538 0.1458 0.7475 0.0211 0.375714 -0.039216 -4.1800 0 -0.6721 1  417 454 403 371 347 307 291 230  1 1 012.33 
3.771 5 0.15 0.15 0.7 0.5 0.1145 0.1185 0.7486 0.0215 0.375714 -0.040558 -4.1800 0 -0.7223 1  408 447 388 364 335 306 293 227  1 1 012.33 
3.781 5 0.20 0.20 0.6 1.5 0.1643 0.1225 0.7499 0.0220 0.373123 -0.038719 -4.1800 0 -0.7329 1  405 444 404 355 307 312 290 258  1 1 012.34 
3.791 5 0.21 0.20 1.6 0.7 0.1269 0.1643 0.7512 0.0226 0.375714 -0.036309 -4.1800 0 -0.8228 1  395 433 383 356 334 306 286 233  1 1 012.34 
3.801 5 0.22 0.22 0.6 1.8 0.1876 0.1293 0.7525 0.0231 0.373123 -0.033652 -4.1800 0 -0.6877 1  413 436 406 348 368 303 296 237  1 1 012.35 
3.811 5 0.20 0.20 1.2 1.0 0.1450 0.1530 0.7540 0.0237 0.373123 -0.031328 -4.1800 0 -0.9197 1  410 425 382 339 352 316 286 255  1 1 012.34 
3.821 5 0.13 0.13 0.7 1.0 0.0988 0.0815 0.7551 0.0241 0.373123 -0.032323 -4.1800 0 -0.9209 1  389 425 378 339 333 312 294 243  1 1 012.33 
3.831 5 0.10 0.10 0.3 0.7 0.0811 0.0663 0.7557 0.0243 0.370531 -0.033706 -4.1800 0 -0.9729 1  393 409 365 329 331 307 291 229  1 1 012.34 
3.841 5 0.11 0.11 1.0 0.8 0.0614 0.0683 0.7563 0.0245 0.373123 -0.034453 -4.1800 0 -1.0167 1  385 408 357 328 324 308 295 226  1 1 012.33 
3.851 5 0.17 0.18 0.0 1.0 0.1715 0.1265 0.7576 0.0251 0.370531 -0.030089 -4.1800 0 -1.0993 1  387 417 369 333 328 315 297 237  1 1 012.34 
3.861 5 0.20 0.20 1.3 1.5 0.1305 0.1257 0.7587 0.0255 0.370531 -0.025965 -4.1800 0 -0.8941 1  393 410 378 324 367 313 306 235  1 1 012.34 
3.871 5 0.16 0.17 1.0 0.8 0.1080 0.1261 0.7598 0.0259 0.370531 -0.023295 -4.1800 0 -1.1039 1  387 434 351 321 336 311 287 245  1 1 012.34 
3.881 5 0.10 0.11 0.3 0.9 0.0876 0.0614 0.7606 0.0262 0.370531 -0.024472 -4.1800 0 -1.1352 1  387 404 365 324 318 305 296 255  1 1 012.33 
3.891 5 0.06 0.07 0.2 0.8 0.0514 0.0329 0.7608 0.0263 0.367940 -0.025698 -4.1800 0 -1.1726 1  368 399 336 320 325 308 294 238  1 1 012.33 
3.901 5 0.08 0.09 0.7 1.2 0.0406 0.0285 0.7611 0.0264 0.367940 -0.026098 -4.1800 0 -1.2409 1  364 393 340 313 312 309 300 246  1 1 012.33 
3.911 5 0.17 0.17 1.5 0.5 0.0900 0.1458 0.7621 0.0268 0.370531 -0.020878 -4.1800 0 -1.2981 1  372 386 336 315 333 306 292 241  1 1 012.33 
3.921 5 0.21 0.22 1.1 2.0 0.1586 0.1257 0.7634 0.0273 0.367940 -0.015754 -4.1800 0 -1.0472 1  385 393 351 320 341 312 311 252  1 1 012.35 
3.931 5 0.08 0.08 0.5 0.2 0.0546 0.0735 0.7639 0.0275 0.370531 -0.016093 -4.1800 0 -1.2504 1  377 387 329 319 333 317 302 238  1 1 012.33 
3.941 5 0.04 0.05 0.3 0.5 0.0273 0.0285 0.7641 0.0276 0.367940 -0.017819 -4.1800 0 -1.3186 1  365 376 328 316 331 312 294 242  1 1 012.33 
3.951 5 0.06 0.07 0.4 1.1 0.0374 0.0165 0.7643 0.0277 0.365349 -0.018900 -4.1800 0 -1.3514 1  361 374 337 312 342 316 296 252  1 1 012.33 
3.961 5 0.13 0.14 1.4 0.2 0.0659 0.1289 0.7651 0.0280 0.370531 -0.015394 -4.1800 0 -1.4115 1  366 378 324 316 340 315 304 242  1 1 012.33 
3.971 5 0.17 0.18 1.1 1.4 0.1177 0.1076 0.7662 0.0284 0.370531 -0.011731 -4.1800 0 -1.3979 1  371 384 314 315 369 321 303 238  1 1 012.34 
3.981 5 0.11 0.11 0.6 0.8 0.0771 0.0703 0.7669 0.0287 0.370531 -0.009696 -4.1800 0 -1.4403 1  363 379 309 315 364 318 303 241  1 1 012.32 
3.991 5 0.08 0.08 1.0 0.8 0.0261 0.0365 0.7671 0.0288 0.373123 -0.011445 -4.1800 0 -1.3150 1  360 380 324 313 334 313 302 241  1 1 012.33 
4.001 5 0.04 0.04 0.5 0.1 0.0157 0.0365 0.7671 0.0288 0.373123 -0.013205 -4.1800 0 -1.3104 1  357 370 324 311 334 312 305 240  1 1 012.33 
4.011 5 0.07 0.08 1.2 1.2 0.0137 0.0197 0.7673 0.0288 0.370531 -0.013195 -4.1800 0 -1.4672 1  360 373 315 316 333 310 300 240  1 1 012.33 
4.021 5 0.11 0.11 0.9 0.2 0.0614 0.0992 0.7681 0.0291 0.370531 -0.009879 -4.1800 0 -1.4339 1  356 370 316 311 338 316 309 244  1 1 012.33 
4.031 5 0.15 0.15 0.9 0.8 0.1008 0.1084 0.7690 0.0295 0.373123 -0.006413 -4.1800 0 -1.4689 1  363 376 319 315 334 321 309 242  1 1 012.33 
4.041 5 0.06 0.06 0.1 0.3 0.0534 0.0414 0.7694 0.0296 0.373123 -0.006093 -4.1800 0 -1.4943 1  362 370 317 312 330 316 306 246  1 1 012.33 
4.051 5 0.05 0.05 0.6 0.4 0.0229 0.0321 0.7694 0.0296 0.373123 -0.007713 -4.1800 0 -1.4732 1  348 364 314 319 329 320 306 244  1 1 012.34 
4.061 5 0.03 0.03 0.2 0.2 0.0145 0.0177 0.7694 0.0296 0.373123 -0.009515 -4.1800 0 -1.5423 1  355 357 311 306 331 314 297 252  1 1 012.30 
4.071 5 0.04 0.04 0.5 0.6 0.0116 0.0120 0.7696 0.0297 0.370531 -0.009857 -4.1800 0 -1.5489 1  357 359 314 314 325 314 307 239  1 1 012.33 
4.081 5 0.05 0.06 0.3 1.0 0.0365 0.0092 0.7697 0.0298 0.367940 -0.007509 -4.1800 0 -1.5190 1  352 364 329 317 320 312 308 234  1 1 012.33 
4.091 5 0.06 0.07 0.6 1.1 0.0313 0.0092 0.7699 0.0298 0.370531 -0.004848 -4.1800 0 -1.5804 1  355 368 303 322 351 316 306 244  1 1 012.33 
4.101 5 0.08 0.08 1.1 0.4 0.0205 0.0586 0.7705 0.0301 0.373123 -0.002439 -4.1800 0 -1.5389 1  352 366 310 315 331 314 310 250  1 1 012.33 
4.111 5 0.07 0.08 0.8 0.9 0.0333 0.0325 0.7707 0.0301 0.370531 -0.000682 -4.1800 0 -1.5667 1  365 371 313 317 338 317 308 247  1 1 012.33 
4.121 5 0.03 0.04 0.0 0.4 0.0333 0.0177 0.7707 0.0301 0.370531 -0.001020 -4.1800 0 -1.4779 1  356 366 314 317 339 320 305 247  1 1 012.33 
4.131 5 0.03 0.03 0.9 0.3 -0.0209 0.0120 0.7705 0.0301 0.373123 -0.001168 -4.1800 0 -1.5019 1  355 359 310 312 331 320 318 241  1 1 012.33 
4.141 5 0.02 0.02 0.8 0.2 -0.0209 0.0092 0.7705 0.0301 0.373123 -0.001024 -4.1800 0 -1.4548 1  350 365 310 316 337 320 308 242  1 1 012.34 
4.151 5 0.02 0.03 -0.2 0.4 0.0321 0.0076 0.7707 0.0301 0.370531 -0.000672 -4.1800 0 -1.4705 1  346 361 310 318 333 317 306 250  1 1 012.33 
4.161 5 0.02 0.03 0.0 0.4 0.0201 0.0064 0.7707 0.0301 0.370531 -0.000025 -4.1800 0 -1.4961 1  357 365 314 318 334 324 312 242  1 1 012.33 
4.171 5 0.01 0.01 0.6 0.2 -0.0141 0.0052 0.7705 0.0301 0.373123 0.000656 -4.1800 0 -1.5004 1  353 368 307 314 340 316 314 247  1 1 012.33 
4.181 5 -0.01 -0.01 0.1 -0.3 -0.0141 0.0048 0.7705 0.0301 0.373123 0.000829 -4.1800 0 -1.5851 1  357 363 315 316 335 320 312 248  1 1 012.33 
4.191 5 -0.03 -0.03 -0.4 -0.7 -0.0141 0.0040 0.7705 0.0301 0.373123 0.000388 -4.1800 0 -1.4900 1  350 366 313 317 339 327 306 247  1 1 012.33 
4.201 5 -0.05 -0.05 -0.8 -1.1 -0.0125 0.0036 0.7705 0.0301 0.373123 -0.000201 -4.1800 0 -1.5426 1  354 361 315 311 337 317 309 248  1 1 012.33 
4.211 5 -0.07 -0.07 -1.2 -1.4 -0.0096 0.0032 0.7705 0.0301 0.373123 -0.000687 -4.1800 0 -1.6641 1  356 360 311 314 345 316 330 240  1 1 012.33 
4.221 5 -0.11 -0.10 -2.0 -0.3 -0.0076 -0.0843 0.7701 0.0299 0.367940 -0.001491 -4.1800 0 -1.5990 1  359 362 308 315 359 318 310 246  1 1 012.32 
4.231 5 -0.07 -0.06 -1.3 0.3 -0.0072 -0.0755 0.7697 0.0298 0.367940 -0.001156 -4.1800 0 -1.5771 1  361 363 317 312 329 317 304 247  1 1 012.32 
4.241 5 -0.07 -0.06 -1.3 -0.7 -0.0072 -0.0261 0.7697 0.0298 0.367940 0.001704 -4.1800 0 -1.5860 1  357 366 318 315 337 324 311 249  1 1 012.34 
4.251 5 -0.09 -0.09 -1.5 -1.5 -0.0209 -0.0157 0.7696 0.0297 0.370531 0.003323 -4.1800 0 -1.6709 1  366 368 318 318 342 322 314 251  1 1 012.34 
4.261 5 -0.14 -0.13 -2.3 -2.3 -0.0209 -0.0120 0.7694 0.0296 0.367940 0.003236 -4.1800 0 -1.5710 1  362 371 311 319 362 325 280 242  1 1 012.31 
4.271 5 -0.19 -0.18 -1.7 -1.9 -0.1012 -0.0835 0.7684 0.0293 0.370531 0.001689 -4.1800 0 -1.3670 1  360 385 318 318 347 320 303 247  1 1 012.32 
4.281 5 -0.11 -0.11 -1.1 -1.5 -0.0546 -0.0321 0.7681 0.0291 0.370531 0.004932 -4.1800 0 -1.2570 1  367 379 340 315 320 321 303 254  1 1 012.33 
4.291 5 -0.12 -0.10 -1.8 -1.1 -0.0229 -0.0498 0.7679 0.0290 0.367940 0.008218 -4.1800 0 -1.4610 1  380 384 326 323 359 327 314 242  1 1 012.33 
4.301 5 -0.13 -0.13 -0.2 -1.7 -0.1205 -0.0434 0.7671 0.0288 0.373123 0.010413 -4.1800 0 -1.3830 1  375 387 337 330 359 329 322 254  1 1 012.33 
4.311 5 -0.14 -0.13 -1.8 -0.5 -0.0530 -0.1064 0.7664 0.0285 0.367940 0.012108 -4.1800 0 -1.2529 1  389 390 314 330 363 326 316 250  1 1 012.32 
4.321 5 -0.12 -0.12 -0.9 -0.9 -0.0791 -0.0759 0.7658 0.0282 0.370531 0.014772 -4.1800 0 -1.4790 1  389 397 341 331 343 326 323 256  1 1 012.33 
4.331 5 -0.13 -0.13 -1.1 -2.2 -0.0755 -0.0261 0.7654 0.0281 0.375714 0.017174 -4.1800 0 -1.3960 1  385 389 341 339 362 333 307 249  1 1 012.32 
4.341 5 -0.16 -0.16 -2.5 -1.1 -0.0353 -0.1032 0.7651 0.0280 0.370531 0.019198 -4.1800 0 -1.5216 1  393 402 341 339 360 334 321 256  1 1 012.32 
4.351 5 -0.19 -0.19 -0.8 -2.5 -0.1454 -0.0627 0.7641 0.0276 0.373123 0.019661 -4.1800 0 -1.4854 1  399 419 346 339 364 335 316 260  1 1 012.34 
4.361 5 -0.12 -0.11 -1.3 -0.9 -0.0518 -0.0635 0.7636 0.0274 0.370531 0.022181 -4.1800 0 -1.3162 1  401 417 356 344 354 336 325 257  1 1 012.33 
4.371 5 -0.10 -0.09 -1.6 -0.8 -0.0225 -0.0462 0.7632 0.0272 0.365349 0.025512 -4.1800 0 -1.4135 1  413 425 352 347 372 337 330 257  1 1 012.32 
4.381 5 -0.12 -0.11 -0.8 -1.4 -0.0775 -0.0398 0.7628 0.0271 0.370531 0.027393 -4.1800 0 -1.3948 1  417 432 362 348 366 339 344 256  1 1 012.34 
4.391 5 -0.15 -0.14 -1.2 -1.3 -0.0855 -0.0735 0.7621 0.0268 0.370531 0.027926 -4.1800 0 -1.3239 1  419 441 363 353 359 344 305 263  1 1 012.32 
4.401 5 -0.20 -0.19 -2.2 -1.4 -0.0843 -0.1217 0.7613 0.0265 0.370531 0.026924 -4.1800 0 -1.1269 1  417 439 350 347 386 346 344 261  1 1 012.33 
4.411 5 -0.13 -0.12 -1.0 -0.9 -0.0747 -0.0767 0.7606 0.0262 0.370531 0.027828 -4.1800 0 -1.3836 1  421 436 378 358 371 344 333 260  1 1 012.33 
4.421 5 -0.10 -0.09 -1.6 -0.7 -0.0261 -0.0574 0.7604 0.0261 0.367940 0.031302 -4.1800 0 -1.2917 1  428 446 377 360 378 350 334 265  1 1 012.32 
4.431 5 -0.09 -0.08 -1.5 -1.1 -0.0197 -0.0301 0.7600 0.0260 0.367940 0.033545 -4.1800 0 -1.1723 1  431 456 391 364 366 348 337 268  1 1 012.33 
4.441 5 -0.11 -0.11 -0.7 -1.6 -0.0739 -0.0301 0.7596 0.0258 0.373123 0.034129 -4.1800 0 -1.2809 1  440 459 399 370 381 351 354 272  1 1 012.33 
4.451 5 -0.15 -0.14 -1.8 -1.2 -0.0578 -0.0807 0.7591 0.0256 0.370531 0.033309 -4.1800 0 -1.1092 1  431 460 407 368 362 353 333 267  1 1 012.33 
4.461 5 -0.20 -0.20 -1.2 -2.3 -0.1422 -0.0851 0.7580 0.0252 0.370531 0.031095 -4.1800 0 -1.2238 1  436 454 391 366 382 350 304 269  1 1 012.31 
4.471 5 -0.16 -0.15 -1.4 -1.0 -0.0863 -0.0996 0.7572 0.0249 0.370531 0.029499 -4.1800 0 -1.2924 1  439 459 408 367 367 350 332 265  1 1 012.33 
4.481 5 -0.09 -0.09 -0.7 -1.2 -0.0534 -0.0305 0.7570 0.0248 0.373123 0.033999 -4.1800 0 -1.0384 1  448 469 409 380 370 352 342 267  1 1 012.33 
4.491 5 -0.08 -0.08 -1.1 -1.1 -0.0253 -0.0181 0.7568 0.0248 0.370531 0.037153 -4.1800 0 -1.0676 1  449 481 417 383 381 357 345 268  1 1 012.34 
4.501 5 -0.17 -0.17 -1.3 -2.5 -0.1076 -0.0454 0.7563 0.0245 0.373123 0.035576 -4.1800 0 -1.0928 1  454 472 401 378 378 352 317 266  1 1 012.32 
4.511 5 -0.23 -0.23 -2.2 -1.4 -0.1217 -0.1526 0.7550 0.0240 0.370531 0.032276 -4.1800 0 -0.9670 1  450 477 388 377 386 352 329 259  1 1 012.33 
4.521 5 -0.13 -0.12 -1.2 -0.9 -0.0667 -0.0719 0.7544 0.0238 0.367940 0.032945 -4.1800 0 -0.9770 1  451 480 433 385 362 353 320 263  1 1 012.33 
4.531 5 -0.09 -0.09 -1.1 -1.1 -0.0349 -0.0333 0.7542 0.0237 0.370531 0.036672 -4.1800 0 -0.9435 1  457 489 433 392 381 356 334 268  1 1 012.33 
4.541 5 -0.09 -0.08 -1.2 -1.1 -0.0273 -0.0225 0.7540 0.0237 0.367940 0.039035 -4.1800 0 -0.8747 1  466 499 439 399 379 360 344 270  1 1 012.33 
4.551 5 -0.15 -0.15 -1.9 -2.3 -0.0562 -0.0341 0.7535 0.0234 0.370531 0.038454 -4.1800 0 -0.9641 1  468 519 424 403 383 359 365 265  1 1 012.31 
4.561 5 -0.22 -0.22 -1.2 -1.4 -0.1598 -0.1458 0.7523 0.0230 0.370531 0.035528 -4.1800 0 -0.9259 1  464 497 457 394 371 349 329 270  1 1 012.33 
4.571 5 -0.18 -0.17 -1.8 -1.2 -0.0908 -0.1108 0.7514 0.0226 0.367940 0.033174 -4.1800 0 -0.9799 1  461 491 431 396 353 356 329 275  1 1 012.33 
4.581 5 -0.10 -0.09 -0.8 -1.2 -0.0558 -0.0321 0.7512 0.0226 0.370531 0.037013 -4.1800 0 -0.7307 1  465 503 459 406 372 363 320 282  1 1 012.34 
4.591 5 -0.08 -0.07 -1.2 -0.9 -0.0233 -0.0277 0.7510 0.0225 0.367940 0.040235 -4.1800 0 -0.8447 1  473 516 445 416 382 357 340 270  1 1 012.32 
4.601 5 -0.15 -0.14 -2.7 -2.4 -0.0181 -0.0229 0.7507 0.0224 0.367940 0.040456 -4.1800 0 -0.8048 1  473 513 448 422 384 355 343 263  1 1 012.31 
4.611 5 -0.24 -0.24 -1.2 -1.0 -0.1799 -0.1839 0.7493 0.0219 0.370531 0.036220 -4.1800 0 -0.7675 1  469 513 440 412 373 359 346 269  1 1 012.32 
4.621 5 -0.16 -0.15 -1.3 -1.5 -0.0948 -0.0759 0.7484 0.0215 0.367940 0.034169 -4.1800 0 -0.7675 1  467 518 441 416 416 356 324 271  1 1 012.29 
4.631 5 -0.10 -0.10 -1.0 -1.3 -0.0542 -0.0353 0.7482 0.0214 0.370531 0.039187 -4.1800 0 -0.7218 1  473 524 487 422 375 358 319 272  1 1 012.34 
4.641 5 -0.08 -0.07 -1.1 -0.8 -0.0229 -0.0241 0.7480 0.0213 0.367940 0.043211 -4.1800 0 -0.7310 1  486 530 468 430 395 359 343 276  1 1 012.33 
4.651 5 -0.16 -0.15 -2.9 -2.2 -0.0169 -0.0382 0.7477 0.0212 0.367940 0.042215 -4.1800 0 -0.7846 1  482 549 460 431 383 360 362 276  1 1 012.32 
4.661 5 -0.23 -0.22 -1.3 -1.6 -0.1659 -0.1434 0.7462 0.0206 0.367940 0.038943 -4.1800 0 -0.6977 1  480 530 464 430 394 361 341 281  1 1 012.33 
4.671 5 -0.15 -0.13 -1.6 -0.9 -0.0663 -0.0920 0.7454 0.0203 0.367940 0.038027 -4.1800 0 -0.6684 1  486 532 464 437 409 359 341 270  1 1 012.32 
4.681 5 -0.09 -0.09 -1.2 -1.2 -0.0325 -0.0277 0.7452 0.0203 0.370531 0.041788 -4.1800 0 -0.5792 1  491 545 493 447 392 370 324 285  1 1 012.34 
4.691 5 -0.08 -0.07 -1.0 -1.1 -0.0325 -0.0205 0.7450 0.0202 0.367940 0.044193 -4.1800 0 -0.5127 1  493 557 491 458 398 362 343 272  1 1 012.33 
4.701 5 -0.16 -0.15 -2.8 -2.4 -0.0209 -0.0337 0.7447 0.0200 0.367940 0.043078 -4.1800 0 -0.5210 1  496 556 484 454 402 365 337 274  1 1 012.30 
4.711 5 -0.25 -0.24 -1.3 -1.9 -0.1783 -0.1458 0.7433 0.0195 0.370531 0.039297 -4.1800 0 -0.6044 1  487 553 477 451 403 360 327 277  1 1 012.33 
4.721 5 -0.15 -0.14 -1.6 -0.5 -0.0727 -0.1173 0.7424 0.0192 0.367940 0.037701 -4.1800 0 -0.5975 1  492 553 482 455 411 356 339 272  1 1 012.32 
4.731 5 -0.10 -0.09 -1.3 -1.1 -0.0325 -0.0297 0.7424 0.0192 0.367940 0.042009 -4.1800 0 -0.4822 1  503 562 477 468 391 362 340 270  1 1 012.33 
4.741 5 -0.09 -0.08 -1.5 -1.3 -0.0177 -0.0169 0.7424 0.0192 0.367940 0.045146 -4.1800 0 -0.4935 1  507 565 524 474 407 366 345 279  1 1 012.33 
4.751 5 -0.18 -0.18 -1.0 -2.1 -0.1349 -0.0735 0.7415 0.0188 0.370531 0.042751 -4.1800 0 -0.5379 1  506 579 505 476 421 365 322 268  1 1 012.30 
4.761 5 -0.24 -0.23 -2.7 -2.2 -0.1076 -0.1237 0.7402 0.0183 0.367940 0.039209 -4.1800 0 -0.4322 1  503 557 503 470 434 356 340 273  1 1 012.31 
4.771 5 -0.13 -0.12 -1.2 -1.2 -0.0675 -0.0554 0.7398 0.0182 0.367940 0.040645 -4.1800 0 -0.4447 1  512 570 525 476 402 361 325 276  1 1 012.34 
4.781 5 -0.09 -0.07 -1.3 -0.4 -0.0249 -0.0466 0.7394 0.0180 0.362758 0.045017 -4.1800 0 -0.4475 1  514 575 524 485 417 364 343 278  1 1 012.33 
4.791 5 -0.09 -0.07 -1.4 -0.7 -0.0181 -0.0357 0.7392 0.0179 0.365349 0.047541 -4.1800 0 -0.4039 1  515 588 527 495 424 365 342 271  1 1 012.33 
4.801 5 -0.14 -0.13 -0.9 -2.2 -0.0988 -0.0201 0.7387 0.0177 0.367940 0.046336 -4.1800 0 -0.4537 1  519 594 519 490 442 365 340 275  1 1 012.32 
4.811 5 -0.22 -0.20 -2.6 -0.9 -0.0880 -0.1566 0.7377 0.0174 0.365349 0.042907 -4.1800 0 -0.4957 1  515 585 516 487 421 364 339 276  1 1 012.32 
4.821 5 -0.17 -0.16 -1.2 -1.7 -0.1104 -0.0763 0.7368 0.0170 0.367940 0.040314 -4.1800 0 -0.4492 1  517 597 519 489 412 360 340 273  1 1 012.32 
4.831 5 -0.10 -0.08 -1.3 -0.7 -0.0329 -0.0482 0.7366 0.0169 0.365349 0.044414 -4.1800 0 -0.4121 1  514 593 529 498 425 363 346 271  1 1 012.32 
4.841 5 -0.08 -0.06 -1.3 -0.5 -0.0181 -0.0365 0.7364 0.0169 0.362758 0.047175 -4.1800 0 -0.4482 1  526 601 537 504 424 365 340 280  1 1 012.34 
4.851 5 -0.13 -0.11 -2.2 -1.7 -0.0153 -0.0249 0.7362 0.0168 0.365349 0.047337 -4.1800 0 -0.3866 1  529 606 521 503 427 368 342 279  1 1 012.33 
4.861 5 -0.19 -0.18 -1.5 -1.5 -0.1125 -0.1048 0.7353 0.0164 0.367940 0.044302 -4.1800 0 -0.4542 1  525 603 537 501 427 359 350 277  1 1 012.32 
4.871 5 -0.19 -0.18 -2.2 -1.1 -0.0807 -0.1217 0.7344 0.0161 0.365349 0.041086 -4.1800 0 -0.3490 1  519 587 525 498 435 356 336 271  1 1 012.32 
4.881 5 -0.09 -0.08 -0.7 -1.0 -0.0562 -0.0309 0.7338 0.0159 0.367940 0.043733 -4.1800 0 -0.4186 1  530 595 556 505 427 364 343 277  1 1 012.33 
4.891 5 -0.07 -0.06 -0.8 -0.3 -0.0329 -0.0414 0.7336 0.0158 0.365349 0.047240 -4.1800 0 -0.3717 1  530 606 545 518 434 368 345 282  1 1 012.33 
4.901 5 -0.08 -0.07 -1.3 -0.6 -0.0181 -0.0369 0.7336 0.0158 0.365349 0.048777 -4.1800 0 -0.3459 1  529 610 557 519 434 372 346 281  1 1 012.33 
4.911 5 -0.14 -0.12 -1.0 -2.0 -0.0843 -0.0241 0.7330 0.0156 0.367940 0.046646 -4.1800 0 -0.4270 1  526 632 551 513 423 367 347 276  1 1 012.31 
4.921 5 -0.20 -0.19 -2.2 -1.7 -0.0908 -0.1040 0.7323 0.0153 0.367940 0.043137 -4.0647 1 -0.4939 1  522 631 536 509 448 363 335 275  1 1 012.33 
4.931 5 -0.13 -0.12 -1.5 -0.8 -0.0566 -0.0791 0.7314 0.0149 0.365349 0.041848 -4.1800 0 -0.4251 1  528 607 534 512 446 364 336 281  1 1 012.33 
4.941 5 -0.08 -0.07 -0.3 -0.6 -0.0602 -0.0345 0.7312 0.0148 0.367940 0.045856 -4.1800 0 -0.3216 1  527 610 544 514 437 369 338 286  1 1 012.33 
4.951 5 -0.06 -0.05 -0.7 -0.6 -0.0241 -0.0185 0.7312 0.0148 0.367940 0.048680 -4.1800 0 -0.3309 1  526 611 551 520 445 367 345 283  1 1 012.33 
4.961 5 -0.10 -0.08 -1.7 -1.4 -0.0149 -0.0129 0.7310 0.0148 0.365349 0.048673 -4.1800 0 -0.3725 1  530 618 519 521 461 364 368 279  1 1 012.32 
4.971 5 -0.15 -0.14 -1.8 -0.8 -0.0631 -0.1016 0.7302 0.0145 0.365349 0.045762 -4.1800 0 -0.2861 1  535 611 544 520 423 369 310 283  1 1 012.32 
4.981 5 -0.21 -0.20 -2.0 -2.5 -0.1048 -0.0711 0.7293 0.0141 0.367940 0.041351 -4.1800 0 -0.3237 1  524 606 547 515 430 366 356 282  1 1 012.32 
4.991 5 -0.10 -0.10 -0.9 -1.3 -0.0606 -0.0361 0.7291 0.0141 0.370531 0.041988 -4.1800 0 -0.2899 1  523 614 550 517 451 364 331 279  1 1 012.33 
5.001 5 -0.08 -0.07 -1.1 -0.8 -0.0241 -0.0297 0.7289 0.0140 0.367940 0.044642 -4.1800 0 -0.3153 1  530 614 554 523 441 361 340 280  1 1 012.32 
5.011 5 -0.10 -0.08 -1.7 -0.8 -0.0149 -0.0430 0.7287 0.0139 0.365349 0.045403 -4.1800 0 -0.3275 1  529 616 538 522 433 369 342 285  1 1 012.33 
5.021 5 -0.14 -0.13 -0.5 -2.2 -0.1137 -0.0221 0.7280 0.0136 0.370531 0.044289 -4.1800 0 -0.3582 1  529 623 551 521 459 364 330 282  1 1 012.33 
5.031 5 -0.15 -0.14 -1.9 -0.4 -0.0522 -0.1145 0.7274 0.0134 0.367940 0.042530 -4.1800 0 -0.2705 1  527 608 542 520 455 364 346 276  1 1 012.32 
5.041 5 -0.09 -0.08 -1.3 -0.9 -0.0225 -0.0317 0.7274 0.0134 0.367940 0.045166 -4.1800 0 -0.3325 1  527 615 548 521 439 367 340 280  1 1 012.33 
5.051 5 -0.09 -0.08 -1.4 -1.3 -0.0217 -0.0177 0.7272 0.0133 0.370531 0.045715 -4.1800 0 -0.3226 1  529 614 552 525 447 367 333 288  1 1 012.33 
5.061 5 -0.12 -0.11 -1.9 -1.2 -0.0281 -0.0506 0.7267 0.0131 0.367940 0.044608 -4.1800 0 -0.4330 1  530 627 555 517 437 368 347 284  1 1 012.32 
5.071 5 -0.12 -0.11 -1.3 -0.4 -0.0594 -0.0936 0.7259 0.0128 0.367940 0.043265 -4.1800 0 -0.2971 1  527 611 537 520 448 365 341 282  1 1 012.33 
5.081 5 -0.08 -0.07 -0.9 -0.7 -0.0337 -0.0329 0.7259 0.0128 0.367940 0.044492 -4.1800 0 -0.3184 1  526 612 548 518 440 365 338 281  1 1 012.33 
5.091 5 -0.10 -0.09 -1.7 -1.4 -0.0181 -0.0181 0.7259 0.0128 0.367940 0.044770 -4.1800 0 -0.3162 1  533 614 551 521 431 364 338 292  1 1 012.33 
5.101 5 -0.14 -0.13 -1.0 -1.7 -0.0948 -0.0490 0.7252 0.0125 0.367940 0.043522 -4.1800 0 -0.2266 1  518 599 561 520 453 365 332 276  1 1 012.33 
5.111 5 -0.11 -0.09 -1.0 -0.6 -0.0562 -0.0663 0.7244 0.0122 0.367940 0.042153 -4.1800 0 -0.3320 1  526 612 550 522 438 367 339 277  1 1 012.34 
5.121 5 -0.08 -0.07 -0.8 -0.6 -0.0386 -0.0369 0.7244 0.0122 0.367940 0.045415 -4.1800 0 -0.3596 1  527 613 550 522 443 367 342 288  1 1 012.33 
5.131 5 -0.07 -0.06 -1.1 -0.9 -0.0197 -0.0193 0.7244 0.0122 0.367940 0.046580 -4.1800 0 -0.3549 1  525 617 549 522 441 366 343 278  1 1 012.33 
5.141 5 -0.09 -0.08 -1.6 -1.4 -0.0129 -0.0129 0.7244 0.0122 0.367940 0.045908 -4.1800 0 -0.4069 1  530 618 530 517 473 366 341 277  1 1 012.33 
5.151 5 -0.13 -0.12 -2.4 -2.1 -0.0104 -0.0108 0.7240 0.0121 0.367940 0.043504 -4.1800 0 -0.2716 1  530 596 540 517 428 365 357 282  1 1 012.32 
5.161 5 -0.16 -0.14 -1.3 -0.4 -0.0936 -0.1241 0.7231 0.0117 0.365349 0.040412 -4.1800 0 -0.3450 1  526 604 536 512 428 363 338 279  1 1 012.32 
5.171 5 -0.07 -0.05 -0.7 -0.4 -0.0289 -0.0321 0.7231 0.0117 0.365349 0.043316 -4.1800 0 -0.3021 1  517 606 549 516 439 367 343 282  1 1 012.34 
5.181 5 -0.07 -0.05 -1.0 -0.7 -0.0165 -0.0177 0.7231 0.0117 0.365349 0.045065 -4.1800 0 -0.3873 1  529 621 549 513 446 367 347 286  1 1 012.34 
5.191 5 -0.08 -0.07 -1.4 -1.1 -0.0116 -0.0120 0.7231 0.0117 0.365349 0.045275 -4.1800 0 -0.3582 1  523 612 554 521 448 372 349 284  1 1 012.33 
5.201 5 -0.11 -0.10 -2.0 -1.8 -0.0096 -0.0092 0.7229 0.0117 0.367940 0.043820 -4.1800 0 -0.3313 1  518 612 542 520 430 365 357 283  1 1 012.32 
5.211 5 -0.17 -0.15 -1.5 -0.2 -0.0956 -0.1458 0.7220 0.0113 0.365349 0.040747 -4.1800 0 -0.3318 1  524 612 563 513 422 359 327 290  1 1 012.33 
5.221 5 -0.05 -0.03 -0.4 0.7 -0.0281 -0.0582 0.7218 0.0112 0.362758 0.042449 -4.1800 0 -0.3103 1  521 606 545 516 440 367 342 282  1 1 012.33 
5.231 5 -0.03 -0.01 -0.2 -1.0 -0.0165 0.0361 0.7220 0.0113 0.365349 0.046016 -4.1800 0 -0.3073 1  525 615 552 523 442 372 344 286  1 1 012.33 
5.241 5 -0.04 -0.02 -0.5 0.4 -0.0116 -0.0345 0.7218 0.0112 0.362758 0.047972 -4.1800 0 -0.3687 1  529 615 549 527 445 366 350 289  1 1 012.32 
5.251 5 -0.06 -0.04 -1.0 -0.3 -0.0096 -0.0277 0.7216 0.0112 0.365349 0.047885 -4.1800 0 -0.3555 1  526 614 552 523 443 373 351 286  1 1 012.33 
5.261 5 -0.09 -0.07 -1.6 -1.1 -0.0096 -0.0165 0.7216 0.0112 0.365349 0.045263 -4.1800 0 -0.3220 1  527 613 558 519 438 370 349 287  1 1 012.32 
5.271 5 -0.10 -0.08 -1.5 -1.4 -0.0217 -0.0133 0.7212 0.0110 0.365349 0.042536 -4.1800 0 -0.3227 1  527 611 521 515 441 365 363 279  1 1 012.33 
5.281 5 -0.09 -0.07 -0.8 -0.7 -0.0466 -0.0378 0.7209 0.0109 0.365349 0.040798 -4.1800 0 -0.3433 1  521 604 545 516 432 365 344 284  1 1 012.32 
5.291 5 -0.06 -0.04 -0.7 -2.5 -0.0213 0.0819 0.7209 0.0109 0.365349 0.041376 -4.1800 0 -0.3643 1  523 608 548 520 439 362 343 288  1 1 012.33 
5.301 5 -0.09 -0.06 -2.1 0.1 0.0193 -0.0687 0.7209 0.0109 0.360167 0.040933 -4.1800 0 -0.3418 1  524 610 542 520 455 366 341 280  1 1 012.32 
5.311 5 -0.09 -0.07 -0.4 -0.9 -0.0679 -0.0265 0.7205 0.0107 0.365349 0.040614 -4.1800 0 -0.3379 1  527 609 545 518 440 362 347 281  1 1 012.33 
5.321 5 -0.09 -0.08 -1.2 -1.3 -0.0337 -0.0161 0.7205 0.0107 0.365349 0.039442 -4.1800 0 -0.3244 1  530 607 528 515 441 365 342 287  1 1 012.33 
5.331 5 -0.10 -0.08 -1.6 -1.3 -0.0181 -0.0141 0.7203 0.0107 0.362758 0.038508 -4.1800 0 -0.3610 1  519 599 540 516 428 364 359 282  1 1 012.33 
5.341 5 -0.06 -0.05 -1.0 -0.7 -0.0149 -0.0141 0.7201 0.0106 0.365349 0.039215 -4.1800 0 -0.3757 1  519 609 542 514 439 364 347 281  1 1 012.33 
5.351 5 -0.07 -0.05 -1.1 -0.8 -0.0149 -0.0141 0.7201 0.0106 0.365349 0.040181 -4.1800 0 -0.3031 1  522 603 545 514 433 366 342 278  1 1 012.33 
5.361 5 -0.09 -0.08 -1.6 -1.3 -0.0149 -0.0108 0.7201 0.0106 0.365349 0.039624 -4.1800 0 -0.3521 1  516 610 554 512 421 366 337 284  1 1 012.34 
5.371 5 -0.12 -0.10 -2.1 -1.9 -0.0116 -0.0088 0.7197 0.0104 0.365349 0.037726 -4.1800 0 -0.3903 1  518 619 538 516 419 364 324 282  1 1 012.32 
5.381 5 -0.04 -0.02 0.2 0.7 -0.0462 -0.0582 0.7194 0.0103 0.365349 0.038205 -4.1800 0 -0.2941 1  514 606 542 516 435 362 345 284  1 1 012.33 
5.391 5 0.01 0.02 0.8 1.0 -0.0321 -0.0237 0.7194 0.0103 0.365349 0.042795 -4.1800 0 -0.3611 1  514 613 560 521 433 364 356 299  1 1 012.34 
5.401 5 0.02 0.03 0.7 1.0 -0.0177 -0.0149 0.7194 0.0103 0.365349 0.045927 -4.1800 0 -0.2801 1  524 615 564 521 435 368 351 296  1 1 012.33 
5.411 5 -0.01 0.01 0.0 0.3 -0.0120 -0.0108 0.7194 0.0103 0.365349 0.047030 -4.1800 0 -0.3508 1  525 611 557 524 444 370 341 290  1 1 012.33 
5.421 5 -0.02 -0.01 -0.3 -0.0 -0.0092 -0.0084 0.7194 0.0103 0.365349 0.045665 -4.1800 0 -0.3633 1  528 616 550 525 441 368 350 287  1 1 012.33 
5.431 5 -0.02 -0.01 -0.3 -0.0 -0.0088 -0.0076 0.7190 0.0102 0.365349 0.043987 -4.1800 0 -0.2987 1  530 603 557 522 449 360 349 288  1 1 012.33 
5.441 5 -0.01 0.00 -0.1 0.2 -0.0088 -0.0076 0.7190 0.0102 0.365349 0.043092 -4.1800 0 -0.3913 1  521 610 551 514 451 369 343 299  1 1 012.29 
5.451 5 -0.00 0.01 0.1 0.4 -0.0088 -0.0076 0.7190 0.0102 0.365349 0.042963 -4.1800 0 -0.3157 1  521 613 555 520 448 360 347 281  1 1 012.32 
5.461 5 -0.01 0.01 0.1 0.3 -0.0088 -0.0076 0.7190 0.0102 0.365349 0.042595 -4.1800 0 -0.3419 1  521 619 555 527 437 374 345 293  1 1 012.33 
5.471 5 -0.00 0.01 0.1 0.4 -0.0080 -0.0076 0.7190 0.0102 0.365349 0.042018 -4.1800 0 -0.2688 1  530 607 555 525 435 373 347 286  1 1 012.33 
5.481 5 0.00 0.02 0.2 0.5 -0.0068 -0.0072 0.7190 0.0102 0.365349 0.041615 -4.1800 0 -0.3416 1  532 609 554 522 437 363 348 284  1 1 012.33 
5.491 5 0.01 0.03 0.4 0.7 -0.0056 -0.0060 0.7190 0.0102 0.365349 0.041504 -4.1800 0 -0.3442 1  518 619 546 520 440 364 343 280  1 1 012.33 
5.501 5 0.01 0.03 0.4 0.7 -0.0048 -0.0052 0.7190 0.0102 0.365349 0.041242 -4.1800 0 -0.3028 1  522 613 550 526 441 368 340 290  1 1 012.33 
5.511 5 0.02 0.03 0.4 0.7 -0.0044 -0.0044 0.7190 0.0102 0.365349 0.040871 -4.1800 0 -0.3088 1  527 604 556 524 440 366 349 289  1 1 012.33 
5.521 5 0.02 0.04 0.6 0.9 -0.0040 -0.0040 0.7190 0.0102 0.365349 0.040696 -4.1800 0 -0.3120 1  521 608 552 525 441 367 337 286  1 1 012.33 
5.531 5 0.03 0.05 0.7 1.0 -0.0036 -0.0036 0.7190 0.0102 0.365349 0.040762 -4.1800 0 -0.3312 1  526 605 556 521 432 361 348 299  1 1 012.34 
5.541 6 -0.01 0.01 -0.1 0.2 -0.0032 -0.0032 0.7190 0.0102 0.365349 0.040831 -4.1800 0 -0.3336 1  531 609 554 522 441 367 348 285  1 1 012.33 
5.551 6 -0.01 0.01 -0.1 0.2 -0.0028 -0.0032 0.7190 0.0102 0.365349 0.040869 -4.1800 0 -0.3002 1  527 603 559 528 437 369 349 290  1 1 012.33 
5.561 6 -0.01 0.01 -0.1 0.2 -0.0028 -0.0028 0.7190 0.0102 0.365349 0.041086 -4.1800 0 -0.3358 1  520 616 553 527 439 372 342 292  1 1 012.33 
5.571 6 -0.01 0.01 -0.1 0.2 -0.0024 -0.0024 0.7190 0.0102 0.365349 0.041412 -4.1800 0 -0.3550 1  522 608 555 524 441 373 343 290  1 1 012.33 
5.581 6 -0.01 0.01 -0.1 0.2 -0.0024 -0.0024 0.7190 0.0102 0.365349 0.041657 -4.1800 0 -0.3494 1  533 615 552 525 440 365 353 287  1 1 012.32 
5.591 6 -0.01 0.01 -0.1 0.2 -0.0020 -0.0024 0.7190 0.0102 0.365349 0.041928 -4.1800 0 -0.3133 1  509 615 554 520 447 363 341 294  1 1 012.33 
5.601 6 -0.01 0.01 -0.1 0.2 -0.0020 -0.0020 0.7190 0.0102 0.365349 0.042451 -4.1800 0 -0.3509 1  531 616 554 526 436 370 350 287  1 1 012.33 
5.611 6 -0.01 0.01 -0.1 0.2 -0.0020 -0.0020 0.7190 0.0102 0.365349 0.043010 -4.1800 0 -0.3243 1  525 615 551 521 448 367 348 291  1 1 012.33 
5.621 6 -0.01 0.01 -0.1 0.2 -0.0020 -0.0020 0.7190 0.0102 0.365349 0.043576 -4.1800 0 -0.3116 1  533 616 551 532 438 372 353 286  1 1 012.33 
5.631 6 -0.01 0.01 -0.1 0.2 -0.0016 -0.0016 0.7190 0.0102 0.365349 0.044257 -4.1800 0 -0.3067 1  538 609 560 529 436 373 357 290  1 1 012.33 
5.641 6 -0.01 0.01 -0.1 0.2 -0.0016 -0.0016 0.7190 0.0102 0.365349 0.045055 -4.1800 0 -0.2950 1  530 614 557 533 441 372 350 291  1 1 012.33 
5.651 6 -0.01 0.01 -0.1 0.2 -0.0016 -0.0016 0.7190 0.0102 0.365349 0.045901 -4.1800 0 -0.2852 1  536 620 561 532 445 376 350 288  1 1 012.33 
5.661 6 -0.01 0.01 -0.1 0.2 -0.0016 -0.0016 0.7190 0.0102 0.365349 0.046797 -4.1800 0 -0.2653 1  533 619 565 541 444 374 358 288  1 1 012.33 
5.671 6 -0.01 0.01 -0.1 0.2 -0.0016 -0.0016 0.7190 0.0102 0.365349 0.047841 -4.1800 0 -0.3314 1  533 621 565 532 449 375 353 297  1 1 012.33 
5.681 6 -0.01 0.01 -0.1 0.2 -0.0012 -0.0012 0.7190 0.0102 0.365349 0.048990 -4.1800 0 -0.2879 1  536 622 562 543 444 372 357 291  1 1 012.34 
5.691 6 -0.01 0.01 -0.1 0.2 -0.0012 -0.0012 0.7190 0.0102 0.365349 0.050201 -4.1800 0 -0.3918 1  528 628 562 529 458 369 346 303  1 1 012.33 
5.701 6 -0.01 0.01 -0.1 0.2 -0.0012 -0.0012 0.7190 0.0102 0.365349 0.051503 -4.1800 0 -0.2822 1  542 618 566 541 448 377 359 297  1 1 012.33 
5.711 6 -0.01 0.01 -0.1 0.2 -0.0012 -0.0012 0.7190 0.0102 0.365349 0.052959 -4.1800 0 -0.3210 1  540 631 566 538 454 384 351 301  1 1 012.33 
5.721 6 -0.01 0.01 -0.1 0.2 -0.0012 -0.0012 0.7190 0.0102 0.365349 0.054527 -4.1800 0 -0.3387 1  545 628 574 541 453 383 362 298  1 1 012.33 
5.731 6 -0.01 0.01 -0.1 0.2 -0.0012 -0.0012 0.7190 0.0102 0.365349 0.056206 -4.1800 0 -0.3267 1  540 629 573 541 459 387 356 299  1 1 012.33 
5.741 6 -0.01 0.01 -0.1 0.2 -0.0012 -0.0012 0.7190 0.0102 0.365349 0.058055 -4.1800 0 -0.3235 1  546 629 574 543 457 386 360 302  1 1 012.33 
5.751 6 -0.01 0.01 -0.1 0.2 -0.0012 -0.0012 0.7190 0.0102 0.365349 0.060020 -4.1800 0 -0.3081 1  560 640 582 552 468 384 368 303  1 1 012.33 
5.761 6 -0.01 0.01 -0.1 0.2 -0.0008 -0.0008 0.7190 0.0102 0.365349 0.062166 -4.1800 0 -0.3531 1  542 644 579 555 473 392 363 311  1 1 012.33 
5.771 6 -0.01 0.01 -0.1 0.2 -0.0008 -0.0008 0.7190 0.0102 0.365349 0.064474 -4.1800 0 -0.3184 1  554 647 582 553 480 388 370 301  1 1 012.33 
5.781 6 -0.01 0.01 -0.1 0.2 -0.0008 -0.0008 0.7190 0.0102 0.365349 0.066974 -4.1800 0 -0.3237 1  551 645 585 560 478 394 365 318  1 1 012.32 
5.791 6 -0.01 0.01 -0.1 0.2 -0.0008 -0.0008 0.7190 0.0102 0.365349 0.069651 -4.1800 0 -0.3223 1  561 652 585 558 490 393 375 310  1 1 012.33 
5.801 6 -0.01 0.01 -0.1 0.2 -0.0008 -0.0008 0.7190 0.0102 0.365349 0.072531 -4.1800 0 -0.3681 1  557 661 597 565 488 404 372 320  1 1 012.33 
5.811 6 -0.01 0.01 -0.1 0.2 -0.0008 -0.0008 0.7190 0.0102 0.365349 0.075639 -4.1800 0 -0.3008 1  572 654 598 568 484 402 377 316  1 1 012.33 
5.821 6 -0.01 0.01 -0.1 0.2 -0.0008 -0.0008 0.7190 0.0102 0.365349 0.078985 -4.1800 0 -0.3659 1  569 668 600 577 492 404 380 324  1 1 012.32 
5.831 6 -0.01 0.01 -0.1 0.2 -0.0008 -0.0008 0.7190 0.0102 0.365349 0.082534 -4.1800 0 -0.3402 1  570 673 608 577 493 411 382 327  1 1 012.32 
5.841 6 -0.01 0.01 -0.1 0.2 -0.0008 -0.0008 0.7190 0.0102 0.365349 0.086339 -4.1800 0 -0.3361 1  579 673 621 576 503 410 385 336  1 1 012.33 
5.851 6 -0.01 0.01 -0.1 0.2 -0.0008 -0.0008 0.7190 0.0102 0.365349 0.090414 -4.1800 0 -0.3906 1  585 682 619 585 518 414 392 328  1 1 012.33 
5.861 6 -0.01 0.01 -0.1 0.2 -0.0008 -0.0008 0.7190 0.0102 0.365349 0.094829 -4.1800 0 -0.2617 1  593 690 621 596 516 420 401 334  1 1 012.33 
5.871 6 -0.01 0.01 -0.1 0.2 -0.0008 -0.0008 0.7190 0.0102 0.365349 0.099535 -4.1800 0 -0.3280 1  597 695 634 595 523 423 393 344  1 1 012.33 
5.881 6 -0.01 0.01 -0.1 0.2 -0.0008 -0.0008 0.7190 0.0102 0.365349 0.104593 -4.1800 0 -0.2651 1  602 698 640 620 524 440 411 338  1 1 012.33 
5.891 6 -0.01 0.01 -0.1 0.2 -0.0008 -0.0008 0.7190 0.0102 0.365349 0.110035 -4.1800 0 -0.3471 1  605 721 643 616 540 443 412 345  1 1 012.33 
5.901 6 -0.01 0.01 -0.1 0.2 -0.0008 -0.0008 0.7190 0.0102 0.365349 0.115889 -4.1800 0 -0.3365 1  612 733 652 625 549 450 422 357  1 1 012.33 
5.911 6 -0.01 0.01 -0.1 0.2 -0.0008 -0.0008 0.7190 0.0102 0.365349 0.122155 -4.1800 0 -0.2989 1  627 725 666 636 546 462 424 362  1 1 012.34 
5.921 6 -0.01 0.01 -0.1 0.2 -0.0008 -0.0008 0.7190 0.0102 0.365349 0.128895 -4.1800 0 -0.3476 1  631 742 676 643 556 466 430 366  1 1 012.32 
5.931 6 -0.01 0.01 -0.1 0.2 -0.0004 -0.0004 0.7190 0.0102 0.365349 0.136082 -4.1800 0 -0.3469 1  637 762 684 651 573 474 442 378  1 1 012.33 
5.941 6 -0.01 0.01 -0.1 0.2 -0.0004 -0.0004 0.7190 0.0102 0.365349 0.143803 -4.1800 0 -0.2811 1  655 768 696 672 573 484 455 387  1 1 012.32 
5.951 6 -0.01 0.01 -0.1 0.2 -0.0004 -0.0004 0.7190 0.0102 0.365349 0.152143 -4.1800 0 -0.3686 1  664 783 708 680 595 502 465 391  1 1 012.33 
5.961 6 -0.01 0.01 -0.1 0.2 -0.0004 -0.0004 0.7190 0.0102 0.365349 0.161099 -4.1800 0 -0.3461 1  686 788 723 695 602 519 474 411  1 1 012.33 
5.971 6 -0.01 0.01 -0.1 0.2 -0.0004 -0.0004 0.7190 0.0102 0.365349 0.170679 -4.1800 0 -0.3423 1  702 812 736 709 620 524 488 423  1 1 012.33 
5.981 6 -0.01 0.01 -0.1 0.2 -0.0004 -0.0004 0.7190 0.0102 0.365349 0.180950 -4.1800 0 -0.3333 1  710 831 759 726 635 546 501 428  1 1 012.33 
5.991 6 -0.01 0.01 -0.1 0.2 -0.0004 -0.0004 0.7190 0.0102 0.365349 0.191996 -4.1800 0 -0.3385 1  726 848 777 751 659 564 520 443  1 1 012.32 
6.001 6 -0.01 0.01 -0.1 0.2 -0.0004 -0.0004 0.7190 0.0102 0.365349 0.203923 -4.1800 0 -0.3584 1  748 867 793 766 677 572 542 463  1 1 012.33 
6.011 6 -0.01 0.01 -0.1 0.2 -0.0004 -0.0004 0.7190 0.0102 0.365349 0.216798 -4.1800 0 -0.3478 1  763 895 813 795 700 592 556 471  1 1 012.33 
6.021 6 -0.01 0.01 -0.1 0.2 -0.0004 -0.0004 0.7190 0.0102 0.365349 0.230711 -4.1800 0 -0.3664 1  784 921 835 821 727 611 574 496  1 1 012.33 
6.031 6 -0.01 0.01 -0.1 0.2 -0.0004 -0.0004 0.7190 0.0102 0.365349 0.245763 -4.1800 0 -0.3175 1  805 947 866 846 747 637 590 519  1 1 012.33 
6.041 6 -0.01 0.01 -0.1 0.2 -0.0004 -0.0004 0.7190 0.0102 0.365349 0.261873 -4.1800 0 -0.3794 1  840 972 893 866 769 665 617 544  1 1 012.33 
6.051 6 -0.01 0.01 -0.1 0.2 -0.0004 -0.0004 0.7190 0.0102 0.365349 0.279314 -4.1800 0 -0.3875 1  857 999 915 895 798 679 642 561  1 1 012.32 
6.061 6 -0.01 0.01 -0.1 0.2 -0.0004 -0.0004 0.7190 0.0102 0.365349 0.298224 -4.1800 0 -0.4224 1  893 1027 939 923 827 699 677 573  1 1 012.33 
6.071 6 -0.01 0.01 -0.1 0.2 -0.0004 -0.0004 0.7190 0.0102 0.365349 0.318674 -4.1800 0 -0.3994 1  916 1055 968 951 853 721 696 593  1 1 012.33 
6.081 6 -0.01 0.01 -0.2 0.2 -0.0004 -0.0004 0.7188 0.0101 0.362758 0.340975 -4.1800 0 -0.3634 1  938 1083 989 983 864 738 711 615  1 1 012.33 
6.091 6 -0.01 0.01 -0.2 0.2 -0.0004 -0.0004 0.7188 0.0101 0.362758 0.365038 -4.1800 0 -0.3493 1  964 1104 1020 1001 881 753 725 620  1 1 012.33 
6.101 6 -0.01 0.01 -0.3 0.6 -0.0004 -0.0161 0.7186 0.0100 0.360167 0.390832 -4.1800 0 -0.3607 1  987 1130 1046 1021 883 748 731 630  1 1 012.34 
6.111 6 -0.01 0.01 -0.3 0.6 -0.0004 -0.0161 0.7186 0.0100 0.360167 0.418808 -4.1800 0 -0.3576 1  1018 1152 1065 1031 881 753 733 619  1 1 012.33 
6.121 6 -0.01 0.01 -0.2 0.5 -0.0004 -0.0161 0.7184 0.0099 0.362758 0.448754 -4.1800 0 -0.3573 1  1034 1179 1083 1032 872 739 727 613  1 1 012.33 
6.131 6 -0.01 0.01 -0.3 0.6 -0.0004 -0.0169 0.7182 0.0099 0.360167 0.480940 -4.1800 0 -0.4001 1  1063 1193 1105 1037 853 734 716 608  1 1 012.33 
6.141 6 -0.01 0.01 -0.3 0.6 -0.0004 -0.0169 0.7182 0.0099 0.360167 0.515734 -4.1800 0 -0.4051 1  1088 1212 1114 1036 832 707 698 594  1 1 012.33 
6.151 6 -0.01 0.01 -0.0 0.7 -0.0125 -0.0201 0.7179 0.0097 0.360167 0.544741 -4.1800 0 -0.3733 1  1069 1196 1102 1018 807 695 679 571  1 1 012.33 
6.161 6 -0.01 0.01 -0.0 0.7 -0.0125 -0.0201 0.7179 0.0097 0.360167 0.544718 -4.1800 0 -0.3901 1  1041 1181 1085 1003 805 689 672 564  1 1 012.33 
6.171 6 -0.01 0.01 -0.7 -0.1 0.0237 0.0185 0.7182 0.0099 0.360167 0.545165 -4.1800 0 -0.3702 1  1062 1186 1090 1021 824 701 682 573  1 1 012.33 
6.181 6 -0.01 0.01 -0.6 -2.3 0.0205 0.1237 0.7186 0.0100 0.365349 0.553676 -4.1800 0 -0.5008 1  1102 1209 1094 1010 822 713 685 579  1 1 012.33 
6.191 6 -0.00 0.00 -0.3 -1.8 0.0137 0.0932 0.7190 0.0102 0.370531 0.557675 -4.1800 0 -0.5672 1  1128 1198 1091 993 837 709 685 569  1 1 012.32 
6.201 6 -0.01 0.01 -2.3 1.3 0.1032 -0.0522 0.7194 0.0103 0.360167 0.569068 -4.1800 0 -0.4597 1  1117 1237 1106 1022 852 702 665 560  1 1 012.33 
6.211 6 -0.00 0.00 1.1 -2.3 -0.0570 0.1169 0.7197 0.0105 0.370531 0.570376 -4.1800 0 -0.4475 1  1133 1246 1117 1020 823 710 665 564  1 1 012.32 
6.221 6 -0.00 0.00 -1.1 -0.7 0.0502 0.0398 0.7197 0.0105 0.370531 0.567823 -4.1800 0 -0.4719 1  1148 1277 1127 1016 824 709 677 565  1 1 012.33 
6.231 6 -0.01 0.01 -1.9 0.9 0.0835 -0.0345 0.7199 0.0105 0.362758 0.575006 -4.1800 0 -0.3933 1  1147 1272 1131 1037 846 717 682 562  1 1 012.31 
6.241 6 -0.01 0.01 -0.7 -0.4 0.0269 0.0265 0.7201 0.0106 0.365349 0.575341 -4.1800 0 -0.4094 1  1152 1284 1145 1034 831 716 684 571  1 1 012.33 
6.251 6 -0.01 0.01 -0.5 -1.1 0.0213 0.0627 0.7207 0.0108 0.367940 0.577025 -4.1800 0 -0.3957 1  1149 1278 1172 1038 822 721 676 562  1 1 012.33 
6.261 6 -0.01 0.01 -1.0 -0.5 0.0422 0.0321 0.7209 0.0109 0.365349 0.577034 -4.1800 0 -0.3910 1  1155 1284 1149 1038 833 724 688 567  1 1 012.33 
6.271 6 -0.01 0.01 -0.8 -0.4 0.0305 0.0301 0.7212 0.0110 0.365349 0.578248 -4.1800 0 -0.3809 1  1146 1284 1153 1043 833 721 689 569  1 1 012.33 
6.281 6 -0.01 0.01 -0.6 -0.7 0.0241 0.0414 0.7214 0.0111 0.367940 0.577661 -4.1800 0 -0.3795 1  1153 1284 1148 1039 836 722 687 566  1 1 012.33 
6.291 6 -0.01 0.01 -0.4 -0.3 0.0149 0.0205 0.7214 0.0111 0.367940 0.578629 -4.1800 0 -0.4067 1  1151 1286 1145 1038 832 724 688 571  1 1 012.33 
6.301 6 -0.01 0.01 -0.3 -0.2 0.0108 0.0133 0.7214 0.0111 0.367940 0.577364 -4.1800 0 -0.3735 1  1149 1282 1148 1042 838 722 690 564  1 1 012.34 
6.311 6 -0.01 0.01 -0.3 -0.1 0.0084 0.0100 0.7214 0.0111 0.367940 0.577166 -4.1800 0 -0.3857 1  1153 1288 1147 1042 836 722 687 568  1 1 012.33 
6.321 6 -0.01 0.01 -0.2 -0.1 0.0068 0.0080 0.7214 0.0111 0.367940 0.576373 -4.1800 0 -0.3786 1  1146 1282 1148 1041 837 721 686 567  1 1 012.33 
6.331 6 -0.01 0.01 -0.2 -0.0 0.0060 0.0064 0.7214 0.0111 0.367940 0.576400 -4.1800 0 -0.4067 1  1151 1284 1147 1039 831 719 682 570  1 1 012.33 
6.341 6 -0.01 0.01 -0.2 -0.0 0.0052 0.0056 0.7214 0.0111 0.367940 0.576172 -4.1800 0 -0.3932 1  1150 1280 1148 1038 831 722 689 568  1 1 012.33 
6.351 6 -0.01 0.01 -0.2 0.0 0.0044 0.0048 0.7214 0.0111 0.367940 0.576086 -4.1800 0 -0.3956 1  1150 1285 1144 1040 836 719 686 568  1 1 012.32 
6.361 6 -0.01 0.01 -0.2 0.0 0.0040 0.0044 0.7214 0.0111 0.367940 0.575643 -4.1800 0 -0.3929 1  1144 1282 1146 1038 833 724 681 567  1 1 012.34 
6.371 6 -0.01 0.01 -0.2 0.0 0.0036 0.0040 0.7214 0.0111 0.367940 0.575050 -4.1800 0 -0.3795 1  1155 1285 1147 1038 833 718 687 567  1 1 012.33 
6.381 6 -0.01 0.01 -0.2 0.0 0.0032 0.0036 0.7214 0.0111 0.367940 0.574855 -4.1800 0 -0.3929 1  1150 1282 1149 1043 834 718 685 570  1 1 012.33 
6.391 6 -0.01 0.01 -0.2 0.0 0.0028 0.0032 0.7214 0.0111 0.367940 0.574541 -4.1800 0 -0.3859 1  1149 1283 1146 1038 831 721 685 564  1 1 012.33 
6.401 6 -0.01 0.01 -0.2 0.0 0.0028 0.0028 0.7214 0.0111 0.367940 0.574527 -4.1800 0 -0.3912 1  1148 1283 1148 1040 830 718 684 565  1 1 012.33 
6.411 6 -0.01 0.01 -0.2 0.0 0.0024 0.0028 0.7214 0.0111 0.367940 0.574113 -4.1800 0 -0.3939 1  1154 1281 1147 1040 836 721 682 570  1 1 012.33 
6.421 6 -0.01 0.01 -0.2 0.1 0.0024 0.0024 0.7214 0.0111 0.367940 0.573773 -4.1800 0 -0.4001 1  1151 1282 1148 1041 832 718 686 572  1 1 012.33 
6.431 6 -0.01 0.01 -0.2 0.1 0.0024 0.0024 0.7214 0.0111 0.367940 0.573329 -4.1800 0 -0.3733 1  1149 1282 1147 1042 832 721 687 568  1 1 012.33 
6.441 6 -0.01 0.01 -0.1 0.1 0.0020 0.0020 0.7214 0.0111 0.367940 0.573121 -4.1800 0 -0.3815 1  1149 1280 1147 1040 833 720 687 564  1 1 012.33 
6.451 6 -0.01 0.01 -0.1 0.1 0.0020 0.0020 0.7214 0.0111 0.367940 0.572943 -4.1800 0 -0.4000 1  1151 1283 1141 1040 831 723 689 570  1 1 012.33 
6.461 6 -0.01 0.01 -0.1 0.1 0.0020 0.0020 0.7214 0.0111 0.367940 0.572706 -4.1800 0 -0.4002 1  1152 1283 1152 1040 834 720 687 572  1 1 012.33 
6.471 6 -0.01 0.01 -0.1 0.1 0.0016 0.0020 0.7214 0.0111 0.367940 0.572336 -4.1800 0 -0.3897 1  1151 1286 1147 1039 829 716 687 570  1 1 012.33 
6.481 6 -0.01 0.01 -0.1 0.1 0.0016 0.0016 0.7214 0.0111 0.367940 0.571934 -4.1800 0 -0.3868 1  1153 1283 1150 1040 833 717 689 568  1 1 012.32 
6.491 6 -0.01 0.01 -0.1 0.1 0.0016 0.0016 0.7214 0.0111 0.367940 0.571647 -4.1800 0 -0.3949 1  1153 1289 1150 1038 836 717 690 569  1 1 012.31 
6.501 6 -0.01 0.01 -0.1 0.1 0.0016 0.0016 0.7214 0.0111 0.367940 0.571503 -4.1800 0 -0.3899 1  1151 1284 1150 1041 831 721 684 569  1 1 012.32 
6.511 6 -0.01 0.01 -0.1 0.1 0.0016 0.0016 0.7214 0.0111 0.367940 0.571266 -4.1800 0 -0.3957 1  1149 1282 1150 1038 836 721 686 573  1 1 012.32 
6.521 6 -0.01 0.01 -0.1 0.1 0.0012 0.0016 0.7214 0.0111 0.367940 0.570903 -4.1800 0 -0.3951 1  1153 1282 1147 1038 835 721 689 570  1 1 012.33 
6.531 6 -0.01 0.01 -0.1 0.1 0.0012 0.0012 0.7214 0.0111 0.367940 0.570519 -4.1800 0 -0.3807 1  1153 1282 1151 1041 836 724 690 569  1 1 012.33 
