%  1    time 0.004 sec
%  2    mission (2) state 2
%  3  4  5 Acc x,y,z: 8.688398 -0.026372 5.509365
%  6  7  8 Gyro x,y,z: -0.144958 -0.556946 0.099182
%  9 10 Motor velocity ref left, right: 0.00 -0.00
% 11 12 Motor voltage [V] left, right: -7.8 -7.8
% 13 14 Wheel velocity [r/s] left, right: 0.0000 0.0000
% 15 16 17 18 Pose x,y,h,tilt [m,m,rad,rad]: -0.0004 0.0000 0.000000 -1.001380% 19    Battery voltage [V]: 10.81
% 20 21 Get data time [us]: 510 +ctrl 750
% 22 23 24 25 Extra pt.: balE[0], balU[0], balUI[0], balUI[1]: 0.76 -70.0000 0.0000 0.0000
0.019 2 3.641743 1.572734 14.523818 2.380371 43.151855 1.831055 0.08 -0.08 -8.0 -8.0 -17.1173 -15.0252 -0.0058 -0.0000 0.002595 -0.869472 10.96 510 820 0.63 -70.00 -0.0000 -0.0000
0.034 2 3.833540 1.234692 8.043481 14.854431 88.493347 7.476807 0.25 -0.25 -8.0 -8.0 -25.0420 -22.9198 -0.0151 -0.0001 0.007786 -0.724964 10.96 510 800 0.48 -70.00 0.0000 0.0000
0.049 2 3.116699 0.486685 9.424418 20.912170 138.923645 13.809204 0.50 -0.50 -8.5 -8.5 -27.5973 -26.5151 -0.0266 -0.0002 0.015573 -0.596873 11.53 510 790 0.36 -70.00 -0.0000 -0.0000
0.064 2 2.339922 -0.654507 13.286728 26.794434 181.221008 20.278931 0.59 -0.59 8.2 8.2 -21.8108 -21.1292 -0.0380 -0.0004 0.018168 -0.502262 11.20 510 800 0.26 31.06 0.0000 0.0000
0.079 2 5.758701 -0.218169 13.233984 18.470764 176.788330 21.926880 0.67 -0.67 -8.2 -8.2 -25.5145 -22.5378 -0.0471 -0.0005 0.020764 -0.500729 11.18 510 810 0.26 -70.00 0.0000 0.0000
0.094 2 7.647900 0.992549 7.635913 18.119812 186.683655 24.955750 0.92 -0.92 -8.1 -8.1 -19.8863 -18.7815 -0.0573 -0.0008 0.028550 -0.446461 11.14 510 830 0.21 -70.00 -0.0000 -0.0000
0.109 2 4.207544 -3.248559 4.353789 19.035339 180.503845 19.691467 1.09 -1.09 -7.9 -7.9 -33.8067 -30.7334 -0.0698 -0.0012 0.033741 -0.448576 10.85 510 810 0.21 -70.00 0.0000 0.0000
0.124 2 14.279277 -1.594311 -2.426230 15.281677 146.842957 19.752502 1.34 -1.34 -8.0 -8.0 -26.5151 -21.8108 -0.0788 -0.0015 0.041528 -0.455104 11.01 510 810 0.22 -70.00 0.0000 0.0000
0.139 2 3.466728 -1.690210 6.581030 20.240784 162.963867 22.338867 1.34 -1.34 7.7 7.7 -24.1477 -25.0420 -0.0917 -0.0021 0.041528 -0.435752 10.74 510 810 0.20 8.64 0.0000 0.0000
0.154 2 5.933716 0.875073 0.525044 9.338379 106.666565 30.677795 1.51 -1.51 -8.1 -8.1 -29.3972 -28.7717 -0.1009 -0.0025 0.046719 -0.510583 11.14 510 810 0.27 -70.00 0.0000 0.0000
0.169 2 10.968384 -0.158232 19.215649 23.185730 137.748718 19.104004 1.67 -1.67 -9.5 -9.5 -11.8620 -11.9670 -0.1122 -0.0030 0.051910 -0.460689 12.55 510 830 0.22 -70.00 -0.0000 -0.0000
0.184 2 -5.828228 -0.913433 8.937734 10.383606 45.036316 28.381348 1.76 -1.76 8.2 8.2 -32.1969 -30.0504 -0.1228 -0.0036 0.054505 -0.605449 11.25 510 800 0.37 70.00 0.0000 0.0000
0.199 2 15.252646 0.680879 7.952378 8.155823 12.336731 13.122559 1.84 -1.84 -8.0 -8.0 -14.0861 -14.5405 -0.1315 -0.0041 0.057101 -0.533403 10.96 510 840 0.29 -70.00 -0.0000 -0.0000
0.214 2 1.810083 -4.898013 17.050741 -0.450134 -47.294617 -3.479004 1.93 -1.93 6.0 4.5 -26.0052 -27.0454 -0.1425 -0.0047 0.059696 -0.644210 11.23 510 800 0.40 -7.45 -0.0000 -0.0000
0.229 2 4.564765 1.992290 7.556797 -6.439209 -83.419800 -21.842957 1.84 -1.84 -8.1 -8.1 -22.1684 -24.1477 -0.1524 -0.0053 0.057101 -0.737379 11.09 510 810 0.50 -70.00 0.0000 0.0000
0.244 2 1.443271 1.826865 8.470229 -17.257690 -85.586548 -24.772644 1.76 -1.76 -1.6 -1.6 -24.5867 -27.0454 -0.1638 -0.0060 0.054505 -0.682649 4.62 510 790 0.44 -70.00 -0.0000 -0.0000
0.259 2 7.487270 1.414502 10.436147 -13.816833 -108.963013 -13.778687 1.51 -1.51 -1.6 -1.6 -14.8601 -18.0303 -0.1720 -0.0064 0.046719 -0.701442 4.57 510 840 0.46 -70.00 0.0000 0.0000
0.274 2 10.414570 0.635327 9.206249 0.442505 -148.521423 8.117676 1.26 -1.26 -8.0 -8.0 -22.1684 -21.8108 -0.1799 -0.0067 0.038932 -0.819424 11.04 510 810 0.58 -70.00 -0.0000 -0.0000
0.289 2 1.366553 0.455518 12.560297 5.889893 -69.984436 23.315430 1.42 -1.42 -8.4 -8.4 -30.7334 -27.5973 -0.1919 -0.0072 0.044123 -0.732520 11.42 510 800 0.49 -70.00 0.0000 0.0000
0.304 2 1.531978 5.156939 9.247006 27.465820 39.070129 38.368225 1.59 -1.59 1.9 -1.3 -32.1969 -29.3972 -0.2044 -0.0078 0.049314 -0.724843 11.14 510 800 0.48 -20.88 -0.0000 -0.0000
0.319 2 4.094863 0.664097 9.232622 31.570435 152.816772 42.915344 1.76 -1.76 -8.3 -8.3 -32.9822 -29.3972 -0.2185 -0.0085 0.054505 -0.812908 11.33 510 810 0.57 -70.00 -0.0000 -0.0000
0.334 2 2.275190 2.236831 2.857773 29.876709 235.572815 41.351318 2.18 -2.18 -9.3 -9.3 -38.6363 -34.6736 -0.2339 -0.0095 0.067483 -0.754330 12.29 510 820 0.51 -70.00 -0.0000 -0.0000
0.349 2 2.663579 0.731226 17.376797 33.760071 -249.946594 47.363281 2.43 -2.43 -9.6 -9.6 -42.2584 -39.7726 -0.2506 -0.0107 0.075269 -0.805243 12.59 510 790 0.57 -70.00 -0.0000 -0.0000
0.364 2 -0.908638 -1.563144 0.836714 32.875061 -249.946594 54.122925 2.85 -2.85 9.7 9.7 -46.6300 -42.2584 -0.2688 -0.0122 0.088246 -0.738725 12.67 510 800 0.50 70.00 0.0000 0.0000
0.379 2 4.718203 -1.956328 8.309599 30.357361 -249.946594 56.648254 3.35 -3.35 -8.3 -8.3 -45.0756 -40.9779 -0.2852 -0.0138 0.103819 -0.736380 11.34 510 820 0.50 -70.00 -0.0000 -0.0000
0.394 2 5.506968 -1.692607 10.066938 19.554138 -249.946594 35.820007 3.77 -3.77 -8.2 -8.2 -32.1969 -25.5145 -0.3022 -0.0156 0.116797 -0.616764 11.25 510 810 0.38 -70.00 -0.0000 -0.0000
0.409 2 -0.824727 -2.526924 1.309014 15.579224 243.286133 22.476196 3.85 -3.85 7.9 7.9 -42.2584 -40.9779 -0.3188 -0.0176 0.119392 -0.556902 10.92 510 800 0.32 70.00 0.0000 0.0000
0.424 2 9.539496 -2.730708 8.364741 -4.631042 200.126648 -8.140564 3.94 -3.94 -8.3 -8.3 -32.9822 -33.8067 -0.3318 -0.0192 0.121988 -0.583429 11.26 510 800 0.34 -70.00 -0.0000 -0.0000
0.439 2 5.770689 -4.746973 4.986719 -16.479492 233.459473 -31.692505 3.68 -3.68 8.4 8.4 -24.5867 -27.0454 -0.3468 -0.0210 0.114201 -0.446966 11.44 510 800 0.21 -7.54 0.0000 0.0000
0.454 2 2.824209 -1.591914 6.154282 -63.888550 174.972534 -1.541138 3.60 -3.60 7.9 7.9 -35.5860 -37.5630 -0.3601 -0.0225 0.111606 -0.430303 10.90 510 810 0.19 -6.99 0.0000 0.0000
0.469 2 2.246421 1.071665 6.710493 -10.650635 141.036987 -21.194458 3.43 -3.43 -7.8 -7.8 -27.5973 -27.5973 -0.3713 -0.0237 0.106415 -0.487058 10.84 510 800 0.25 -70.00 0.0000 0.0000
0.484 2 0.309272 -2.419038 4.823691 68.870544 158.508301 -42.106628 3.35 -3.35 7.0 7.0 -22.1684 -22.1684 -0.3831 -0.0250 0.103819 -0.417068 9.95 510 790 0.18 70.00 0.0000 0.0000
0.499 2 2.138535 -1.325796 19.639400 -1.296997 155.403137 -22.239685 2.68 -2.68 -8.3 -8.3 -3.1669 -11.9670 -0.3876 -0.0254 0.083056 -0.358880 11.34 510 870 0.12 -70.00 0.0000 0.0000
0.514 2 2.073804 -1.522388 -2.287178 76.126099 140.083313 -29.937744 2.01 -2.01 -8.9 -8.9 -15.1940 -21.1292 -0.3940 -0.0259 0.062292 -0.516673 11.90 510 820 0.28 -70.00 -0.0000 -0.0000
0.529 2 6.660146 -1.678223 -19.639999 -49.736023 -23.818970 -47.035217 1.59 -1.59 -8.0 -8.0 -25.0420 -29.3972 -0.4046 -0.0265 0.049314 -0.513875 10.98 510 800 0.27 -70.00 -0.0000 -0.0000
0.544 2 11.030718 -7.918813 -19.639999 43.029785 -16.059875 -15.602112 1.17 -1.17 -8.9 -8.9 -9.4564 -18.0303 -0.4141 -0.0269 0.036337 -0.466370 11.93 510 840 0.23 -70.00 0.0000 0.0000
0.559 2 2.970454 -1.831660 19.639400 11.383057 -8.735657 -18.936157 0.59 -0.59 -8.0 -8.0 -10.1674 -14.6986 -0.4203 -0.0271 0.018168 -0.497268 11.01 510 820 0.26 -35.58 -0.0000 -0.0000
0.574 2 -1.508003 -1.133999 14.557383 -23.796082 57.670593 -19.767761 0.50 -0.50 7.3 7.3 -9.7991 -10.0916 -0.4277 -0.0272 0.015573 -0.380497 10.25 510 810 0.14 70.00 0.0000 0.0000
0.589 2 5.466211 -5.586084 10.647123 21.644592 12.596130 -25.337219 0.59 -0.59 -7.8 -7.8 -9.1370 -7.5970 -0.4295 -0.0272 0.018168 -0.483920 10.77 510 820 0.24 -70.00 0.0000 0.0000
0.604 2 0.721636 5.116181 19.639400 -26.596069 14.549255 4.920959 1.00 -1.00 8.6 8.6 -3.4148 -2.3641 -0.4338 -0.0273 0.031146 -0.385032 11.56 510 900 0.15 44.84 0.0000 0.0000
0.619 2 4.082876 -2.136138 -3.900669 4.447937 2.777100 5.531311 1.26 -1.26 -9.0 -9.0 -13.1288 -9.0756 -0.4360 -0.0274 0.038932 -0.471345 12.04 510 830 0.23 -70.00 -0.0000 -0.0000
0.634 2 -4.082876 3.692090 19.639400 -31.318665 48.553467 35.896301 1.76 -1.76 7.7 7.7 -6.5964 3.2274 -0.4404 -0.0276 0.054505 -0.322915 10.73 510 900 0.08 70.00 0.0000 0.0000
0.649 2 10.445737 4.231518 -6.676929 9.376526 -24.024963 36.102295 2.09 -2.09 -9.4 -9.4 -3.1743 1.9974 -0.4392 -0.0275 0.064887 -0.451532 12.36 510 900 0.21 -70.00 -0.0000 -0.0000
0.664 2 -7.158818 -3.485908 6.429990 -13.809204 -6.912231 49.789429 2.43 -2.43 7.8 7.8 -12.7573 -8.9554 -0.4420 -0.0277 0.075269 -0.424188 10.77 510 830 0.18 70.00 0.0000 0.0000
0.679 2 0.824727 10.862895 -5.794663 -12.855530 18.249512 63.362122 2.51 -2.51 -7.7 -7.7 6.7613 6.0369 -0.4394 -0.0275 0.077865 -0.353793 10.74 510 900 0.11 -70.00 -0.0000 -0.0000
0.694 2 -4.722998 -0.721636 0.966177 -8.903503 -27.000427 48.110962 2.26 -2.26 7.4 7.4 -8.3473 -6.8643 -0.4424 -0.0277 0.070078 -0.381371 10.38 510 830 0.14 70.00 0.0000 0.0000
0.709 2 -3.656128 1.534375 -12.313359 29.060364 -32.081604 32.135010 2.51 -2.51 7.7 7.7 9.3908 10.9054 -0.4382 -0.0274 0.077865 -0.289903 10.69 510 830 0.05 70.00 0.0000 0.0000
0.724 2 -0.448325 4.440097 6.163872 -40.374756 -22.087097 17.578125 3.01 -3.01 7.8 7.8 -9.0151 1.3743 -0.4382 -0.0274 0.093437 -0.314194 10.76 510 850 0.07 70.00 0.0000 0.0000
0.739 2 -1.644658 4.751768 19.639400 -9.323120 7.377625 24.688721 3.43 -3.43 7.8 7.8 -4.6311 4.1228 -0.4364 -0.0272 0.106415 -0.364374 10.76 510 890 0.12 60.88 0.0000 0.0000
0.754 2 -7.022163 0.906240 15.022490 2.899170 53.710938 60.104370 3.52 -3.52 7.9 7.9 1.9346 3.2274 -0.4374 -0.0273 0.109010 -0.158569 10.92 510 910 -0.08 70.00 0.0000 0.0000
0.769 2 -1.927559 -4.742177 7.336230 -4.043579 -16.746521 59.402466 3.60 -3.60 -9.8 -9.8 -1.9019 -2.2613 -0.4360 -0.0272 0.111606 -0.270314 12.81 510 890 0.03 -70.00 -0.0000 -0.0000
0.784 2 12.028061 12.778466 11.275258 -24.345398 -29.205322 42.739868 3.77 -3.77 -9.0 -9.0 8.9554 12.1826 -0.4324 -0.0268 0.116797 -0.176527 11.99 510 830 -0.06 -70.00 -0.0000 -0.0000
0.799 2 -16.470556 2.193677 3.951015 -0.068665 7.118225 31.394958 4.02 -4.02 7.6 7.6 -5.5879 -6.3190 -0.4338 -0.0270 0.124583 -0.228205 10.57 510 910 -0.01 70.00 0.0000 0.0000
0.814 2 6.293335 -8.853823 1.040498 8.232117 14.320374 31.730652 4.52 -4.52 -9.4 -9.4 1.9598 3.7985 -0.4314 -0.0266 0.140156 -0.275128 12.43 510 900 0.04 -70.00 0.0000 0.0000
0.829 2 -2.363896 -0.932612 -19.639999 -4.722595 -2.494812 33.332825 4.77 -4.77 8.8 8.8 3.3472 1.4683 -0.4320 -0.0267 0.147943 -0.287569 11.77 510 900 0.05 70.00 0.0000 0.0000
0.844 2 -1.064473 -0.074321 -3.641743 0.038147 -10.475159 31.318665 4.94 -4.94 7.7 7.7 1.9208 2.9851 -0.4304 -0.0265 0.153134 -0.284692 10.71 510 900 0.04 70.00 0.0000 0.0000
0.859 2 1.047690 -3.327676 4.881230 1.678467 -49.926758 23.323059 5.19 -5.19 -7.9 -7.9 -2.5466 2.4191 -0.4270 -0.0259 0.160920 -0.299367 10.87 510 900 0.06 -28.99 0.0000 0.0000
0.874 2 3.610576 1.328193 12.167114 -7.575989 15.602112 11.032104 5.28 -5.28 -9.5 -9.5 14.2344 17.5619 -0.4252 -0.0257 0.163516 -0.062401 12.53 510 820 -0.18 -70.00 -0.0000 -0.0000
0.889 2 -0.505864 5.307978 3.219790 -3.883362 -43.258667 12.046814 5.53 -5.53 9.9 9.9 -3.5680 2.9461 -0.4219 -0.0251 0.171302 -0.155694 12.89 510 890 -0.08 70.00 0.0000 0.0000
0.904 2 -1.814878 -1.747749 -17.525438 -0.946045 14.328003 7.545471 5.61 -5.61 8.0 8.0 13.6593 15.1940 -0.4201 -0.0248 0.173897 0.040809 11.00 510 820 -0.28 70.00 0.0000 0.0000
0.919 2 0.956587 5.842612 1.517593 3.837585 -58.715820 -2.685547 5.69 -5.69 8.1 8.1 4.1228 2.8957 -0.4159 -0.0240 0.176493 -0.068741 11.07 510 900 -0.17 25.62 0.0000 0.0000
0.934 2 15.914345 -5.741919 8.323984 -12.023926 -43.670654 -6.263733 5.69 -5.69 -8.0 -8.0 20.8041 19.8863 -0.4112 -0.0232 0.176493 0.064524 10.98 510 820 -0.30 -70.00 0.0000 0.0000
0.949 2 -6.415605 -0.026372 5.518955 0.000000 -99.456787 -36.766052 5.69 -5.69 9.8 9.8 3.1015 2.8895 -0.4064 -0.0223 0.176493 -0.005176 12.85 510 900 -0.23 70.00 0.0000 0.0000
0.964 2 3.984580 -13.399408 14.087480 17.127991 -53.756714 -31.570435 5.36 -5.36 8.1 8.1 22.5378 18.2739 -0.4013 -0.0215 0.166111 0.104937 11.14 510 810 -0.34 70.00 0.0000 0.0000
0.979 2 -6.216616 1.203525 14.478266 16.380310 -87.989807 -56.541443 4.77 -4.77 7.8 7.8 2.4409 -5.9571 -0.3979 -0.0209 0.147943 0.049019 10.79 510 900 -0.29 70.00 0.0000 0.0000
0.994 2 4.341802 -5.250439 5.190503 -30.143738 -84.655762 -52.856445 4.52 -4.52 -9.0 -9.0 9.6591 7.2703 -0.3933 -0.0202 0.140156 0.008131 12.01 510 840 -0.25 -70.00 -0.0000 -0.0000
1.009 2 5.931318 5.787470 11.138603 -41.648865 -63.766479 -40.229797 3.85 -3.85 9.9 9.9 20.4889 12.7573 -0.3865 -0.0193 0.119392 0.024520 12.89 510 820 -0.26 70.00 0.0000 0.0000
1.024 2 -8.364741 -2.838594 3.073545 14.068604 -67.527771 -61.904907 3.52 -3.52 7.9 7.9 9.0151 1.6882 -0.3833 -0.0190 0.109010 0.009620 10.90 510 860 -0.25 70.00 0.0000 0.0000
1.039 2 11.387939 12.867172 19.639400 -15.602112 -117.675781 -68.359375 3.01 -3.01 -7.6 -7.6 13.0026 9.0151 -0.3761 -0.0182 0.093437 -0.008076 10.63 510 830 -0.23 -70.00 -0.0000 -0.0000
1.054 2 5.411069 10.150849 19.639400 -11.184692 -96.549988 -64.369202 2.51 -2.51 -8.0 -8.0 16.2924 10.3227 -0.3737 -0.0180 0.077865 0.090181 11.01 510 830 -0.33 -70.00 0.0000 0.0000
1.069 2 0.009590 -3.032788 19.639400 5.828857 -118.927002 -77.545166 2.09 -2.09 8.4 8.4 5.6818 2.2804 -0.3687 -0.0177 0.064887 -0.085687 11.39 510 880 -0.15 70.00 0.0000 0.0000
1.084 2 8.669218 -8.237676 -4.751768 -10.505676 -94.398499 -58.525085 1.51 -1.51 -8.2 -8.2 21.8108 15.5433 -0.3629 -0.0174 0.046719 -0.020678 11.15 510 830 -0.22 -70.00 0.0000 0.0000
1.099 2 -7.887646 -5.173720 10.474506 4.013062 -80.329895 -75.729370 1.00 -1.00 7.8 7.8 5.9051 -2.0677 -0.3601 -0.0172 0.031146 -0.139801 10.82 510 910 -0.10 70.00 0.0000 0.0000
1.114 2 6.338887 1.332988 19.639400 -7.179260 -93.124390 -75.988770 0.59 -0.59 -7.8 -7.8 10.8182 5.4970 -0.3538 -0.0171 0.018168 -0.243017 10.77 510 860 0.00 -70.00 0.0000 0.0000
1.129 2 -1.963520 -1.126807 5.878574 -31.654358 -56.198120 -81.565857 0.08 -0.08 8.0 8.0 18.2739 13.1288 -0.3510 -0.0171 0.002595 -0.123611 10.96 510 820 -0.12 70.00 0.0000 0.0000
1.144 2 -2.505347 1.452861 15.255043 -8.598328 -111.900330 -88.760376 -0.50 0.50 0.8 5.7 3.1303 -8.1956 -0.3472 -0.0171 -0.015573 -0.238922 10.84 510 860 -0.00 11.17 0.0000 0.0000
1.159 2 -1.337783 5.101797 17.400770 -9.452820 -56.137085 -70.251465 -1.00 1.00 7.9 7.9 4.3204 -2.9081 -0.3480 -0.0170 -0.031146 -0.172349 10.92 510 900 -0.07 70.00 0.0000 0.0000
1.174 2 1.879609 -10.062143 14.439907 8.728027 -62.385559 -54.046631 -1.51 1.51 -7.2 -7.2 11.2689 6.1467 -0.3424 -0.0173 -0.046719 -0.234097 10.19 510 860 -0.01 -70.00 0.0000 0.0000
1.189 2 -8.988081 1.752544 19.639400 -7.705688 -17.395020 -50.529480 -2.01 2.01 7.9 7.9 8.8965 -2.6778 -0.3436 -0.0172 -0.062292 -0.047315 10.85 510 870 -0.19 70.00 0.0000 0.0000
1.204 2 4.442495 0.927817 12.097588 -27.832031 -67.466736 -50.041199 -2.34 2.34 -7.8 -7.8 4.7783 3.2902 -0.3384 -0.0176 -0.072674 -0.142301 10.81 510 890 -0.10 -70.00 -0.0000 -0.0000
1.219 2 -1.344976 -0.863086 2.495757 -19.363403 7.286072 -47.592163 -2.51 2.51 7.9 7.9 5.9051 9.2621 -0.3396 -0.0175 -0.077865 0.032484 10.85 510 870 -0.27 70.00 0.0000 0.0000
1.234 2 5.866587 -4.552778 16.715097 -15.335083 -56.541443 -38.368225 -2.60 2.60 -7.9 -7.9 -2.6258 2.1917 -0.3358 -0.0178 -0.080460 -0.140807 10.88 510 900 -0.10 -70.00 -0.0000 -0.0000
1.249 2 2.790644 4.926782 19.639400 -0.808716 15.174866 -16.868591 -2.43 2.43 8.0 8.0 11.3636 13.5227 -0.3358 -0.0178 -0.075269 0.093117 10.96 510 820 -0.33 70.00 0.0000 0.0000
1.264 2 3.651333 -2.831401 3.310894 3.479004 -65.071106 -16.532898 -2.34 2.34 -7.9 -7.9 -5.3875 -2.1499 -0.3332 -0.0180 -0.072674 -0.142906 10.90 510 900 -0.10 -70.00 0.0000 0.0000
1.279 2 2.584463 -1.678223 19.639400 -6.721497 0.320435 -8.178711 -2.43 2.43 -8.1 -8.1 12.1826 13.5227 -0.3330 -0.0180 -0.075269 -0.080700 11.14 510 820 -0.16 -59.36 0.0000 0.0000
1.294 2 -6.401220 -6.235795 9.100761 8.934021 -26.184082 -7.408142 -2.34 2.34 8.0 8.0 -8.8384 -9.2621 -0.3340 -0.0179 -0.072674 -0.229712 11.01 510 830 -0.01 70.00 0.0000 0.0000
1.309 2 16.808598 5.909741 19.546499 -3.395081 -3.601074 -6.095886 -2.26 2.26 -7.7 -7.7 3.1521 5.4527 -0.3321 -0.0180 -0.070078 -0.199094 10.74 510 910 -0.04 -70.00 -0.0000 -0.0000
1.324 2 -2.229639 -1.165166 19.639400 1.724243 42.526245 -1.602173 -2.34 2.34 7.8 7.8 2.2613 2.6778 -0.3344 -0.0179 -0.072674 -0.095828 10.81 510 900 -0.14 70.00 0.0000 0.0000
1.339 2 1.596709 -0.011987 19.639400 4.035950 -30.845642 -2.075195 -2.34 2.34 -8.1 -8.1 -9.7286 -10.9054 -0.3340 -0.0179 -0.072674 -0.370983 11.14 510 820 0.13 -39.85 0.0000 0.0000
1.354 2 -0.769585 3.399600 2.445410 -4.776001 45.547485 3.303528 -2.34 2.34 9.3 9.3 5.3239 2.9720 -0.3372 -0.0177 -0.072674 -0.233133 12.31 510 890 -0.01 70.00 0.0000 0.0000
1.369 2 6.619390 1.706992 4.636689 0.053406 -2.044678 6.217957 -2.34 2.34 -8.6 -8.6 -12.1826 -11.1758 -0.3384 -0.0176 -0.072674 -0.324679 11.60 510 830 0.08 -70.00 -0.0000 -0.0000
1.384 2 4.205146 -1.575132 2.174497 0.427246 50.209045 3.349304 -2.26 2.26 -8.3 -8.3 5.7300 5.5195 -0.3398 -0.0175 -0.070078 -0.228814 11.31 510 900 -0.01 -70.00 -0.0000 -0.0000
1.399 2 -8.072250 -15.161543 9.232622 17.929077 38.490295 9.407043 -2.09 2.09 7.8 7.8 -17.1173 -15.7241 -0.3442 -0.0172 -0.064887 -0.237505 10.77 510 830 -0.00 70.00 0.0000 0.0000
1.414 2 5.473403 -18.793695 -8.702783 8.491516 12.107849 6.752014 -2.01 2.01 -7.8 -7.8 -3.6254 5.1417 -0.3440 -0.0172 -0.062292 -0.244317 10.77 510 910 0.00 -70.00 -0.0000 -0.0000
1.429 2 -4.617510 -3.131084 6.784814 -7.919312 60.134888 24.276733 -1.84 1.84 9.1 9.1 -5.3661 -4.3763 -0.3484 -0.0169 -0.057101 -0.182414 12.13 510 900 -0.06 70.00 0.0000 0.0000
1.444 2 -1.237090 -2.414243 18.160767 0.305176 38.131714 17.013550 -1.84 1.84 7.9 7.9 -9.3908 -9.3908 -0.3504 -0.0168 -0.057101 -0.388630 10.90 510 820 0.15 70.00 0.0000 0.0000
1.459 2 3.135879 -2.049829 19.639400 0.999451 62.576294 15.365601 -1.59 1.59 -7.9 -7.9 -1.7585 2.8114 -0.3522 -0.0167 -0.049314 -0.410354 10.92 510 890 0.17 -70.00 0.0000 0.0000
1.474 2 2.565283 -4.430508 -1.601504 5.439758 58.494568 18.074036 -1.51 1.51 -8.1 -8.1 -17.5619 -16.2924 -0.3572 -0.0165 -0.046719 -0.385374 11.11 510 840 0.15 -70.00 0.0000 0.0000
1.489 2 0.827124 -0.683276 6.883110 4.005432 97.549438 20.812988 -1.26 1.26 2.6 3.6 -3.6254 -1.4763 -0.3603 -0.0164 -0.038932 -0.350403 10.84 510 900 0.11 4.18 0.0000 0.0000
1.504 2 -6.571440 3.262944 11.256079 6.637573 109.260559 22.666931 -1.00 1.00 7.6 7.6 -13.0026 -12.1826 -0.3665 -0.0161 -0.031146 -0.292710 10.62 510 830 0.05 70.00 0.0000 0.0000
1.519 2 8.803476 -4.814101 5.137759 4.844666 81.802368 23.612976 -0.84 0.84 -7.9 -7.9 -12.4061 -9.0151 -0.3677 -0.0161 -0.025955 -0.323254 10.88 510 830 0.08 -70.00 -0.0000 -0.0000
1.534 2 -3.059160 -0.059937 19.639400 0.137329 114.418030 26.412964 -0.59 0.59 10.1 10.1 -7.3096 -4.7448 -0.3731 -0.0160 -0.018168 -0.246228 13.08 510 860 0.01 70.00 0.0000 0.0000
1.549 2 1.553555 0.390786 12.080805 0.633240 75.721741 32.714844 -0.42 0.42 8.1 8.1 -15.5433 -15.5433 -0.3767 -0.0159 -0.012977 -0.383964 11.11 510 830 0.14 15.46 0.0000 0.0000
1.564 2 4.488047 -5.710752 19.639400 0.617981 83.290100 32.798767 -0.17 0.17 -8.1 -8.1 -1.4731 3.4942 -0.3786 -0.0159 -0.005191 -0.313987 11.09 510 900 0.07 -70.00 0.0000 0.0000
1.579 2 -6.480337 -5.135361 -12.485976 1.899719 74.546814 23.620605 -0.17 0.17 7.2 7.2 -12.0738 -9.7991 -0.3842 -0.0159 -0.005191 -0.255857 10.24 510 830 0.02 70.00 0.0000 0.0000
1.594 2 7.734209 4.061299 12.965468 6.080627 54.016113 11.589050 -0.08 0.08 8.5 8.5 2.1096 2.0489 -0.3836 -0.0159 -0.002595 -0.208341 11.50 510 900 -0.03 26.58 0.0000 0.0000
1.609 2 -3.512280 2.625220 13.128495 -3.479004 58.364868 10.841370 -0.08 0.08 7.5 7.5 -7.5970 -8.2961 -0.3884 -0.0159 -0.002595 -0.167980 10.54 510 820 -0.07 70.00 0.0000 0.0000
1.624 2 7.223549 4.080478 19.639400 -7.644653 14.129639 6.370544 0.17 -0.17 -7.7 -7.7 -2.0489 -6.8643 -0.3874 -0.0159 0.005191 -0.228871 10.68 510 870 -0.01 -70.00 -0.0000 -0.0000
1.639 2 -3.406792 -7.295474 -10.297094 -5.584717 52.276611 8.682251 0.33 -0.33 7.4 7.4 -7.7273 -4.6470 -0.3922 -0.0159 0.010382 -0.073925 10.43 510 850 -0.17 70.00 0.0000 0.0000
1.654 2 11.642070 -1.313809 12.929506 -8.430481 10.108948 14.114380 0.42 -0.42 -7.9 -7.9 -6.5964 -7.2314 -0.3912 -0.0159 0.012977 -0.184144 10.95 510 870 -0.06 -70.00 0.0000 0.0000
1.669 2 -0.719238 -5.864189 19.639400 0.213623 65.544128 7.316589 0.50 -0.50 8.2 8.2 1.9541 11.1758 -0.3926 -0.0159 0.015573 -0.080647 11.20 510 860 -0.16 70.00 0.0000 0.0000
1.684 2 1.790903 -0.417158 8.055469 9.040833 -0.282288 13.320923 0.84 -0.84 -9.3 -9.3 -11.0842 -6.9705 -0.3934 -0.0159 0.025955 -0.302327 12.26 510 820 0.06 -70.00 -0.0000 -0.0000
1.699 2 8.206509 -12.370898 -5.677187 -16.250610 15.426636 31.204224 1.00 -1.00 -8.6 -8.6 8.7810 10.8182 -0.3922 -0.0159 0.031146 -0.176123 11.60 510 820 -0.06 -70.00 -0.0000 -0.0000
1.714 2 -0.517852 -9.230225 -14.564575 7.843018 17.936707 18.119812 1.09 -1.09 7.1 7.1 -4.5378 -6.5013 -0.3944 -0.0160 0.033741 -0.166168 10.14 510 890 -0.07 70.00 0.0000 0.0000
1.729 2 2.325537 -13.181240 -19.639999 1.060486 -24.063110 8.377075 1.17 -1.17 -9.7 -9.7 -4.7117 3.0525 -0.3918 -0.0159 0.036337 -0.266983 12.69 510 900 0.03 -70.00 0.0000 0.0000
1.744 2 -1.006934 -4.761357 2.697144 3.822327 26.695251 2.281189 1.00 -1.00 9.4 9.4 6.5327 1.7911 -0.3926 -0.0159 0.031146 -0.134795 12.37 510 890 -0.11 70.00 0.0000 0.0000
1.759 2 5.969677 -5.981665 16.918880 2.426147 -24.230957 -17.120361 1.09 -1.09 -7.7 -7.7 4.9534 4.8995 -0.3900 -0.0158 0.033741 -0.196880 10.66 510 890 -0.04 -70.00 -0.0000 -0.0000
1.774 2 -1.795698 -2.057021 8.000327 -18.112183 14.343262 -12.275696 1.17 -1.17 7.9 7.9 2.2315 7.9545 -0.3914 -0.0159 0.036337 -0.015279 10.87 510 860 -0.22 70.00 0.0000 0.0000
1.789 2 0.870278 0.402773 19.639400 3.570557 -54.702759 -24.528503 1.51 -1.51 -7.9 -7.9 -5.2414 3.1158 -0.3874 -0.0157 0.046719 -0.102305 10.92 510 900 -0.14 -70.00 -0.0000 -0.0000
1.804 2 -2.630015 1.934751 15.885575 3.135681 4.013062 -14.862061 1.67 -1.67 8.1 8.1 6.5013 7.2314 -0.3878 -0.0157 0.051910 0.044617 11.12 510 860 -0.28 70.00 0.0000 0.0000
1.819 2 7.429731 -4.622304 13.008622 -5.905151 -36.781311 -16.670227 1.59 -1.59 -7.7 -7.7 8.1956 6.6614 -0.3836 -0.0155 0.049314 -0.067454 10.73 510 860 -0.17 -70.00 0.0000 0.0000
1.834 2 -1.644658 0.347632 2.529321 -4.913330 9.994507 -29.602051 1.67 -1.67 7.9 7.9 5.2211 8.0016 -0.3842 -0.0156 0.051910 0.130671 10.92 510 860 -0.37 70.00 0.0000 0.0000
1.849 2 7.050932 5.207285 -13.154868 7.751465 -50.682068 -38.208008 1.67 -1.67 -8.1 -8.1 3.8417 3.2506 -0.3802 -0.0154 0.051910 -0.057472 11.09 510 900 -0.18 -70.00 0.0000 0.0000
1.864 2 -0.733623 0.352427 16.727085 -9.590149 20.095825 -40.977478 1.51 -1.51 8.2 8.2 15.1940 13.5227 -0.3782 -0.0153 0.046719 0.124110 11.22 510 810 -0.36 70.00 0.0000 0.0000
1.879 2 3.658525 -0.076719 -7.679067 0.610352 -65.963745 -61.592102 1.34 -1.34 -8.4 -8.4 2.4498 2.3396 -0.3737 -0.0151 0.041528 -0.056443 11.44 510 900 -0.18 -70.00 0.0000 0.0000
1.894 2 11.399926 -4.679843 10.944408 -5.271912 -26.161194 -58.952332 1.09 -1.09 -7.8 -7.8 18.5242 15.0252 -0.3707 -0.0150 0.033741 0.149748 10.84 510 830 -0.39 -70.00 0.0000 0.0000
1.909 2 -8.326382 0.333247 19.639400 0.320435 -46.943665 -71.609497 0.67 -0.67 7.7 7.7 4.5076 -6.0913 -0.3685 -0.0149 0.020764 0.037046 10.74 510 900 -0.28 70.00 0.0000 0.0000
1.924 2 4.114043 -3.039980 19.639400 -1.281738 -65.887451 -74.478149 0.50 -0.50 -7.7 -7.7 13.0026 10.2445 -0.3629 -0.0148 0.015573 0.074008 10.74 510 820 -0.31 -70.00 0.0000 0.0000
1.939 2 -2.701938 -3.392407 7.914018 -9.025574 -60.363770 -81.329346 0.25 -0.25 7.7 7.7 6.6944 1.0784 -0.3615 -0.0148 0.007786 0.012461 10.74 510 900 -0.25 70.00 0.0000 0.0000
1.954 2 3.572217 0.155835 14.905014 -0.785828 -92.041016 -91.896057 -0.17 0.17 -7.8 -7.8 9.2621 6.6614 -0.3548 -0.0148 -0.005191 -0.129577 10.77 510 860 -0.11 -32.35 0.0000 0.0000
1.969 2 -4.164390 2.021060 16.170874 -23.597717 -35.118103 -88.119507 -0.42 0.42 8.0 8.0 14.2344 13.0026 -0.3530 -0.0148 -0.012977 0.092854 11.00 510 830 -0.33 70.00 0.0000 0.0000
1.984 2 12.052035 1.752544 7.959570 -6.835938 -113.197327 -100.715637 -0.84 0.84 -7.4 -7.4 6.7613 3.9890 -0.3468 -0.0149 -0.025955 -0.020561 10.41 510 880 -0.22 -70.00 0.0000 0.0000
1.999 2 0.889458 -7.391372 6.940649 -8.216858 -61.515808 -92.285156 -1.26 1.26 8.0 8.0 17.3368 12.5210 -0.3450 -0.0150 -0.038932 0.199089 11.00 510 820 -0.44 70.00 0.0000 0.0000
2.014 2 -2.016265 -3.133481 13.907670 5.706787 -119.010925 -103.569031 -1.76 1.76 7.9 7.9 -9.7991 -6.1747 -0.3406 -0.0151 -0.054505 -0.022476 10.88 510 860 -0.22 70.00 0.0000 0.0000
2.029 2 1.220308 1.819673 12.092793 -20.156860 -66.246033 -97.640991 -2.34 2.34 8.4 8.4 22.1684 15.3667 -0.3376 -0.0154 -0.072674 0.181080 11.44 510 810 -0.42 70.00 0.0000 0.0000
2.044 2 -0.105488 -5.051450 14.080288 -10.711670 -138.687134 -96.847534 -2.85 2.85 9.7 9.7 2.5182 -2.0836 -0.3331 -0.0157 -0.088246 -0.014749 12.69 510 880 -0.23 70.00 0.0000 0.0000
2.059 2 10.666304 1.925161 16.377054 -40.756226 -109.375000 -72.257996 -3.35 3.35 -9.0 -9.0 15.9091 8.4517 -0.3291 -0.0161 -0.103819 0.037885 11.96 510 830 -0.28 -70.00 -0.0000 -0.0000
2.074 2 -5.406274 -2.567681 -6.859136 -21.850586 -84.503174 -71.807861 -4.02 4.02 7.2 7.2 -1.9741 -6.9347 -0.3299 -0.0160 -0.124583 0.056761 10.20 510 860 -0.30 70.00 0.0000 0.0000
2.089 2 3.406792 8.563730 4.195557 -32.897949 -110.305786 -77.018738 -4.69 4.69 -7.8 -7.8 15.5433 7.4711 -0.3244 -0.0168 -0.145347 0.015532 10.76 510 830 -0.26 -70.00 0.0000 0.0000
2.104 2 -3.622563 6.242988 12.123960 -40.023804 -94.856262 -66.162109 -4.94 4.94 -9.3 -9.3 -1.7935 8.8384 -0.3246 -0.0167 -0.153134 -0.110425 12.26 510 860 -0.13 -70.00 -0.0000 -0.0000
2.119 2 0.872676 1.251475 19.639400 -8.995056 -14.160156 -44.624329 -5.11 5.11 2.0 8.1 17.7930 13.9409 -0.3214 -0.0172 -0.158325 -0.053348 11.09 510 830 -0.19 27.40 0.0000 0.0000
2.134 2 2.505347 2.795439 11.344785 4.539490 -80.543518 -36.697388 -5.44 5.44 -7.9 -7.9 -1.9741 -6.4089 -0.3198 -0.0175 -0.168706 -0.290396 10.95 510 890 0.05 -70.00 0.0000 0.0000
2.149 2 11.054692 -3.342060 -3.708872 -2.311707 -36.476135 -35.736084 -5.61 5.61 -7.7 -7.7 12.5210 8.6132 -0.3178 -0.0178 -0.173897 -0.194003 10.74 510 840 -0.05 -70.00 0.0000 0.0000
2.164 2 -5.003501 2.620425 -4.130825 -17.044067 -15.365601 -18.882751 -5.86 5.86 8.9 8.9 -7.5970 -10.4827 -0.3208 -0.0173 -0.181684 -0.299520 11.93 510 830 0.06 70.00 0.0000 0.0000
2.179 2 13.874106 1.927559 -9.060004 -13.893127 -18.257141 -15.930176 -6.11 6.11 -7.7 -7.7 4.2929 3.3307 -0.3190 -0.0176 -0.189470 -0.213765 10.74 510 890 -0.03 -70.00 -0.0000 -0.0000
2.194 2 -7.995532 2.781054 19.639400 -0.015259 35.469055 -11.863708 -6.45 6.45 7.9 7.9 -6.0369 -9.3908 -0.3233 -0.0168 -0.199852 -0.179120 10.85 510 860 -0.06 70.00 0.0000 0.0000
2.209 2 6.727275 2.668374 19.639400 -8.293152 12.969971 -12.542725 -6.36 6.36 -7.9 -7.9 -4.5840 2.1602 -0.3228 -0.0169 -0.197257 -0.366740 10.92 510 900 0.13 -70.00 0.0000 0.0000
2.224 2 -2.769067 1.560747 5.770689 -12.641907 60.226440 9.811401 -6.28 6.28 9.1 9.1 -6.8643 -4.8295 -0.3269 -0.0161 -0.194661 -0.383905 12.06 510 870 0.14 70.00 0.0000 0.0000
2.239 2 4.217134 -1.558350 19.639400 1.884460 44.761658 15.121460 -6.03 6.03 -7.9 -7.9 -7.5546 -1.5228 -0.3275 -0.0160 -0.186875 -0.500980 10.88 510 860 0.26 -70.00 -0.0000 -0.0000
2.254 2 -4.509624 -5.250439 11.414311 3.417969 94.718933 22.369385 -5.86 5.86 7.8 7.8 -6.8993 -5.0837 -0.3326 -0.0150 -0.181684 -0.348171 10.77 510 850 0.11 70.00 0.0000 0.0000
2.269 2 6.197436 -6.799199 19.639400 9.284973 27.740479 33.134460 -5.44 5.44 -8.0 -8.0 -13.6593 -9.5906 -0.3332 -0.0149 -0.168706 -0.459236 10.98 510 820 0.22 -70.00 0.0000 0.0000
2.284 2 4.392148 2.478975 17.791557 14.633179 89.729309 37.338257 -5.02 5.02 7.9 7.9 -4.3763 2.2613 -0.3382 -0.0141 -0.155729 -0.296287 10.87 510 900 0.06 70.00 0.0000 0.0000
2.299 2 5.801855 -4.248301 -17.990547 19.401550 12.809753 50.308228 -4.52 4.52 -8.2 -8.2 -17.3368 -12.0738 -0.3390 -0.0140 -0.140156 -0.493782 11.17 510 830 0.25 -70.00 -0.0000 -0.0000
2.314 2 5.044258 -1.028511 -15.319775 13.595581 94.879150 57.006836 -4.19 4.19 -7.8 -7.8 -4.5840 6.6944 -0.3442 -0.0133 -0.129774 -0.313752 10.81 510 890 0.07 -70.00 0.0000 0.0000
2.329 2 2.507744 0.774380 -0.613750 23.178101 37.864685 56.999207 -3.77 3.77 -8.1 -8.1 -18.5242 -14.5405 -0.3464 -0.0130 -0.116797 -0.473890 11.14 510 830 0.23 -70.00 -0.0000 -0.0000
2.344 2 4.763755 1.306616 13.835747 8.224487 107.345581 56.991577 -3.43 3.43 7.9 7.9 -2.2727 3.7879 -0.3508 -0.0125 -0.106415 -0.354787 10.95 510 890 0.11 19.73 0.0000 0.0000
2.359 2 -17.431938 -7.942788 11.682827 17.936707 77.590942 38.391113 -3.18 3.18 9.3 9.3 -21.4646 -19.3181 -0.3562 -0.0120 -0.098628 -0.502216 12.28 510 800 0.26 70.00 0.0000 0.0000
2.374 2 7.657490 -7.762978 -2.078598 15.213013 106.414795 37.162781 -3.01 3.01 -8.3 -8.3 3.0944 2.2613 -0.3590 -0.0117 -0.093437 -0.343631 11.34 510 900 0.10 -70.00 -0.0000 -0.0000
2.389 2 -0.093501 -11.953740 -19.546499 17.791748 82.031250 40.458679 -2.76 2.76 7.6 7.6 -15.1940 -13.1288 -0.3648 -0.0112 -0.085651 -0.312374 10.63 510 810 0.07 70.00 0.0000 0.0000
2.404 2 4.502431 3.262944 14.667665 4.959106 75.790405 31.845093 -2.68 2.68 7.3 8.1 -6.5644 -4.3481 -0.3662 -0.0111 -0.083055 -0.375581 11.09 510 900 0.14 7.90 0.0000 0.0000
2.419 2 -3.677705 2.083394 13.787797 -2.403259 62.789917 30.586243 -2.51 2.51 -9.9 -9.9 -10.4827 -10.7323 -0.3714 -0.0106 -0.077865 -0.367508 12.89 510 820 0.13 -70.00 -0.0000 -0.0000
2.434 2 12.840800 3.018403 -1.913174 -0.595093 67.825317 31.913757 -2.26 2.26 -7.9 -7.9 -4.3622 -1.1460 -0.3728 -0.0105 -0.070078 -0.321816 10.93 510 910 0.08 -70.00 0.0000 0.0000
2.449 2 -1.263462 -3.807168 -11.889009 -1.304626 95.275879 31.227112 -2.01 2.01 8.9 8.9 -9.6591 -4.9534 -0.3786 -0.0102 -0.062292 -0.258386 11.90 510 860 0.02 70.00 0.0000 0.0000
2.464 2 9.201455 3.512280 19.639400 2.380371 67.764282 38.085938 -1.67 1.67 -7.9 -7.9 -11.1758 -5.6345 -0.3798 -0.0101 -0.051910 -0.308160 10.85 510 870 0.07 -56.75 -0.0000 -0.0000
2.479 2 -1.220308 0.055142 19.639400 -0.305176 92.895508 38.604736 -1.42 1.42 7.6 7.6 -5.9310 -4.0854 -0.3848 -0.0098 -0.044123 -0.121010 10.65 510 890 -0.12 70.00 0.0000 0.0000
2.494 2 2.478975 -3.567422 19.639400 0.358582 22.377014 38.040161 -1.17 1.17 -8.0 -8.0 -13.1288 -11.9670 -0.3859 -0.0098 -0.036337 -0.294887 11.04 510 820 0.05 -70.00 -0.0000 -0.0000
2.509 2 -2.172100 -4.936372 -6.070371 -10.154724 79.902649 31.585693 -1.17 1.17 10.1 10.1 8.0974 -2.9333 -0.3895 -0.0097 -0.036337 -0.154112 13.12 510 860 -0.09 70.00 0.0000 0.0000
2.524 2 6.626582 1.800493 19.639400 3.128052 7.911682 25.581360 -0.84 0.84 -7.9 -7.9 -8.5587 -2.2315 -0.3891 -0.0097 -0.025955 -0.289140 10.85 510 860 0.05 -70.00 -0.0000 -0.0000
2.539 2 1.359360 0.673687 13.584013 -9.384155 68.344116 24.635315 -0.75 0.75 8.0 8.0 2.8172 2.1096 -0.3917 -0.0096 -0.023359 -0.062237 11.03 510 900 -0.18 70.00 0.0000 0.0000
2.554 2 2.148125 2.301562 -0.088706 7.705688 -11.459351 10.551453 -0.84 0.84 -7.6 -7.6 -4.9534 -4.9716 -0.3907 -0.0096 -0.025955 -0.289902 10.62 510 910 0.05 -70.00 -0.0000 -0.0000
2.569 2 -1.402515 2.126548 -19.639999 -10.360718 53.085327 9.735107 -0.67 0.67 7.9 7.9 -3.3722 2.8172 -0.3939 -0.0096 -0.020764 -0.052657 10.87 510 900 -0.19 70.00 0.0000 0.0000
2.584 2 11.433491 0.433940 -10.038169 5.851746 -12.954712 9.712219 -0.33 0.33 -8.1 -8.1 2.0335 3.9425 -0.3911 -0.0096 -0.010382 -0.104384 11.12 510 900 -0.14 -70.00 0.0000 0.0000
2.599 2 -6.334092 4.998706 6.806391 -11.909485 33.843994 12.329102 -0.25 0.25 7.9 7.9 2.3355 2.2205 -0.3925 -0.0096 -0.007786 -0.081696 10.85 510 900 -0.16 70.00 0.0000 0.0000
2.614 2 15.032080 1.649453 13.370639 0.350952 -33.477783 1.083374 -0.08 0.08 -7.8 -7.8 4.6153 7.3895 -0.3877 -0.0096 -0.002595 -0.124987 10.81 510 860 -0.12 -70.00 -0.0000 -0.0000
2.629 2 -1.261064 0.532236 -5.864189 -9.971619 9.719849 -3.135681 0.08 -0.08 8.0 8.0 4.2391 10.1674 -0.3885 -0.0096 0.002595 -0.012436 10.98 510 860 -0.23 70.00 0.0000 0.0000
2.644 2 11.759545 -8.887387 -6.418003 12.001038 -59.165955 -2.304077 0.33 -0.33 -7.7 -7.7 3.4409 5.5195 -0.3842 -0.0096 0.010382 -0.195910 10.74 510 900 -0.04 -70.00 -0.0000 -0.0000
2.659 2 -1.419297 4.641484 13.126099 -19.912720 0.053406 7.972717 0.50 -0.50 7.9 7.9 10.9941 13.7987 -0.3830 -0.0096 0.015573 -0.009803 10.93 510 820 -0.23 70.00 0.0000 0.0000
2.674 2 0.678481 -3.694487 16.034218 5.706787 -56.304932 -7.270813 0.67 -0.67 9.7 9.7 4.3905 6.5327 -0.3786 -0.0095 0.020764 -0.111905 12.70 510 890 -0.13 70.00 0.0000 0.0000
2.689 2 10.256337 2.665977 19.639400 -25.352478 -26.748657 -6.507874 0.75 -0.75 8.0 8.0 16.4911 16.4911 -0.3752 -0.0094 0.023359 0.005188 11.00 510 830 -0.25 70.00 0.0000 0.0000
2.704 2 -9.357289 -1.368950 19.639400 8.476257 -54.702759 -21.476746 0.92 -0.92 7.9 7.9 -5.9051 -2.3076 -0.3728 -0.0094 0.028550 -0.091982 10.93 510 900 -0.15 70.00 0.0000 0.0000
2.719 2 6.432387 4.020542 4.850063 4.219055 -76.118469 -24.475098 0.75 -0.75 -7.3 -7.3 6.5644 8.2961 -0.3692 -0.0093 0.023359 -0.013764 10.35 510 870 -0.23 -70.00 0.0000 0.0000
2.734 2 -5.643623 -7.259511 -3.449946 -2.807617 -4.852295 -32.058716 0.67 -0.67 8.0 8.0 17.5619 14.0861 -0.3669 -0.0092 0.020764 0.158466 11.04 510 840 -0.40 70.00 0.0000 0.0000
2.749 2 -2.267998 -2.519731 6.662544 9.498596 -72.143555 -46.234131 0.42 -0.42 7.7 7.7 5.3030 3.4497 -0.3615 -0.0091 0.012977 -0.028835 10.71 510 890 -0.21 70.00 0.0000 0.0000
2.764 2 7.456103 -10.635137 17.062729 -30.563354 -40.596008 -52.833557 0.17 -0.17 -0.8 2.5 22.1684 16.2924 -0.3569 -0.0091 0.005191 0.036854 12.39 510 810 -0.28 13.51 0.0000 0.0000
2.779 2 -2.980044 1.249077 4.020542 -3.562927 -92.605591 -76.866150 -0.08 0.08 9.7 9.7 1.9181 -2.0213 -0.3535 -0.0091 -0.002595 -0.107285 12.67 510 900 -0.13 70.00 0.0000 0.0000
2.794 2 -4.483252 1.747749 -0.177412 7.659912 -32.775879 -57.334900 -0.50 0.50 7.9 7.9 15.5433 10.0916 -0.3509 -0.0091 -0.015573 0.040665 10.92 510 830 -0.28 70.00 0.0000 0.0000
2.809 2 -0.498672 1.352168 7.146831 -4.730225 -87.905884 -73.387146 -1.26 1.26 -8.5 -8.5 3.1743 -2.1917 -0.3474 -0.0092 -0.038932 -0.060293 11.55 510 890 -0.18 -20.36 -0.0000 -0.0000
2.824 2 10.723843 -4.236313 -5.509365 0.198364 -74.836731 -69.122314 -1.59 1.59 8.1 8.1 16.9034 13.6593 -0.3442 -0.0093 -0.049314 0.172697 11.11 510 820 -0.41 70.00 0.0000 0.0000
2.839 2 -7.899633 1.766929 11.821879 -16.540527 -95.977783 -73.867798 -2.01 2.01 8.5 8.5 2.0740 -7.7717 -0.3420 -0.0094 -0.062292 -0.034996 11.50 510 860 -0.21 70.00 0.0000 0.0000
2.854 2 -1.927559 -0.417158 12.275000 16.410828 -62.171936 -56.274414 -2.51 2.51 8.1 8.1 2.5955 -1.2227 -0.3416 -0.0095 -0.077865 -0.127157 11.06 510 900 -0.11 70.00 0.0000 0.0000
2.869 2 19.639400 -13.869311 -2.095381 -37.223816 -100.364685 -41.679382 -3.18 3.18 -7.8 -7.8 11.4599 9.8706 -0.3364 -0.0099 -0.098628 -0.091315 10.81 510 840 -0.15 -70.00 0.0000 0.0000
2.884 2 0.824727 -7.842094 -19.639999 -2.243042 -103.637695 -56.808472 -3.35 3.35 -7.8 -7.8 -2.6831 -3.2664 -0.3380 -0.0098 -0.103819 -0.123903 10.77 510 890 -0.12 -70.00 0.0000 0.0000
2.899 2 5.576494 5.897754 13.483320 -27.832031 -63.194275 -16.387939 -3.68 3.68 -7.8 -7.8 16.9034 11.8620 -0.3352 -0.0101 -0.114201 -0.093508 10.84 510 820 -0.15 -18.81 0.0000 0.0000
2.914 2 -0.369209 0.618545 3.078340 -25.878906 -96.923828 -22.972107 -3.94 3.94 7.8 7.8 2.9397 -3.1743 -0.3318 -0.0105 -0.121988 -0.272430 10.76 510 900 0.03 70.00 0.0000 0.0000
2.929 2 17.985752 -0.275708 -3.898271 18.531799 -84.091187 -1.846313 -4.52 4.52 -8.8 -8.8 15.9091 8.0492 -0.3292 -0.0108 -0.140156 -0.178925 11.82 510 830 -0.06 -70.00 -0.0000 -0.0000
2.944 2 -3.466728 1.855635 2.210459 28.709412 -75.660706 -12.214661 -5.19 5.19 7.8 7.8 -7.2314 -12.6380 -0.3304 -0.0106 -0.160920 -0.214348 10.79 510 830 -0.03 70.00 0.0000 0.0000
2.959 2 -4.816499 10.826933 9.836782 -33.782959 -4.325867 -14.122009 -5.44 5.44 8.0 8.0 -3.5033 -2.9397 -0.3318 -0.0104 -0.168706 -0.308890 11.04 510 890 0.07 70.00 0.0000 0.0000
2.974 2 4.070889 6.883110 -0.047949 -13.900757 -13.633728 8.453369 -5.53 5.53 -7.8 -7.8 6.9705 7.9545 -0.3272 -0.0112 -0.171302 -0.336255 10.79 510 820 0.10 -70.00 -0.0000 -0.0000
2.989 2 -4.384956 -7.506450 -6.945444 -6.492615 26.580811 -2.151489 -5.69 5.69 7.6 7.6 -5.3449 -6.4089 -0.3300 -0.0107 -0.176493 -0.318815 10.62 510 900 0.08 70.00 0.0000 0.0000
3.004 2 3.236572 -0.625737 14.629306 3.456116 9.033203 -5.844116 -5.53 5.53 -8.0 -8.0 -4.7953 -7.1549 -0.3284 -0.0110 -0.171302 -0.423643 11.03 510 860 0.18 -33.00 -0.0000 -0.0000
3.019 2 2.857773 -1.318604 -5.375107 6.202698 62.004089 7.019043 -5.53 5.53 -10.0 -10.0 3.2664 4.1354 -0.3316 -0.0104 -0.171302 -0.323157 12.97 510 910 0.08 -70.00 -0.0000 -0.0000
3.034 2 7.993134 -1.500811 11.697211 2.693176 39.169312 12.840271 -5.44 5.44 -8.0 -8.0 -13.9409 -13.9409 -0.3334 -0.0101 -0.168706 -0.425256 10.98 510 830 0.19 -70.00 0.0000 0.0000
3.049 2 1.762134 1.848442 -6.897495 6.454468 137.977600 14.999390 -5.36 5.36 -9.1 -9.1 -2.2651 3.2982 -0.3371 -0.0095 -0.166111 -0.243123 12.12 510 900 0.00 -70.00 0.0000 0.0000
3.064 2 2.893735 0.318862 7.182793 12.886047 79.650879 22.933960 -5.11 5.11 -2.5 2.5 -17.5619 -16.2924 -0.3405 -0.0089 -0.158325 -0.394602 11.56 510 820 0.15 -7.81 -0.0000 -0.0000
3.079 2 14.703628 -13.114111 8.645244 4.302979 115.257263 32.615662 -4.77 4.77 -8.9 -8.9 3.1230 4.9899 -0.3421 -0.0087 -0.147943 -0.271498 11.91 510 900 0.03 -70.00 -0.0000 -0.0000
3.094 2 -10.999551 2.140933 4.468867 10.856628 100.791931 37.651062 -4.52 4.52 7.9 7.9 -16.9034 -13.6593 -0.3471 -0.0080 -0.140156 -0.375946 10.95 510 830 0.14 70.00 0.0000 0.0000
3.109 2 13.766220 -15.710561 6.235795 8.308411 112.808228 38.681030 -4.19 4.19 -7.8 -7.8 3.8858 4.5378 -0.3471 -0.0080 -0.129774 -0.202197 10.82 510 900 -0.04 -70.00 -0.0000 -0.0000
3.124 2 -6.271758 7.060522 4.334609 0.625610 106.658936 29.434204 -4.10 4.10 7.6 7.6 -9.5906 -7.0066 -0.3521 -0.0073 -0.127179 -0.278767 10.60 510 830 0.04 70.00 0.0000 0.0000
3.139 2 5.411069 -0.251733 11.246489 -8.644104 59.745789 30.006409 -4.02 4.02 -7.8 -7.8 -5.3239 2.5660 -0.3507 -0.0075 -0.124583 -0.269731 10.79 510 910 0.03 -70.00 0.0000 0.0000
3.154 2 2.462192 0.189399 -11.164975 -6.729126 75.057983 23.368835 -3.68 3.68 -9.2 -9.2 -3.3389 4.7783 -0.3535 -0.0071 -0.114201 -0.266199 12.24 510 900 0.03 -70.00 0.0000 0.0000
3.169 2 1.500811 1.510400 11.344785 5.271912 67.169189 33.645630 -3.43 3.43 9.1 9.1 -6.3786 -1.0827 -0.3549 -0.0070 -0.106415 -0.343495 12.09 510 900 0.10 70.00 0.0000 0.0000
3.184 2 7.532822 3.847925 14.869052 -0.778198 38.429260 39.459229 -3.18 3.18 -7.9 -7.9 2.2998 3.3144 -0.3539 -0.0071 -0.098628 -0.354126 10.87 510 890 0.11 -70.00 0.0000 0.0000
3.199 2 2.706733 -2.881748 -4.579150 -5.577087 62.690735 26.367188 -3.01 3.01 -9.3 -9.3 6.0913 8.6684 -0.3551 -0.0070 -0.093437 -0.291567 12.29 510 870 0.05 -70.00 0.0000 0.0000
3.214 2 -2.999223 -7.501655 13.519281 12.855530 43.869019 19.454956 -2.68 2.68 9.4 9.4 -11.4599 -8.2455 -0.3559 -0.0069 -0.083055 -0.395616 12.43 510 820 0.16 70.00 0.0000 0.0000
3.229 2 -1.503208 0.117476 19.639400 -11.528015 70.816040 36.781311 -2.26 2.26 7.9 7.9 8.2961 11.7589 -0.3537 -0.0071 -0.070078 -0.241743 10.85 510 820 0.00 70.00 0.0000 0.0000
3.244 2 -6.578633 -10.249146 0.532236 11.924744 45.646667 15.289307 -2.01 2.01 7.5 7.5 -4.8643 -5.2010 -0.3555 -0.0070 -0.062292 -0.238069 10.49 510 890 -0.00 70.00 0.0000 0.0000
3.259 2 10.078925 19.639400 16.612007 -10.948181 20.423889 5.599976 -1.76 1.76 -9.7 -9.7 9.8706 10.4827 -0.3509 -0.0072 -0.054505 -0.048912 12.67 510 830 -0.19 -56.80 0.0000 0.0000
3.274 2 -6.808789 -4.073286 14.938579 5.210876 6.317139 -15.037537 -1.59 1.59 7.8 7.8 -2.3436 3.3891 -0.3513 -0.0072 -0.049314 0.007728 10.76 510 910 -0.25 70.00 0.0000 0.0000
3.289 2 5.732329 -1.265859 14.274482 4.714966 -33.073425 -31.974792 -1.67 1.67 -8.6 -8.6 5.4308 3.7668 -0.3474 -0.0074 -0.051910 -0.057436 11.63 510 890 -0.18 -70.00 -0.0000 -0.0000
3.304 2 5.681982 1.908379 10.778984 -40.397644 -0.297546 -35.575867 -1.76 1.76 -2.6 1.4 17.1173 13.1288 -0.3448 -0.0075 -0.054505 0.014158 10.88 510 830 -0.25 4.67 0.0000 0.0000
3.319 2 -5.137759 -4.006157 7.314653 20.339966 -50.056458 -59.242249 -1.84 1.84 9.2 9.2 -5.5421 -5.7543 -0.3426 -0.0077 -0.057101 -0.158233 12.24 510 890 -0.08 70.00 0.0000 0.0000
3.334 2 2.939287 4.133223 19.639400 3.311157 -18.020630 -62.049866 -2.01 2.01 8.1 8.1 13.0026 11.2689 -0.3398 -0.0078 -0.062292 -0.019078 11.14 510 820 -0.22 70.00 0.0000 0.0000
3.349 2 1.913174 -4.466470 -0.496274 2.159119 -49.156189 -71.449280 -2.60 2.60 -7.8 -7.8 8.8384 -3.3639 -0.3384 -0.0079 -0.080460 -0.072663 10.81 510 870 -0.17 -55.23 0.0000 0.0000
3.364 2 12.380487 -0.129463 19.488960 -12.603760 -62.736511 -79.528809 -3.10 3.10 -7.9 -7.9 18.0303 12.7573 -0.3328 -0.0084 -0.096033 0.015097 10.85 510 830 -0.26 -65.33 -0.0000 -0.0000
3.379 2 2.212856 1.853237 -19.639999 -18.188477 -60.783386 -90.393066 -3.52 3.52 7.9 7.9 11.5579 9.9432 -0.3314 -0.0086 -0.109010 0.075824 10.88 510 820 -0.32 27.62 0.0000 0.0000
3.394 2 -0.836714 0.882266 2.287178 31.143188 -60.913086 -88.981628 -3.85 3.85 8.1 8.1 4.2929 -2.0183 -0.3282 -0.0089 -0.119392 -0.194854 11.14 510 900 -0.05 70.00 0.0000 0.0000
3.409 2 6.137500 2.805029 19.639400 -29.304504 -58.609009 -86.982727 -4.02 4.02 -7.8 -7.8 11.3636 7.3895 -0.3234 -0.0095 -0.124583 -0.138646 10.76 510 820 -0.10 -70.00 -0.0000 -0.0000
3.424 2 -0.690469 -2.802632 16.839766 -26.016235 -33.470154 -87.608337 -4.52 4.52 8.1 8.1 14.8601 13.5227 -0.3218 -0.0097 -0.140156 -0.023286 11.07 510 810 -0.22 70.00 0.0000 0.0000
3.439 2 -4.919590 1.215513 17.985752 21.049500 -43.357849 -88.546753 -5.02 5.02 8.2 8.2 2.1262 -7.9080 -0.3194 -0.0101 -0.155729 -0.198455 11.22 510 850 -0.04 70.00 0.0000 0.0000
3.454 2 8.594897 6.377246 1.927559 -20.210266 -46.943665 -79.818726 -5.36 5.36 -7.8 -7.8 16.9034 12.2934 -0.3139 -0.0110 -0.166111 -0.094158 10.82 510 820 -0.15 -70.00 0.0000 0.0000
3.469 2 -0.436338 2.335127 3.279727 -34.675598 -48.225403 -80.192566 -5.61 5.61 7.8 7.8 1.8006 5.1613 -0.3137 -0.0110 -0.173897 -0.101406 10.77 510 890 -0.14 70.00 0.0000 0.0000
3.484 2 9.453188 2.601245 19.639400 -4.592896 -61.264038 -73.524475 -5.86 5.86 -7.8 -7.8 10.0168 9.3260 -0.3079 -0.0121 -0.181684 -0.102839 10.79 510 820 -0.14 -70.00 -0.0000 -0.0000
3.499 2 -1.963520 1.671030 19.639400 -1.838684 -17.433167 -45.860291 -6.03 6.03 8.1 8.1 14.5405 11.8620 -0.3052 -0.0126 -0.186875 0.005294 11.14 510 820 -0.25 70.00 0.0000 0.0000
3.514 2 1.023716 -2.251216 19.639400 6.683350 -58.677673 -34.309387 -5.95 5.95 -1.3 3.8 1.9263 3.8970 -0.3010 -0.0134 -0.184279 -0.143440 10.88 510 890 -0.10 11.75 0.0000 0.0000
3.529 2 4.761357 -0.028770 0.417158 8.621216 -12.794495 -2.929688 -5.69 5.69 -9.4 -9.4 20.1831 21.1292 -0.2968 -0.0141 -0.176493 0.016016 12.45 510 790 -0.26 -70.00 -0.0000 -0.0000
3.544 2 -1.431284 -2.402256 3.016006 65.811157 -39.924622 -23.262024 -5.36 5.36 -7.9 -7.9 3.0803 7.6399 -0.2921 -0.0150 -0.166111 -0.199610 10.87 510 870 -0.04 -70.00 -0.0000 -0.0000
3.559 2 -3.660923 -1.822070 19.639400 -2.235413 85.441589 -7.736206 -5.36 5.36 8.0 8.0 11.2689 10.6478 -0.2909 -0.0151 -0.166111 -0.121917 11.01 510 830 -0.12 70.00 0.0000 0.0000
3.574 2 6.679326 -9.812807 19.639400 -4.493713 73.387146 12.191772 -5.53 5.53 -7.9 -7.9 21.4646 16.2924 -0.2830 -0.0165 -0.171302 -0.055489 10.93 510 810 -0.18 -51.77 0.0000 0.0000
3.589 2 -0.117476 3.385215 19.639400 17.700195 28.427124 13.549805 -5.95 5.95 8.8 8.8 -3.7150 -4.7117 -0.2808 -0.0169 -0.184279 -0.224690 11.82 510 890 -0.02 70.00 0.0000 0.0000
3.604 2 4.488047 18.390923 6.825571 -3.173828 36.163330 12.969971 -5.44 5.44 -8.9 -8.9 6.8643 9.0151 -0.2784 -0.0173 -0.168706 -0.162998 11.87 510 840 -0.08 -70.00 -0.0000 -0.0000
3.619 2 -2.697144 0.177412 10.177221 0.038147 72.090149 27.252197 -5.19 5.19 7.8 7.8 2.1846 8.0974 -0.2786 -0.0172 -0.160920 -0.120674 10.82 510 850 -0.12 70.00 0.0000 0.0000
3.634 2 11.836265 4.027734 19.639400 -6.217957 20.591736 46.974182 -5.19 5.19 -7.5 -7.5 5.2823 4.6470 -0.2730 -0.0181 -0.160920 -0.191841 10.54 510 890 -0.05 -70.00 -0.0000 -0.0000
3.649 2 -0.110283 -0.759995 -2.620425 9.811401 53.024292 18.058777 -5.53 5.53 8.0 8.0 9.4564 7.0431 -0.2734 -0.0181 -0.171302 -0.044492 11.01 510 830 -0.20 70.00 0.0000 0.0000
3.664 2 3.553037 -1.747749 4.591137 4.333496 0.617981 17.997742 -5.36 5.36 -7.8 -7.8 -2.6412 -3.0457 -0.2703 -0.0186 -0.166111 -0.237632 10.82 510 900 -0.00 -70.00 -0.0000 -0.0000
3.679 2 -0.167822 1.016523 -0.465107 -3.067017 60.859680 16.181946 -5.61 5.61 8.1 8.1 13.3888 11.9670 -0.2697 -0.0187 -0.173897 -0.108893 11.14 510 820 -0.13 70.00 0.0000 0.0000
3.694 2 -2.745093 1.587119 19.639400 9.208679 27.755737 9.773254 -5.44 5.44 8.0 8.0 -8.5587 -8.0974 -0.2685 -0.0189 -0.168706 -0.214759 11.01 510 820 -0.03 70.00 0.0000 0.0000
3.709 2 5.159336 -0.637725 -6.547466 8.888245 48.240662 8.354187 -5.28 5.28 -8.1 -8.1 15.0252 13.6593 -0.2665 -0.0193 -0.163516 0.125712 11.07 510 840 -0.37 -70.00 0.0000 0.0000
3.724 2 -8.530166 -1.889199 19.639400 0.625610 23.445129 10.963440 -5.28 5.28 8.2 8.2 -7.5126 -6.1747 -0.2653 -0.0195 -0.163516 -0.084285 11.17 510 850 -0.16 70.00 0.0000 0.0000
3.739 2 -10.407377 -0.759995 19.639400 0.137329 78.788757 7.728577 -5.19 5.19 7.9 7.9 7.5546 1.2205 -0.2651 -0.0195 -0.160920 0.156651 10.88 510 870 -0.40 70.00 0.0000 0.0000
3.754 2 14.583755 2.138535 -19.639999 -2.639771 5.363464 4.837036 -5.28 5.28 -9.2 -9.2 4.2258 3.2822 -0.2602 -0.0203 -0.163516 -0.083123 12.21 510 890 -0.16 -70.00 -0.0000 -0.0000
3.769 2 -3.634551 -2.296767 -1.093242 -0.175476 80.055237 -12.916565 -5.36 5.36 7.7 7.7 6.2896 5.7789 -0.2588 -0.0206 -0.166111 0.003570 10.73 510 910 -0.24 70.00 0.0000 0.0000
3.784 2 7.405756 3.155058 18.743349 -7.087708 26.588440 -13.511658 -5.36 5.36 -3.6 5.0 4.8995 4.4777 -0.2540 -0.0214 -0.166111 -0.108042 10.85 510 890 -0.13 11.00 0.0000 0.0000
3.799 2 -0.326055 1.325796 3.430767 -7.926941 66.551208 -7.011414 -5.28 5.28 8.0 8.0 15.5433 16.2924 -0.2514 -0.0218 -0.163516 0.006761 10.96 510 830 -0.25 70.00 0.0000 0.0000
3.814 2 -0.081514 1.282642 8.647641 6.576538 -3.883362 -12.519836 -5.28 5.28 -7.9 -7.9 -3.7985 2.8895 -0.2467 -0.0226 -0.163516 -0.192550 10.87 510 890 -0.05 -70.00 0.0000 0.0000
3.829 2 2.757080 0.035962 12.651401 -1.510620 63.888550 2.059937 -5.02 5.02 -8.3 -8.3 18.0303 19.5981 -0.2437 -0.0230 -0.155729 0.062612 11.30 510 830 -0.30 -70.00 0.0000 0.0000
3.844 2 0.891855 0.388389 -5.236054 5.500793 -20.133972 -2.090454 -4.94 4.94 -8.3 -8.3 2.3477 2.8772 -0.2387 -0.0238 -0.153134 -0.058251 11.31 510 890 -0.18 -70.00 0.0000 0.0000
3.859 2 -1.594311 3.188623 1.400117 -0.686646 38.612366 -1.579285 -4.86 4.86 8.1 8.1 16.4911 18.5242 -0.2353 -0.0244 -0.150538 0.119177 11.11 510 840 -0.36 70.00 0.0000 0.0000
3.874 2 1.416899 -1.747749 1.826865 -0.770569 25.634766 -7.751465 -4.86 4.86 -8.0 -8.0 12.2934 13.5227 -0.2310 -0.0250 -0.150538 0.024257 10.98 510 840 -0.26 -54.41 0.0000 0.0000
3.889 2 5.092207 10.117285 14.821103 -1.487732 -6.309509 -1.998901 -4.86 4.86 -7.9 -7.9 10.9054 9.5906 -0.2242 -0.0260 -0.150538 -0.046235 10.87 510 830 -0.19 -27.17 -0.0000 -0.0000
3.904 2 -2.397461 2.078598 19.639400 -4.386902 61.912537 -8.735657 -4.94 4.94 8.1 8.1 19.3181 19.8863 -0.2204 -0.0266 -0.153134 0.169563 11.06 510 830 -0.41 70.00 0.0000 0.0000
3.919 2 -1.718979 2.771465 15.542739 6.195068 1.976013 -10.795593 -5.02 5.02 8.2 8.2 6.3487 6.5327 -0.2139 -0.0276 -0.155729 -0.016318 11.15 510 900 -0.22 70.00 0.0000 0.0000
3.934 2 4.435303 5.883369 7.568784 2.059937 9.414673 -2.700806 -4.86 4.86 8.7 8.7 20.4889 20.8041 -0.2059 -0.0289 -0.150538 0.021173 11.69 510 810 -0.26 43.14 0.0000 0.0000
3.949 2 -7.492065 -0.853496 9.740884 1.014709 8.567810 9.986877 -4.52 4.52 7.9 7.9 9.9432 14.6986 -0.2011 -0.0296 -0.140156 0.005325 10.93 510 830 -0.25 70.00 0.0000 0.0000
3.964 2 -1.822070 13.106918 19.491356 7.530212 8.140564 13.298035 -4.27 4.27 8.8 8.8 10.2445 10.4021 -0.1934 -0.0306 -0.132370 -0.072912 11.83 510 820 -0.17 70.00 0.0000 0.0000
3.979 2 7.863672 8.364741 12.473989 -1.220703 1.823425 12.626648 -4.19 4.19 10.0 10.0 18.2739 21.8108 -0.1848 -0.0318 -0.129774 -0.080347 12.96 510 830 -0.16 70.00 0.0000 0.0000
3.994 2 -10.064541 -10.812549 13.296318 9.269714 28.709412 22.537231 -3.68 3.68 8.0 8.0 10.4827 14.6986 -0.1800 -0.0324 -0.114201 -0.056175 11.01 510 830 -0.18 70.00 0.0000 0.0000
4.009 2 -3.464331 7.525630 19.639400 -11.466980 10.803223 32.089233 -3.43 3.43 -7.7 -7.7 15.1940 18.0303 -0.1710 -0.0333 -0.106415 -0.102917 10.73 510 820 -0.14 -70.00 0.0000 0.0000
4.024 2 -1.232295 0.210977 1.071665 -5.401611 35.621643 31.074524 -3.27 3.27 -8.8 -8.8 21.4646 23.3150 -0.1650 -0.0340 -0.101224 -0.012102 11.77 510 800 -0.23 -70.00 -0.0000 -0.0000
4.039 2 -4.615112 -2.910517 7.079702 9.445190 35.392761 17.898560 -2.93 2.93 7.5 7.5 5.4748 8.7810 -0.1590 -0.0346 -0.090842 -0.161203 10.46 510 870 -0.08 70.00 0.0000 0.0000
4.054 2 1.321001 16.369864 16.249990 -21.697998 64.308167 24.658203 -2.68 2.68 8.5 8.5 25.0420 27.5973 -0.1504 -0.0353 -0.083055 0.079650 11.45 510 800 -0.32 70.00 0.0000 0.0000
4.069 2 -2.670771 2.891338 11.368759 7.621765 8.697510 22.521973 -2.60 2.60 1.6 1.6 13.1288 15.0252 -0.1426 -0.0359 -0.080460 0.006047 4.64 510 820 -0.25 70.00 0.0000 0.0000
4.084 2 -7.240332 1.639863 16.264374 -6.515503 62.049866 15.838623 -2.34 2.34 1.5 1.5 14.8601 15.9091 -0.1363 -0.0364 -0.072674 0.138132 4.48 510 830 -0.38 70.00 0.0000 0.0000
4.099 2 -6.005640 -2.850581 19.639400 -1.869202 33.317566 8.926392 -2.26 2.26 1.3 1.3 14.0861 16.0984 -0.1293 -0.0369 -0.070078 -0.046430 4.27 510 830 -0.19 70.00 0.0000 0.0000
4.114 2 -4.437700 3.449946 6.780019 0.785828 -7.690430 12.870789 -2.09 2.09 1.2 1.2 15.3667 17.5619 -0.1225 -0.0374 -0.064887 0.119271 4.18 510 830 -0.36 70.00 0.0000 0.0000
4.129 2 0.958984 0.321260 15.928730 -9.887695 -14.495850 10.841370 -1.93 1.93 1.0 1.0 15.0252 15.3667 -0.1157 -0.0378 -0.059696 0.097774 3.97 510 820 -0.34 70.00 0.0000 0.0000
4.144 2 -2.025854 -0.083911 6.950239 -10.177612 5.775452 8.041382 -1.93 1.93 0.9 0.9 13.5227 14.6986 -0.1092 -0.0382 -0.059696 0.084319 3.86 510 810 -0.32 70.00 0.0000 0.0000
4.159 2 -3.011211 -1.021318 19.639400 -1.152039 46.417236 6.019592 -1.84 1.84 0.7 0.7 13.5227 12.1826 -0.1030 -0.0386 -0.057101 0.131358 3.73 510 810 -0.37 70.00 0.0000 0.0000
4.174 2 -0.201387 0.047949 -11.239297 -0.205994 3.318787 6.652832 -1.84 1.84 0.6 0.6 13.2575 13.6593 -0.0970 -0.0389 -0.057101 0.053702 3.61 510 830 -0.29 70.00 0.0000 0.0000
4.189 2 0.004795 -0.517852 7.573579 0.396729 0.190735 2.182007 -1.76 1.76 0.4 0.4 12.7573 12.1826 -0.0912 -0.0392 -0.054505 0.185557 3.45 510 810 -0.43 70.00 0.0000 0.0000
4.204 2 -1.846045 -0.215771 11.711596 0.923157 3.776550 2.647400 -1.67 1.67 0.3 0.3 12.2934 12.6380 -0.0853 -0.0395 -0.051910 0.393312 3.31 510 820 -0.63 70.00 0.0000 0.0000
4.219 2 -1.901186 -0.026372 11.287246 -1.495361 2.693176 1.319885 -1.76 1.76 0.2 0.2 11.8620 11.7589 -0.0799 -0.0398 -0.054505 0.444950 3.24 510 820 -0.68 70.00 0.0000 0.0000
4.234 2 0.568198 0.019180 6.748852 -0.335693 -1.945496 -2.868652 -1.76 1.76 0.2 0.2 10.3227 11.9670 -0.0747 -0.0401 -0.054505 0.416619 3.23 510 820 -0.66 70.00 0.0000 0.0000
4.249 2 -0.759995 0.791162 14.394355 -1.396179 8.308411 -5.874634 -1.76 1.76 0.2 0.2 11.1758 11.2689 -0.0699 -0.0403 -0.054505 0.373113 3.23 510 830 -0.61 70.00 0.0000 0.0000
4.264 2 -1.169961 -0.561006 8.760322 2.685547 -3.761292 -3.372192 -1.76 1.76 0.2 0.2 11.0842 10.5646 -0.0651 -0.0406 -0.054505 0.391824 3.21 510 810 -0.63 70.00 0.0000 0.0000
4.279 2 -1.309014 -0.561006 19.639400 2.334595 4.158020 -10.185242 -1.84 1.84 0.2 0.2 10.7323 9.6591 -0.0604 -0.0409 -0.057101 0.337614 3.24 510 820 -0.58 70.00 0.0000 0.0000
4.294 2 -1.922764 -0.405171 13.128495 2.693176 -1.693726 -9.826660 -1.93 1.93 0.2 0.2 10.1674 8.5587 -0.0562 -0.0411 -0.059696 0.327166 3.24 510 810 -0.57 70.00 0.0000 0.0000
4.309 2 -1.647056 0.043154 6.679326 1.609802 3.028870 -10.658264 -2.01 2.01 0.2 0.2 9.5906 7.7717 -0.0520 -0.0414 -0.062292 0.304770 3.23 510 820 -0.54 70.00 0.0000 0.0000
4.324 2 -2.905723 -0.311670 19.639400 2.479553 0.915527 -16.143799 -2.18 2.18 0.2 0.2 9.1991 8.2455 -0.0480 -0.0416 -0.067483 0.341656 3.18 510 820 -0.58 70.00 0.0000 0.0000
4.339 2 -1.040498 -0.592173 11.121821 3.089905 3.257751 -16.975403 -2.34 2.34 0.2 0.2 9.0151 7.6833 -0.0444 -0.0419 -0.072674 0.324102 3.23 510 820 -0.56 70.00 0.0000 0.0000
4.354 2 -1.318604 0.007192 8.105815 4.196167 -2.754211 -17.951965 -2.43 2.43 0.2 0.2 8.2961 6.8296 -0.0410 -0.0421 -0.075269 0.287824 3.21 510 830 -0.53 70.00 0.0000 0.0000
4.369 2 -1.383335 0.254131 18.247074 2.265930 4.516602 -22.521973 -2.68 2.68 0.2 0.2 8.6684 6.3190 -0.0376 -0.0424 -0.083055 0.303183 3.23 510 850 -0.54 70.00 0.0000 0.0000
4.384 2 -0.973369 0.043154 7.890044 3.097534 5.889893 -25.817871 -2.85 2.85 0.2 0.2 7.3895 5.3661 -0.0348 -0.0427 -0.088246 0.282388 3.23 510 850 -0.52 70.00 0.0000 0.0000
4.399 2 -2.121753 -0.359619 11.203335 2.983093 -2.975464 -23.605347 -3.10 3.10 0.2 0.2 7.4711 4.7448 -0.0317 -0.0429 -0.096033 0.267603 3.20 510 860 -0.51 70.00 0.0000 0.0000
4.414 2 -1.723774 -0.059937 12.766479 3.593445 -1.075745 -27.824402 -3.35 3.35 0.2 0.2 7.0431 4.8643 -0.0291 -0.0432 -0.103819 0.249755 3.20 510 860 -0.49 70.00 0.0000 0.0000
4.429 2 -1.812480 -0.215771 8.614077 4.653931 -1.510620 -30.067444 -3.52 3.52 0.2 0.2 6.0640 3.9540 -0.0267 -0.0434 -0.109010 0.233772 3.21 510 890 -0.47 70.00 0.0000 0.0000
4.444 2 -2.236831 -0.062334 11.773931 4.005432 -2.227783 -27.992249 -3.77 3.77 0.2 0.2 6.4089 3.4148 -0.0245 -0.0437 -0.116797 0.227903 3.23 510 890 -0.47 70.00 0.0000 0.0000
4.459 2 -1.184346 -0.007192 8.817861 4.173279 -2.433777 -30.830383 -4.02 4.02 0.2 0.2 5.2823 3.0594 -0.0223 -0.0440 -0.124583 0.220641 3.24 510 880 -0.46 70.00 0.0000 0.0000
4.474 2 -1.596709 -0.266118 10.642329 3.822327 -0.366211 -31.379700 -4.27 4.27 0.2 0.2 5.5421 2.7767 -0.0206 -0.0442 -0.132370 0.206742 3.20 510 890 -0.45 70.00 0.0000 0.0000
4.489 2 -2.301562 0.062334 13.502500 3.150940 1.007080 -30.784607 -4.52 4.52 0.2 0.2 4.9534 1.9886 -0.0192 -0.0444 -0.140156 0.210929 3.18 510 890 -0.45 70.00 0.0000 0.0000
4.504 2 -2.023457 -0.033564 10.716650 4.165649 -1.403809 -33.843994 -4.86 4.86 0.2 0.2 4.4048 2.0582 -0.0176 -0.0446 -0.150538 0.206338 3.21 510 900 -0.45 70.00 0.0000 0.0000
4.519 2 -1.155576 -0.239746 10.105297 4.364014 -1.464844 -34.339905 -5.02 5.02 0.2 0.2 4.0731 1.7654 -0.0164 -0.0448 -0.155729 0.195651 3.23 510 890 -0.44 70.00 0.0000 0.0000
4.534 2 -2.754683 0.429145 10.251543 3.974915 1.251221 -29.121399 -5.28 5.28 0.2 0.2 3.6254 0.8753 -0.0154 -0.0450 -0.163516 0.197268 3.20 510 890 -0.44 70.00 0.0000 0.0000
4.549 2 -1.524785 -0.450723 8.115405 4.562378 -4.158020 -37.681580 -5.61 5.61 0.2 0.2 3.7773 0.6561 -0.0146 -0.0451 -0.173897 0.202307 3.23 510 890 -0.44 70.00 0.0000 0.0000
4.564 2 -1.215513 -0.091104 10.119682 4.981995 0.740051 -36.979675 -5.95 5.95 0.2 0.2 2.4722 0.3797 -0.0138 -0.0452 -0.184279 0.192092 3.24 510 900 -0.43 70.00 0.0000 0.0000
4.579 2 -1.155576 0.400376 7.506450 4.066467 -0.717163 -26.512146 -6.11 6.11 0.2 0.2 2.3850 0.2672 -0.0134 -0.0453 -0.189470 0.180693 3.23 510 890 -0.42 70.00 0.0000 0.0000
4.594 2 -1.220308 0.397979 10.392993 2.655029 -0.907898 -20.713806 -6.45 6.45 0.2 0.2 2.0804 -0.2627 -0.0130 -0.0454 -0.199852 0.165888 3.23 510 890 -0.41 70.00 0.0000 0.0000
4.609 2 -1.095640 0.040757 10.062143 1.907349 -0.770569 -14.236450 -6.53 6.53 0.2 0.2 1.3898 -0.2627 -0.0128 -0.0454 -0.202448 0.154850 3.24 510 890 -0.39 70.00 0.0000 0.0000
4.624 2 -1.647056 0.239746 9.839179 0.907898 0.450134 -3.440857 -6.53 6.53 0.2 0.2 0.6284 -0.2627 -0.0128 -0.0454 -0.202448 0.161699 3.21 510 890 -0.40 70.00 0.0000 0.0000
4.639 2 -1.788506 0.258926 9.959052 0.617981 -0.389099 -3.379822 -6.62 6.62 0.2 0.2 0.5711 -0.2287 -0.0126 -0.0455 -0.205043 0.160233 3.20 510 890 -0.40 70.00 0.0000 0.0000
4.654 2 -0.803149 -0.098296 9.867949 0.205994 -1.564026 0.450134 -6.62 6.62 0.2 0.2 0.4857 -0.1824 -0.0126 -0.0455 -0.205043 0.146702 3.23 510 890 -0.39 70.00 0.0000 0.0000
4.669 2 -0.620942 0.038359 9.582651 0.022888 0.289917 0.305176 -6.62 6.62 0.3 0.3 0.3157 -0.1517 -0.0126 -0.0455 -0.205043 0.131768 3.26 510 890 -0.37 70.00 0.0000 0.0000
4.684 2 -0.853496 0.076719 9.707319 0.183105 0.129700 -0.930786 -6.62 6.62 0.2 0.2 0.2338 -0.1299 -0.0126 -0.0455 -0.205043 0.115871 3.23 510 890 -0.36 70.00 0.0000 0.0000
4.699 2 -0.901445 -0.105488 9.558677 -0.167847 -0.358582 0.503540 -6.62 6.62 0.2 0.2 0.1856 -0.1135 -0.0126 -0.0455 -0.205043 0.108364 3.21 510 890 -0.35 70.00 0.0000 0.0000
4.714 2 -0.779175 0.134258 9.549087 0.099182 -0.434875 0.343323 -6.62 6.62 0.2 0.2 0.1539 -0.1008 -0.0126 -0.0455 -0.205043 0.105420 3.23 510 890 -0.35 70.00 0.0000 0.0000
4.729 2 -0.836714 -0.074321 9.630600 0.221252 0.160217 -0.450134 -6.62 6.62 0.2 0.2 0.1315 -0.0907 -0.0126 -0.0455 -0.205043 0.100821 3.18 510 890 -0.34 70.00 0.0000 0.0000
4.744 2 -0.927817 -0.014385 9.721704 0.129700 -0.015259 0.335693 -6.62 6.62 0.2 0.2 0.1148 -0.0824 -0.0126 -0.0455 -0.205043 0.097424 3.23 510 890 -0.34 70.00 0.0000 0.0000
4.759 2 -0.939805 0.064731 9.625805 0.038147 -0.061035 0.068665 -6.62 6.62 0.2 0.2 0.1018 -0.0755 -0.0126 -0.0455 -0.205043 0.095758 3.23 510 890 -0.34 70.00 0.0000 0.0000
4.774 2 -0.829521 0.038359 9.707319 0.038147 -0.305176 -0.236511 -6.62 6.62 0.2 0.2 0.0915 -0.0697 -0.0126 -0.0455 -0.205043 0.094972 3.23 510 890 -0.33 70.00 0.0000 0.0000
4.789 2 -0.839111 -0.007192 9.618613 0.114441 -0.068665 0.152588 -6.62 6.62 0.2 0.2 0.0830 -0.0647 -0.0126 -0.0455 -0.205043 0.093362 3.21 510 890 -0.33 70.00 0.0000 0.0000
4.804 2 -0.913433 0.026372 9.649780 0.122070 0.000000 -0.038147 -6.62 6.62 0.2 0.2 0.0760 -0.0603 -0.0126 -0.0455 -0.205043 0.092792 3.21 510 870 -0.33 70.00 0.0000 0.0000
4.819 2 -0.827124 -0.026372 9.640190 -0.007629 -0.282288 -0.152588 -6.62 6.62 0.2 0.2 0.0701 -0.0565 -0.0126 -0.0455 -0.205043 0.091925 3.23 510 890 -0.33 70.00 0.0000 0.0000
4.834 2 -0.913433 0.016782 9.592241 0.061035 0.022888 0.205994 -6.62 6.62 0.2 0.2 0.0651 -0.0532 -0.0126 -0.0455 -0.205043 0.090441 3.16 510 890 -0.33 70.00 0.0000 0.0000
4.849 2 -0.863086 0.000000 9.618613 0.007629 0.061035 -0.236511 -6.62 6.62 0.2 0.2 0.0607 -0.0502 -0.0126 -0.0455 -0.205043 0.090513 3.21 510 890 -0.33 70.00 0.0000 0.0000
4.864 2 -0.858291 -0.083911 9.568266 0.015259 0.007629 -0.083923 -6.62 6.62 0.2 0.2 0.0569 -0.0476 -0.0126 -0.0455 -0.205043 0.090871 3.23 510 890 -0.33 70.00 0.0000 0.0000
4.879 2 -0.863086 -0.057539 9.611421 0.106812 0.114441 0.091553 -6.62 6.62 0.2 0.2 0.0535 -0.0452 -0.0126 -0.0455 -0.205043 0.090283 3.20 510 890 -0.33 70.00 0.0000 0.0000
4.894 2 -0.954189 -0.028770 9.685741 0.083923 0.160217 -0.122070 -6.62 6.62 0.2 0.2 0.0505 -0.0430 -0.0126 -0.0455 -0.205043 0.090694 3.23 510 890 -0.33 70.00 0.0000 0.0000
4.909 2 -0.771982 0.021577 9.659369 -0.076294 -0.122070 0.205994 -6.62 6.62 0.2 0.2 0.0478 -0.0411 -0.0126 -0.0455 -0.205043 0.090935 3.20 510 890 -0.33 70.00 0.0000 0.0000
4.924 2 -0.860688 0.016782 9.690536 -0.091553 0.236511 0.053406 -6.62 6.62 0.2 0.2 0.0454 -0.0393 -0.0126 -0.0455 -0.205043 0.090839 3.24 510 890 -0.33 70.00 0.0000 0.0000
4.939 2 -0.839111 -0.016782 9.661767 -0.114441 0.122070 -0.068665 -6.62 6.62 0.2 0.2 0.0432 -0.0377 -0.0126 -0.0455 -0.205043 0.090679 3.20 510 890 -0.33 70.00 0.0000 0.0000
4.954 2 -0.867881 -0.019180 9.642588 -0.099182 -0.091553 0.274658 -6.62 6.62 0.2 0.2 0.0412 -0.0361 -0.0126 -0.0455 -0.205043 0.090381 3.21 510 890 -0.33 70.00 0.0000 0.0000
4.969 2 -0.812739 -0.040757 9.597035 0.007629 -0.152588 -0.160217 -6.62 6.62 0.2 0.2 0.0394 -0.0348 -0.0126 -0.0455 -0.205043 0.089670 3.21 510 890 -0.33 70.00 0.0000 0.0000
4.984 2 -0.901445 -0.086309 9.621011 -0.022888 0.152588 0.045776 -6.62 6.62 0.2 0.2 0.0378 -0.0335 -0.0126 -0.0455 -0.205043 0.090200 3.23 510 890 -0.33 70.00 0.0000 0.0000
4.999 2 -0.913433 0.004795 9.642588 0.038147 -0.183105 0.160217 -6.62 6.62 0.2 0.2 0.0363 -0.0323 -0.0126 -0.0455 -0.205043 0.090270 3.24 510 890 -0.33 70.00 0.0000 0.0000
5.014 2 -0.882266 -0.002397 9.563472 0.114441 0.053406 -0.205994 -6.62 6.62 0.2 0.2 0.0349 -0.0311 -0.0126 -0.0455 -0.205043 0.090155 3.21 510 890 -0.33 70.00 0.0000 0.0000
5.029 2 -0.865483 0.055142 9.618613 0.137329 -0.213623 0.129700 -6.62 6.62 0.2 0.2 0.0336 -0.0301 -0.0126 -0.0455 -0.205043 0.090841 3.24 510 890 -0.33 70.00 0.0000 0.0000
5.044 2 -0.795957 0.000000 9.707319 0.083923 0.053406 0.099182 -6.62 6.62 0.2 0.2 0.0324 -0.0291 -0.0126 -0.0455 -0.205043 0.090362 3.18 510 890 -0.33 70.00 0.0000 0.0000
5.059 2 -0.853496 0.047949 9.597035 0.030518 0.167847 -0.068665 -6.62 6.62 0.2 0.2 0.0312 -0.0282 -0.0126 -0.0455 -0.205043 0.090255 3.21 510 890 -0.33 70.00 0.0000 0.0000
5.074 2 -0.884663 -0.028770 9.575459 -0.076294 -0.030518 -0.038147 -6.62 6.62 0.2 0.2 0.0302 -0.0274 -0.0126 -0.0455 -0.205043 0.090128 3.24 510 890 -0.33 70.00 0.0000 0.0000
5.089 2 -0.867881 0.009590 9.666562 0.106812 -0.137329 -0.137329 -6.62 6.62 0.2 0.2 0.0292 -0.0266 -0.0126 -0.0455 -0.205043 0.090774 3.23 510 890 -0.33 70.00 0.0000 0.0000
5.104 2 -0.855894 -0.007192 9.649780 0.061035 0.106812 -0.053406 -6.62 6.62 0.2 0.2 0.0283 -0.0258 -0.0126 -0.0455 -0.205043 0.090496 3.23 510 890 -0.33 70.00 0.0000 0.0000
5.119 2 -0.843906 0.019180 9.649780 -0.015259 -0.175476 -0.137329 -6.62 6.62 0.2 0.2 0.0274 -0.0251 -0.0126 -0.0455 -0.205043 0.090291 3.21 510 890 -0.33 70.00 0.0000 0.0000
5.134 2 -0.860688 -0.059937 9.616216 0.053406 0.083923 -0.015259 -6.62 6.62 0.2 0.2 0.0266 -0.0244 -0.0126 -0.0455 -0.205043 0.090480 3.23 510 890 -0.33 70.00 0.0000 0.0000
5.149 2 -0.925420 0.011987 9.642588 0.091553 0.083923 0.045776 -6.62 6.62 0.2 0.2 0.0259 -0.0238 -0.0126 -0.0455 -0.205043 0.090580 3.24 510 890 -0.33 70.00 0.0000 0.0000
5.164 2 -0.875073 -0.040757 9.613818 0.030518 -0.061035 0.160217 -6.62 6.62 0.2 0.2 0.0251 -0.0231 -0.0126 -0.0455 -0.205043 0.090783 3.23 510 890 -0.33 70.00 0.0000 0.0000
5.179 2 -0.860688 -0.011987 9.575459 0.160217 0.213623 0.000000 -6.62 6.62 0.3 0.3 0.0245 -0.0226 -0.0126 -0.0455 -0.205043 0.090614 3.26 510 890 -0.33 70.00 0.0000 0.0000
5.194 2 -0.867881 0.076719 9.616216 0.083923 0.091553 -0.106812 -6.62 6.62 0.2 0.2 0.0238 -0.0220 -0.0126 -0.0455 -0.205043 0.090063 3.18 510 890 -0.33 70.00 0.0000 0.0000
5.209 2 -0.949395 0.011987 9.745678 0.099182 -0.076294 -0.198364 -6.62 6.62 0.2 0.2 0.0232 -0.0215 -0.0126 -0.0455 -0.205043 0.089915 3.24 510 890 -0.33 70.00 0.0000 0.0000
5.224 2 -0.875073 0.031167 9.616216 0.068665 0.007629 0.053406 -6.62 6.62 0.2 0.2 0.0226 -0.0210 -0.0126 -0.0455 -0.205043 0.089942 3.21 510 890 -0.33 70.00 0.0000 0.0000
5.239 2 -0.858291 0.019180 9.642588 0.030518 -0.091553 -0.061035 -6.62 6.62 0.3 0.3 0.0221 -0.0205 -0.0126 -0.0455 -0.205043 0.090567 3.26 510 890 -0.33 70.00 0.0000 0.0000
5.254 2 -0.877471 0.009590 9.616216 -0.030518 -0.175476 -0.144958 -6.62 6.62 0.2 0.2 0.0215 -0.0201 -0.0126 -0.0455 -0.205043 0.090592 3.24 510 890 -0.33 70.00 0.0000 0.0000
5.269 2 -0.829521 -0.014385 9.597035 -0.015259 -0.030518 -0.083923 -6.62 6.62 0.2 0.2 0.0210 -0.0196 -0.0126 -0.0455 -0.205043 0.090457 3.23 510 890 -0.33 70.00 0.0000 0.0000
5.284 2 -0.951792 0.038359 9.570663 -0.045776 -0.007629 -0.030518 -6.62 6.62 0.3 0.3 0.0206 -0.0192 -0.0126 -0.0455 -0.205043 0.090538 3.26 510 890 -0.33 70.00 0.0000 0.0000
5.299 2 -0.855894 -0.007192 9.702524 -0.007629 0.114441 -0.152588 -6.62 6.62 0.2 0.2 0.0201 -0.0188 -0.0126 -0.0455 -0.205043 0.090948 3.20 510 890 -0.33 70.00 0.0000 0.0000
5.314 2 -0.867881 -0.014385 9.621011 -0.022888 0.160217 0.091553 -6.62 6.62 0.2 0.2 0.0197 -0.0184 -0.0126 -0.0455 -0.205043 0.090733 3.23 510 890 -0.33 70.00 0.0000 0.0000
5.329 2 -0.872676 -0.035962 9.628202 0.106812 -0.274658 0.038147 -6.62 6.62 0.2 0.2 0.0192 -0.0181 -0.0126 -0.0455 -0.205043 0.090482 3.23 510 890 -0.33 70.00 0.0000 0.0000
5.344 2 -0.870278 0.040757 9.736089 -0.007629 -0.083923 -0.106812 -6.62 6.62 0.2 0.2 0.0188 -0.0177 -0.0126 -0.0455 -0.205043 0.090295 3.20 510 890 -0.33 70.00 0.0000 0.0000
5.359 2 -0.956587 -0.043154 9.704922 -0.282288 0.106812 0.053406 -6.62 6.62 0.2 0.2 0.0185 -0.0174 -0.0126 -0.0455 -0.205043 0.090082 3.23 510 890 -0.33 70.00 0.0000 0.0000
5.374 2 -0.841509 0.023975 9.632998 0.000000 -0.289917 -0.007629 -6.62 6.62 0.3 0.3 0.0181 -0.0170 -0.0126 -0.0455 -0.205043 0.089996 3.27 510 890 -0.33 70.00 0.0000 0.0000
5.389 2 -0.891855 -0.023975 9.668960 0.030518 -0.228882 -0.167847 -6.62 6.62 0.2 0.2 0.0177 -0.0167 -0.0126 -0.0455 -0.205043 0.090058 3.23 510 890 -0.33 70.00 0.0000 0.0000
5.404 2 -0.863086 0.043154 9.580254 0.000000 -0.053406 0.022888 -6.62 6.62 0.2 0.2 0.0174 -0.0164 -0.0126 -0.0455 -0.205043 0.089896 3.23 510 890 -0.33 70.00 0.0000 0.0000
5.419 2 -0.879868 0.011987 9.632998 -0.022888 -0.198364 -0.068665 -6.62 6.62 0.2 0.2 0.0171 -0.0161 -0.0126 -0.0455 -0.205043 0.089941 3.20 510 890 -0.33 70.00 0.0000 0.0000
5.434 2 -0.841509 -0.026372 9.585049 0.061035 -0.038147 0.007629 -6.62 6.62 0.2 0.2 0.0167 -0.0158 -0.0126 -0.0455 -0.205043 0.090275 3.24 510 890 -0.33 70.00 0.0000 0.0000
5.449 2 -0.877471 -0.026372 9.580254 0.183105 0.221252 -0.106812 -6.62 6.62 0.2 0.2 0.0164 -0.0156 -0.0126 -0.0455 -0.205043 0.089862 3.23 510 890 -0.33 70.00 0.0000 0.0000
5.464 2 -0.942202 0.007192 9.630600 -0.038147 0.030518 -0.038147 -6.62 6.62 0.2 0.2 0.0161 -0.0153 -0.0126 -0.0455 -0.205043 0.090509 3.21 510 890 -0.33 70.00 0.0000 0.0000
5.479 2 -0.877471 0.026372 9.640190 0.129700 0.083923 -0.038147 -6.62 6.62 0.2 0.2 0.0159 -0.0150 -0.0126 -0.0455 -0.205043 0.090885 3.23 510 890 -0.33 70.00 0.0000 0.0000
5.494 2 -0.884663 -0.002397 9.671357 -0.198364 -0.022888 -0.137329 -6.62 6.62 0.2 0.2 0.0156 -0.0148 -0.0126 -0.0455 -0.205043 0.091187 3.23 510 890 -0.33 70.00 0.0000 0.0000
5.509 2 -0.915830 -0.014385 9.702524 -0.068665 -0.251770 0.030518 -6.62 6.62 0.2 0.2 0.0153 -0.0146 -0.0126 -0.0455 -0.205043 0.091225 3.20 510 890 -0.33 70.00 0.0000 0.0000
5.524 2 -0.853496 -0.074321 9.697729 0.045776 -0.221252 0.053406 -6.62 6.62 0.2 0.2 0.0151 -0.0143 -0.0126 -0.0455 -0.205043 0.090895 3.24 510 890 -0.33 70.00 0.0000 0.0000
5.539 2 -0.877471 -0.055142 9.649780 -0.076294 0.007629 -0.038147 -6.62 6.62 0.2 0.2 0.0148 -0.0141 -0.0126 -0.0455 -0.205043 0.091096 3.21 510 890 -0.33 70.00 0.0000 0.0000
5.554 2 2.174497 -4.778140 9.659369 1.365662 -11.337280 -0.534058 -6.62 6.62 7.6 7.6 13.5227 14.0861 -0.0102 -0.0460 -0.205043 0.086703 10.60 510 810 -0.33 70.00 0.0000 0.0000
5.569 2 -2.922505 0.455518 19.639400 7.324219 -71.716309 -4.371643 -6.62 6.62 -7.3 -7.3 -2.3076 -2.0804 -0.0079 -0.0465 -0.205043 -0.199235 10.35 510 890 -0.04 -70.00 -0.0000 -0.0000
5.584 2 -0.901445 2.781054 -6.698506 2.357483 -17.074585 -19.706726 -6.70 6.70 9.5 9.5 13.7987 15.9091 -0.0065 -0.0467 -0.207639 0.051655 12.50 510 830 -0.29 70.00 0.0000 0.0000
5.599 2 2.407051 -1.062075 2.668374 13.999939 -85.868835 -12.939453 -6.53 6.53 -8.9 -8.9 -3.7253 3.5774 -0.0034 -0.0474 -0.000000 -0.086244 11.90 510 900 -0.15 -70.00 -0.0000 -0.0000
5.614 2 -2.090586 -2.299165 14.001171 8.407593 -33.973694 -11.566162 -6.53 6.53 7.7 7.7 15.7241 15.5433 -0.0014 -0.0478 -0.202448 0.187851 10.66 510 820 -0.43 70.00 0.0000 0.0000
5.629 2 -2.272793 -4.595932 10.416967 14.724731 -93.917847 -10.658264 -6.62 6.62 7.7 7.7 1.9541 -3.1818 0.0020 -0.0485 -0.205043 0.020310 10.68 510 890 -0.26 70.00 0.0000 0.0000
5.644 2 2.368691 3.258149 18.316601 -12.550354 -68.222046 -17.387390 -6.78 6.78 7.3 7.3 13.3888 13.1288 0.0063 -0.0494 -0.210234 -0.001524 10.31 510 820 -0.24 53.98 0.0000 0.0000
5.659 2 -7.909224 -0.786367 5.132964 8.193970 -61.073303 -22.377014 -6.87 6.87 7.7 7.7 5.5879 2.9207 0.0073 -0.0496 -0.212830 0.008207 10.68 510 890 -0.25 70.00 0.0000 0.0000
5.674 2 7.719824 2.946479 19.639400 -10.169983 -106.201172 -22.636414 -6.87 6.87 -7.3 -7.3 10.9941 11.1758 0.0136 -0.0510 -0.212830 -0.037178 10.35 510 810 -0.20 -70.00 -0.0000 -0.0000
5.689 2 0.891855 -1.829263 -9.311738 -8.247375 -85.800171 -23.162842 -6.87 6.87 7.4 7.4 10.1674 12.5210 0.0147 -0.0512 -0.212830 0.097626 10.41 510 820 -0.34 70.00 0.0000 0.0000
5.704 2 1.925161 -1.299424 -19.639999 5.790710 -101.539612 -19.119263 -6.87 6.87 -9.7 -9.7 2.5323 4.1737 0.0187 -0.0521 -0.212830 -0.238652 12.74 510 890 -0.00 -70.00 0.0000 0.0000
5.719 2 -1.311411 0.721636 19.639400 -1.266479 -27.351379 -10.520935 -6.95 6.95 7.6 7.6 14.2344 13.9409 0.0204 -0.0525 -0.215425 -0.072158 10.58 510 820 -0.17 70.00 0.0000 0.0000
5.734 2 -3.162251 2.399858 19.639400 10.681152 -60.775757 -12.939453 -6.95 6.95 7.6 7.6 -1.7516 -5.5421 0.0224 -0.0529 -0.215425 -0.335482 10.63 510 900 0.10 70.00 0.0000 0.0000
5.749 2 1.558350 -0.028770 3.852720 -4.310608 -24.414062 -22.544861 -7.12 7.12 -7.8 -6.0 12.1826 10.8182 0.0248 -0.0534 -0.220616 -0.112532 10.79 510 820 -0.13 -16.72 0.0000 0.0000
5.764 2 -6.919072 1.436079 19.639400 1.800537 -49.255371 -16.510010 -7.12 7.12 7.6 7.6 -7.7273 -6.2605 0.0256 -0.0536 -0.220616 -0.272453 10.58 510 860 0.03 70.00 0.0000 0.0000
5.779 2 3.119097 -0.973369 6.437182 1.335144 -14.991760 -21.102905 -6.95 6.95 -9.5 -9.5 15.1940 16.9034 0.0279 -0.0541 -0.215425 -0.009524 12.48 510 810 -0.23 -70.00 -0.0000 -0.0000
5.794 2 -3.231777 7.139638 8.355151 -6.607056 -52.810669 -6.622314 -6.95 6.95 7.8 7.8 -6.5964 -9.7286 0.0291 -0.0544 -0.215425 -0.173568 10.81 510 860 -0.07 70.00 0.0000 0.0000
5.809 2 12.296576 -13.751836 19.639400 -2.922058 -19.821167 -11.489868 -7.03 7.03 -8.9 -8.9 18.0303 17.1173 0.0328 -0.0552 -0.218021 -0.033530 11.91 510 840 -0.21 -70.00 -0.0000 -0.0000
5.824 2 -8.285625 -14.308046 3.934233 12.260437 -42.312622 -12.702942 -7.03 7.03 7.3 7.3 -7.0799 -6.5013 0.0332 -0.0553 -0.218021 -0.129350 10.25 510 860 -0.11 70.00 0.0000 0.0000
5.839 2 8.098622 -14.825898 -8.290420 -0.122070 -45.417786 -19.569397 -7.12 7.12 -7.1 -7.1 6.6288 7.9545 0.0373 -0.0562 -0.220616 -0.145767 10.14 510 870 -0.09 -70.00 0.0000 0.0000
5.854 2 -5.039463 -4.624702 13.327485 -7.141113 2.464294 -14.167786 -7.20 7.20 7.3 7.3 2.8711 -2.8529 0.0356 -0.0558 -0.223212 -0.126385 10.33 510 900 -0.11 70.00 0.0000 0.0000
5.869 2 9.716908 2.478975 -13.749438 -8.636475 -52.291870 -16.990662 -7.12 7.12 -8.9 -8.9 7.3493 7.9080 0.0405 -0.0569 -0.220616 -0.098794 11.87 510 840 -0.14 -70.00 -0.0000 -0.0000
5.884 2 -4.512022 0.759995 3.445151 -13.015747 -33.607483 -11.711121 -7.20 7.20 7.1 7.1 -3.5307 -3.9196 0.0391 -0.0566 -0.223212 -0.106554 10.12 510 900 -0.13 70.00 0.0000 0.0000
5.899 2 6.600210 4.660664 19.639400 -2.059937 -38.726807 -16.822815 -7.03 7.03 -7.2 -7.2 5.5421 5.0270 0.0426 -0.0574 -0.218021 -0.246724 10.22 510 910 0.01 -70.00 0.0000 0.0000
5.914 2 -2.244023 -2.152920 3.303701 -0.007629 4.821777 -13.946533 -7.03 7.03 7.6 7.6 2.0772 8.0492 0.0415 -0.0571 -0.218021 -0.011442 10.63 510 870 -0.23 70.00 0.0000 0.0000
5.929 2 -0.043154 -3.442754 19.639400 -3.005981 -47.805786 -60.462952 -7.12 7.12 7.6 7.6 6.7613 5.0270 0.0464 -0.0582 -0.220616 -0.115374 10.57 510 880 -0.12 70.00 0.0000 0.0000
5.944 2 -7.599951 2.548501 19.639400 -17.089844 -24.520874 -42.121887 -7.37 7.37 7.6 7.6 -3.3639 -4.8468 0.0442 -0.0577 -0.228403 -0.121613 10.65 510 890 -0.12 70.00 0.0000 0.0000
5.959 2 8.498999 -2.644399 19.639400 -20.957947 -62.751770 -33.035278 -7.54 7.54 -7.7 -7.7 5.5195 4.2929 0.0477 -0.0586 -0.233594 -0.216907 10.66 510 890 -0.02 -70.00 -0.0000 -0.0000
5.974 2 -2.618027 0.187002 9.258994 -15.647888 -33.172607 -32.722473 -7.79 7.79 7.8 7.8 4.2658 -2.5466 0.0452 -0.0580 -0.241380 -0.103714 10.76 510 890 -0.14 70.00 0.0000 0.0000
5.989 2 8.295215 3.675308 -0.923022 -15.327454 -83.587646 -26.718140 -7.70 7.70 -7.8 -7.8 -1.9886 -2.3477 0.0473 -0.0585 -0.238785 -0.293881 10.84 510 910 0.05 -70.00 0.0000 0.0000
6.004 2 1.328193 0.949395 5.355927 -4.249573 -3.105164 -23.323059 -7.79 7.79 7.7 7.7 -2.2920 -2.6672 0.0444 -0.0578 -0.241380 -0.149151 10.71 510 890 -0.09 70.00 0.0000 0.0000
6.019 2 6.319707 -2.260806 10.747817 -5.569458 -65.727234 -14.556885 -7.70 7.70 -7.9 -7.9 -2.3315 -2.3037 0.0466 -0.0583 -0.238785 -0.302654 10.88 510 910 0.06 -70.00 -0.0000 -0.0000
6.034 2 4.871641 0.563403 18.959120 -3.974915 -17.532349 -17.913818 -7.79 7.79 -7.6 1.6 -1.4057 2.2920 0.0448 -0.0579 -0.241380 -0.301373 10.57 510 900 0.06 -5.08 -0.0000 -0.0000
6.049 2 1.716582 -2.179292 11.105039 -7.743835 16.250610 -8.514404 -7.62 7.62 7.6 7.6 3.9656 1.8225 0.0432 -0.0575 -0.236189 -0.228376 10.62 510 900 -0.01 47.29 0.0000 0.0000
6.064 2 6.422798 1.999482 1.057280 7.484436 -48.233032 -8.964539 -7.62 7.62 -7.7 -7.7 -12.0738 -14.2344 0.0425 -0.0573 -0.236189 -0.337934 10.69 510 830 0.10 -70.00 -0.0000 -0.0000
6.079 2 3.073545 -1.419297 3.531460 -0.900269 17.135620 -12.924194 -7.62 7.62 -9.7 -9.7 8.4517 8.3992 0.0405 -0.0568 -0.236189 -0.190440 12.72 510 830 -0.05 -70.00 -0.0000 -0.0000
6.094 2 -9.477162 14.873847 16.580839 -6.385803 -24.055481 -4.005432 -7.70 7.70 7.8 7.8 -14.5405 -16.6947 0.0376 -0.0561 -0.238785 -0.304549 10.84 510 840 0.06 70.00 0.0000 0.0000
6.109 2 4.308237 0.438735 15.060849 4.234314 39.588928 -14.450073 -7.79 7.79 1.7 7.9 -1.6925 -1.9373 0.0346 -0.0554 -0.241380 -0.243964 10.90 510 890 0.00 11.58 0.0000 0.0000
6.124 2 -0.407568 10.038169 11.359170 -5.470276 15.800476 -4.249573 -7.70 7.70 8.9 8.9 -17.1173 -18.2739 0.0305 -0.0544 -0.238785 -0.319751 11.93 510 830 0.08 70.00 0.0000 0.0000
6.139 2 14.514228 3.881489 -10.714252 -5.050659 15.518188 -9.979248 -7.70 7.70 -7.5 -7.5 2.5758 2.6258 0.0294 -0.0541 -0.238785 -0.277031 10.47 510 900 0.04 -70.00 0.0000 0.0000
6.154 2 -4.869243 -3.109507 -1.273052 -17.189026 32.844543 -6.011963 -7.79 7.79 7.5 7.5 -10.1674 -7.9080 0.0237 -0.0527 -0.241380 -0.316271 10.54 510 840 0.08 70.00 0.0000 0.0000
6.169 2 5.665200 4.085273 13.006226 -4.295349 8.270264 -3.753662 -7.62 7.62 -7.7 -7.7 -13.0026 -11.5579 0.0225 -0.0525 -0.236189 -0.406070 10.71 510 830 0.17 -70.00 0.0000 0.0000
6.184 2 -1.671030 -0.587378 19.639400 -3.059387 49.751282 -0.335693 -7.54 7.54 8.0 8.0 -6.9705 -4.6954 0.0172 -0.0512 -0.233594 -0.385647 11.00 510 850 0.15 70.00 0.0000 0.0000
6.199 2 -4.535996 -4.847666 10.287504 5.561829 59.059143 12.069702 -7.37 7.37 7.6 7.6 -12.6380 -12.1826 0.0121 -0.0500 -0.228403 -0.361634 10.55 510 830 0.12 70.00 0.0000 0.0000
6.214 2 5.511763 4.413725 19.639400 -9.170532 19.882202 14.358521 -7.03 7.03 -7.8 -7.8 -14.2344 -9.0151 0.0106 -0.0496 -0.218021 -0.429512 10.79 510 830 0.19 -70.00 0.0000 0.0000
6.229 2 3.761616 -2.311152 -0.450723 -5.668640 56.655884 17.242432 -6.87 6.87 7.7 7.7 -4.3905 -3.5215 0.0047 -0.0483 -0.212830 -0.241338 10.74 510 900 0.00 70.00 0.0000 0.0000
6.244 2 2.757080 -2.493359 12.788056 11.802673 -13.481140 12.229919 -6.62 6.62 -7.9 -7.9 -16.0984 -14.8601 0.0025 -0.0479 -0.205043 -0.416914 10.88 510 830 0.18 -50.12 0.0000 0.0000
6.259 2 4.152402 -3.248559 16.683929 2.197266 36.064148 9.963989 -6.36 6.36 -10.1 -10.1 -3.5400 2.9984 -0.0024 -0.0469 -0.197257 -0.282629 13.07 510 900 0.04 -70.00 -0.0000 -0.0000
6.274 2 4.068491 -1.860430 13.425781 10.467529 -22.636414 8.537292 -6.20 6.20 8.7 8.7 -18.7815 -18.2739 -0.0060 -0.0462 -0.192066 -0.405987 11.72 510 830 0.17 16.73 0.0000 0.0000
6.289 2 0.095898 -4.262685 4.274673 -5.172729 8.735657 17.440796 -6.11 6.11 7.5 7.5 5.9310 6.2896 -0.0077 -0.0458 -0.189470 -0.267360 10.50 510 890 0.03 46.90 0.0000 0.0000
6.304 2 -11.157783 2.745093 1.088447 13.038635 -30.166626 11.611938 -6.03 6.03 9.1 9.1 -19.5981 -19.8863 -0.0131 -0.0448 -0.186875 -0.439012 12.13 510 820 0.20 70.00 0.0000 0.0000
6.319 2 11.047500 7.688657 9.474766 2.601624 9.620667 -8.003235 -6.03 6.03 -9.7 -9.7 -3.3472 -1.3323 -0.0151 -0.0445 -0.186875 -0.356121 12.67 510 910 0.12 -70.00 0.0000 0.0000
6.334 2 -9.119941 3.363638 8.585307 2.517700 -15.678406 3.280640 -5.95 5.95 9.3 9.3 -15.7241 -17.7930 -0.0204 -0.0435 -0.184279 -0.389352 12.32 510 830 0.15 70.00 0.0000 0.0000
6.349 2 7.796543 -0.656904 19.052622 3.608704 28.350830 -0.854492 -5.95 5.95 -7.6 -7.6 -1.7381 -5.1222 -0.0228 -0.0430 -0.184279 -0.346347 10.65 510 900 0.11 -57.82 0.0000 0.0000
6.364 2 -8.371933 3.984580 15.763305 -9.651184 29.899597 10.528564 -5.78 5.78 7.0 7.0 -10.0916 -8.8384 -0.0295 -0.0418 -0.179088 -0.249450 9.95 510 830 0.01 70.00 0.0000 0.0000
6.379 2 9.131928 3.366035 19.639400 -10.581970 -12.535095 9.872437 -5.44 5.44 -7.9 -7.9 -12.8788 -11.1758 -0.0303 -0.0416 -0.168706 -0.332805 10.85 510 830 0.09 -70.00 0.0000 0.0000
6.394 2 -7.803735 2.095381 18.314203 3.952026 48.690796 16.921997 -5.36 5.36 7.7 7.7 -6.5964 -7.1549 -0.0372 -0.0405 -0.166111 -0.225097 10.74 510 860 -0.01 70.00 0.0000 0.0000
6.409 2 4.703818 -4.972334 1.309014 1.441956 -18.577576 19.233704 -5.11 5.11 -8.1 -8.1 -16.4911 -12.6380 -0.0394 -0.0401 -0.158325 -0.400080 11.07 510 830 0.16 -70.00 -0.0000 -0.0000
6.424 2 -1.150781 1.920366 -0.887061 7.987976 66.291809 22.201538 -5.02 5.02 7.4 7.4 -11.1758 -11.0842 -0.0472 -0.0389 -0.155729 -0.196506 10.36 510 820 -0.04 70.00 0.0000 0.0000
6.439 2 7.122856 -7.065317 19.639400 -10.116577 -0.755310 22.804260 -4.86 4.86 -7.7 -7.7 -11.9670 -7.4711 -0.0480 -0.0388 -0.150538 -0.214888 10.68 510 830 -0.03 -70.00 -0.0000 -0.0000
6.454 2 -4.655869 -3.164648 -1.740557 4.699707 29.655457 24.848938 -4.69 4.69 8.0 8.0 -13.3888 -9.7286 -0.0551 -0.0377 -0.145347 -0.212021 10.96 510 830 -0.03 70.00 0.0000 0.0000
6.469 2 17.513453 -7.688657 9.532305 0.808716 -13.404846 27.465820 -4.61 4.61 -7.8 -7.8 -3.4763 -3.4852 -0.0549 -0.0377 -0.142752 -0.167890 10.79 510 900 -0.07 -70.00 -0.0000 -0.0000
6.484 2 -7.420141 4.806909 9.791230 -2.319336 16.098022 27.603149 -4.44 4.44 6.9 6.9 -11.5579 -10.4021 -0.0617 -0.0368 -0.137561 -0.162947 9.89 510 830 -0.08 70.00 0.0000 0.0000
6.499 2 9.469971 -0.532236 14.499844 -1.129150 -41.252136 25.566101 -4.27 4.27 -7.8 -7.8 -10.3227 -8.7243 -0.0621 -0.0367 -0.132370 -0.286611 10.81 510 830 0.05 -70.00 -0.0000 -0.0000
6.514 2 -8.451050 -5.921728 14.665268 6.790161 25.794983 19.401550 -4.10 4.10 7.6 7.6 -9.1991 -8.9554 -0.0685 -0.0359 -0.127179 -0.223700 10.58 510 830 -0.02 70.00 0.0000 0.0000
6.529 2 4.428110 1.400117 1.860430 8.575439 -10.780334 30.418396 -3.85 3.85 -8.1 -8.1 -15.9091 -13.1288 -0.0711 -0.0356 -0.119392 -0.375928 11.07 510 830 0.14 -70.00 -0.0000 -0.0000
6.544 2 4.591137 -0.944600 10.333056 12.428284 52.017212 35.240173 -3.68 3.68 -10.2 -10.2 9.8706 -2.6991 -0.0763 -0.0349 -0.114201 -0.169444 13.21 510 870 -0.07 -70.00 -0.0000 -0.0000
6.559 2 3.991772 -3.344458 19.639400 15.350342 4.737854 35.812378 -3.52 3.52 -8.2 -8.2 -15.5433 -13.2575 -0.0803 -0.0345 -0.109010 -0.333270 11.15 510 820 0.09 -38.63 0.0000 0.0000
6.574 2 4.802114 -13.039789 12.231845 4.875183 22.933960 33.744812 -3.18 3.18 -7.9 -7.9 4.5378 8.0492 -0.0815 -0.0344 -0.098628 -0.232103 10.85 510 860 -0.01 -70.00 -0.0000 -0.0000
6.589 2 -10.884472 2.764272 14.746781 6.614685 -17.898560 36.056519 -2.93 2.93 8.9 8.9 -19.3181 -17.7930 -0.0861 -0.0339 -0.090842 -0.389899 11.94 510 830 0.15 70.00 0.0000 0.0000
6.604 2 9.206249 1.603901 8.709975 8.087158 16.136169 31.898499 -2.85 2.85 -8.1 -8.1 -2.3682 -2.2352 -0.0895 -0.0336 -0.088246 -0.333565 11.14 510 900 0.09 -70.00 0.0000 0.0000
6.619 2 -0.230156 -0.944600 11.325605 -0.015259 -0.335693 18.173218 -2.60 2.60 9.1 9.1 -18.7815 -14.8601 -0.0941 -0.0333 -0.080460 -0.358491 12.10 510 830 0.12 14.80 0.0000 0.0000
6.634 2 19.639400 11.711596 8.626064 6.347656 -6.721497 16.845703 -2.51 2.51 -7.9 -7.9 2.2538 2.1063 -0.0955 -0.0331 -0.077865 -0.289013 10.92 510 900 0.05 -70.00 -0.0000 -0.0000
6.649 2 -1.625479 16.590429 18.956722 3.105164 0.205994 22.727966 -2.51 2.51 -7.7 -7.7 -14.0861 -13.5227 -0.1015 -0.0327 -0.077865 -0.301542 10.66 510 820 0.06 -70.00 0.0000 0.0000
6.664 2 9.155903 -0.486685 6.425195 5.088806 9.063721 12.374878 -2.60 2.60 -8.9 -8.9 -3.6947 -6.2896 -0.1037 -0.0325 -0.080460 -0.324444 11.94 510 900 0.08 -70.00 -0.0000 -0.0000
6.679 2 -0.426748 -4.183569 -17.952187 9.201050 31.898499 1.892090 -2.43 2.43 7.5 7.5 -9.3260 -9.5230 -0.1097 -0.0320 -0.075269 -0.206900 10.54 510 820 -0.03 70.00 0.0000 0.0000
6.694 2 5.322363 -3.262944 -19.639999 -3.234863 -10.986328 6.172180 -2.34 2.34 -7.9 -7.9 -13.9409 -12.6380 -0.1119 -0.0319 -0.072674 -0.421566 10.93 510 840 0.18 -70.00 0.0000 0.0000
6.709 2 1.488823 -2.692348 -19.639999 6.118774 57.640076 10.139465 -2.26 2.26 -7.9 -7.9 -3.8970 -4.8468 -0.1173 -0.0315 -0.070078 -0.230840 10.92 510 900 -0.01 -70.00 0.0000 0.0000
6.724 2 2.730708 -0.604160 -11.476645 8.834839 -9.597778 7.308960 -2.34 2.34 -8.2 -8.2 -16.2924 -17.5619 -0.1200 -0.0313 -0.072674 -0.489507 11.15 510 820 0.25 -70.00 0.0000 0.0000
6.739 2 1.136396 1.309014 19.639400 -1.777649 82.115173 6.614685 -2.26 2.26 7.9 7.9 -2.3477 3.3807 -0.1242 -0.0310 -0.070078 -0.332562 10.90 510 890 0.09 70.00 0.0000 0.0000
6.754 2 -9.582651 4.085273 10.392993 -1.174927 33.416748 5.859375 -2.26 2.26 9.1 9.1 -20.4889 -20.4889 -0.1294 -0.0306 -0.070078 -0.518045 12.10 510 810 0.28 70.00 0.0000 0.0000
6.769 2 7.120459 -2.004277 19.639400 -4.653931 63.827515 10.017395 -2.18 2.18 -7.9 -7.9 -4.7117 -1.6654 -0.1328 -0.0304 -0.067483 -0.391630 10.95 510 900 0.15 -70.00 0.0000 0.0000
6.784 2 -3.591396 2.771465 5.518955 0.457764 52.574158 9.109497 -2.09 2.09 -9.8 -9.8 -18.7815 -18.7815 -0.1394 -0.0299 -0.064887 -0.498651 12.80 510 830 0.26 -70.00 -0.0000 -0.0000
6.799 2 8.153765 4.605522 4.749370 -9.452820 80.131531 6.622314 -2.18 2.18 9.6 9.6 -1.7700 -2.0004 -0.1424 -0.0297 -0.067483 -0.326914 12.59 510 900 0.09 65.94 0.0000 0.0000
6.814 2 -14.706025 4.437700 15.461226 14.221191 52.459717 1.075745 -2.18 2.18 8.1 8.1 -17.1173 -16.4911 -0.1480 -0.0294 -0.067483 -0.379782 11.14 510 830 0.14 70.00 0.0000 0.0000
6.829 2 2.464590 -1.747749 19.639400 2.265930 91.163635 -0.999451 -1.93 1.93 8.0 8.0 -2.0551 1.7139 -0.1507 -0.0292 -0.059696 -0.208311 11.00 510 890 -0.03 26.25 0.0000 0.0000
6.844 2 -7.175601 1.747749 11.234502 9.757996 45.890808 11.329651 -1.76 1.76 9.1 9.1 -20.4889 -20.4889 -0.1559 -0.0289 -0.054505 -0.353780 12.12 510 800 0.11 70.00 0.0000 0.0000
6.859 2 11.071474 13.138085 19.639400 -17.303467 73.760986 3.997803 -1.59 1.59 -8.7 -8.7 -3.5307 2.4858 -0.1579 -0.0288 -0.049314 -0.209564 11.72 510 900 -0.03 -57.75 0.0000 0.0000
6.874 2 -7.731811 8.990479 19.639400 0.625610 92.521667 0.915527 -1.51 1.51 7.4 7.4 -13.1288 -15.3667 -0.1645 -0.0285 -0.046719 -0.221583 10.43 510 820 -0.02 70.00 0.0000 0.0000
