%  1    time 0.005 sec
%  2    mission (2) state 2
%  3  4  5 Acc x,y,z: 2.452602 0.851099 -10.066938
%  6  7  8 Gyro x,y,z: 2.189636 5.134583 1.358032
%  9 10 Motor velocity ref left, right: 0.00 -0.00
% 11 12 Motor voltage [V] left, right: -8.8 -8.8
% 13 14 Wheel velocity [r/s] left, right: -0.0054 -0.0060
% 15 16 17 18 Pose x,y,h,tilt [m,m,rad,rad]: -0.0004 -0.0000 0.000000 0.192415% 19    Battery voltage [V]: 10.35
% 20 21 Get data time [us]: 490 +ctrl 880
% 22 23 24 25 Extra pt.: balE[0], balU[0], balUI[0], balUI[1]: -0.11 -70.0000 -0.0000 -0.0000
0.012 2 3.090327 0.009590 -9.894321 1.296997 5.271912 0.045776 0.08 -0.08 -8.8 -8.8 -18.2739 -16.6947 -0.0034 -0.0000 0.002595 0.188762 10.27 510 830 -0.11 -70.00 0.0000 0.0000
0.019 2 1.316206 0.939805 -9.597035 0.923157 5.233765 5.081177 0.08 -0.08 -9.0 -9.0 -29.3972 -28.7717 -0.0086 -0.0000 0.002595 0.188334 10.46 490 780 -0.11 -70.00 -0.0000 -0.0000
0.026 2 -0.534634 0.604160 -10.333056 0.526428 2.471924 6.851196 0.08 -0.08 -9.6 -9.6 -38.6363 -40.9779 -0.0163 -0.0000 0.002595 0.187981 11.12 490 790 -0.11 -70.00 0.0000 0.0000
0.033 2 2.114560 0.731226 -9.697729 1.205444 5.516052 4.287720 0.08 -0.08 -9.3 -9.3 -48.2953 -50.0841 -0.0255 -0.0000 0.002595 0.189522 10.84 490 790 -0.11 -70.00 -0.0000 -0.0000
0.040 2 0.340439 0.369209 -10.191607 -1.426697 3.860474 2.975464 -0.08 0.08 -9.7 -9.7 -56.3446 -58.7943 -0.0364 -0.0000 -0.002595 0.186060 11.17 490 790 -0.11 -70.00 0.0000 0.0000
0.047 2 2.651592 1.536772 -9.901513 1.182556 3.700256 4.768372 -0.08 0.08 -9.9 -8.7 -61.4668 -64.3938 -0.0485 -0.0000 -0.002595 0.188144 11.36 510 810 -0.11 -70.00 -0.0000 -0.0000
0.054 2 1.325796 -0.577788 -10.510468 0.701904 2.517700 0.282288 -0.17 0.17 -7.1 -6.9 -67.6135 -67.6135 -0.0616 0.0000 -0.005191 0.186922 11.74 490 770 -0.11 -70.00 0.0000 0.0000
0.061 2 2.284780 2.157715 -9.613818 -1.304626 4.051208 -2.792358 -0.25 0.25 -7.2 -6.9 -67.6135 -67.6135 -0.0746 0.0001 -0.007786 0.189084 11.82 490 780 -0.11 -70.00 -0.0000 -0.0000
0.068 2 1.798096 1.050088 -9.820000 2.586365 4.516602 -3.982544 -0.25 0.25 -7.2 -6.9 -67.6135 -67.6135 -0.0879 0.0002 -0.007786 0.191792 11.75 490 770 -0.11 -70.00 0.0000 0.0000
0.075 2 2.164907 -0.618545 -10.843716 2.685547 6.156921 -7.202148 -0.34 0.34 -7.2 -6.9 -67.6135 -67.6135 -0.1010 0.0004 -0.010382 0.193643 11.75 490 780 -0.11 -70.00 -0.0000 -0.0000
0.082 2 2.260806 2.867363 -9.707319 0.534058 7.331848 -5.897522 -0.42 0.42 -7.3 -6.8 -67.6135 -67.6135 -0.1145 0.0005 -0.012977 0.194100 11.75 510 790 -0.11 -70.00 0.0000 0.0000
0.089 2 1.977905 0.896650 -10.210786 6.896973 8.377075 -6.805420 -0.42 0.42 -7.3 -6.8 -67.6135 -67.6135 -0.1277 0.0007 -0.012977 0.196160 11.77 490 770 -0.12 -70.00 -0.0000 -0.0000
0.096 2 2.301562 -0.206182 -10.313877 4.707336 10.185242 -6.278992 -0.50 0.50 -9.0 -4.8 -64.3938 -71.1721 -0.1412 0.0009 -0.015573 0.198431 11.85 490 790 -0.12 -70.00 0.0000 0.0000
0.103 2 1.762134 2.608438 -10.282710 1.312256 9.384155 -2.037048 -0.59 0.59 -7.3 -6.7 -67.6135 -67.6135 -0.1543 0.0011 -0.018168 0.198138 11.74 490 780 -0.12 -70.00 -0.0000 -0.0000
0.110 2 2.291973 1.431284 -9.961450 5.561829 9.559631 0.099182 -0.50 0.50 -7.3 -6.8 -67.6135 -67.6135 -0.1673 0.0014 -0.015573 0.200845 11.69 490 780 -0.12 -70.00 0.0000 0.0000
0.117 2 1.577529 -0.534634 -10.045361 3.929138 8.308411 1.976013 -0.59 0.59 -7.3 -6.7 -67.6135 -67.6135 -0.1808 0.0016 -0.018168 0.197800 11.80 510 800 -0.12 -70.00 -0.0000 -0.0000
0.124 2 1.225103 2.071406 -10.222774 -1.930237 6.271362 6.729126 -0.50 0.50 -5.3 -6.8 -71.1721 -67.6135 -0.1939 0.0018 -0.015573 0.195077 11.85 490 780 -0.12 -70.00 0.0000 0.0000
0.131 2 2.265600 2.152920 -9.980630 -0.213623 5.233765 7.186890 -0.67 0.67 -9.1 -6.7 -64.3938 -67.6135 -0.2072 0.0020 -0.020764 0.194033 11.80 490 790 -0.11 -70.00 -0.0000 -0.0000
0.138 2 2.030649 -1.488823 -10.237158 0.198364 1.029968 10.055542 -0.67 0.67 -7.4 -6.7 -67.6135 -67.6135 -0.2204 0.0023 -0.020764 0.193228 11.69 490 770 -0.11 -70.00 0.0000 0.0000
0.145 2 1.639863 1.829263 -10.702266 -6.454468 -4.653931 9.811401 -0.67 0.67 -5.5 -4.7 -71.1721 -71.1721 -0.2341 0.0026 -0.020764 0.189210 11.75 490 790 -0.11 -70.00 -0.0000 -0.0000
0.152 2 1.361758 2.915312 -9.829590 -5.912781 -8.300781 8.049011 -0.75 0.75 -7.4 -6.6 -67.6135 -67.6135 -0.2472 0.0028 -0.023359 0.188347 11.75 510 800 -0.11 -70.00 0.0000 0.0000
0.159 2 1.884404 -0.946997 -10.433750 -3.143311 -12.756348 4.180908 -0.75 0.75 -7.4 -6.6 -67.6135 -67.6135 -0.2605 0.0031 -0.023359 0.184412 11.74 490 770 -0.10 -70.00 -0.0000 -0.0000
0.166 2 2.150522 1.493618 -10.488892 -7.652283 -18.157959 0.488281 -0.75 0.75 -5.5 -6.6 -71.1721 -67.6135 -0.2737 0.0034 -0.023359 0.176573 11.74 490 780 -0.10 -70.00 0.0000 0.0000
0.173 2 1.011729 3.735244 -10.416967 -9.124756 -25.428772 -3.112793 -0.84 0.84 -7.5 -6.6 -67.6135 -67.6135 -0.2868 0.0038 -0.025955 0.172508 11.79 490 780 -0.09 -70.00 -0.0000 -0.0000
0.180 2 1.798096 -0.040757 -10.306684 -4.425049 -29.930115 -7.194519 -0.84 0.84 -7.5 -6.6 -67.6135 -67.6135 -0.3001 0.0041 -0.025955 0.169373 11.72 490 770 -0.09 -70.00 0.0000 0.0000
0.187 2 2.080996 -0.071924 -10.289902 -7.545471 -36.415100 -10.337830 -0.84 0.84 -7.5 -8.3 -67.6135 -64.3938 -0.3133 0.0045 -0.025955 0.166429 11.75 510 810 -0.09 -70.00 -0.0000 -0.0000
0.194 2 0.944600 3.399600 -10.134068 -6.515503 -43.914795 -12.809753 -0.84 0.84 -5.6 -6.6 -71.1721 -67.6135 -0.3266 0.0048 -0.025955 0.162968 11.75 490 780 -0.08 -70.00 0.0000 0.0000
0.201 2 1.834058 0.110283 -10.170029 -0.076294 -48.324585 -16.265869 -0.84 0.84 -9.2 -6.6 -64.3938 -67.6135 -0.3399 0.0052 -0.025955 0.158062 11.83 490 780 -0.08 -70.00 -0.0000 -0.0000
0.208 2 1.807685 -0.407568 -10.426558 0.404358 -54.046631 -16.510010 -0.92 0.92 -7.5 -6.5 -67.6135 -67.6135 -0.3530 0.0055 -0.028550 0.150992 11.82 490 780 -0.07 -70.00 0.0000 0.0000
0.215 2 1.157974 2.728310 -9.925488 4.058838 -59.799194 -18.760681 -0.84 0.84 -7.5 -6.6 -67.6135 -67.6135 -0.3664 0.0059 -0.025955 0.143575 11.74 490 770 -0.06 -70.00 -0.0000 -0.0000
0.222 2 1.265859 0.963779 -10.354633 11.840820 -64.277649 -19.500732 -0.84 0.84 -7.5 -6.6 -67.6135 -67.6135 -0.3797 0.0063 -0.025955 0.139069 11.71 500 800 -0.06 -70.00 0.0000 0.0000
0.229 2 1.862827 -0.287695 -10.397788 14.434814 -70.625305 -19.874573 -0.75 0.75 -5.5 -6.6 -71.1721 -67.6135 -0.3932 0.0066 -0.023359 0.129186 11.88 490 780 -0.05 -70.00 -0.0000 -0.0000
0.236 2 0.958984 3.119097 -10.627944 14.694214 -76.263428 -18.135071 -0.84 0.84 -7.5 -6.6 -67.6135 -67.6135 -0.4062 0.0069 -0.025955 0.121243 11.85 490 780 -0.04 -70.00 0.0000 0.0000
0.243 2 0.539429 2.186484 -10.210786 23.826599 -81.359863 -17.456055 -0.84 0.84 -7.5 -6.6 -67.6135 -67.6135 -0.4195 0.0073 -0.025955 0.112287 11.74 490 780 -0.03 -70.00 -0.0000 -0.0000
0.250 2 1.469643 0.402773 -10.404980 25.871277 -85.556030 -15.037537 -0.84 0.84 -7.5 -6.6 -67.6135 -67.6135 -0.4328 0.0076 -0.025955 0.097779 11.69 490 780 -0.02 -70.00 0.0000 0.0000
0.257 2 0.201387 1.889199 -10.256337 24.436951 -89.363098 -12.374878 -0.75 0.75 -5.5 -6.6 -71.1721 -67.6135 -0.4463 0.0079 -0.023359 0.084659 11.83 510 800 -0.00 -70.00 -0.0000 -0.0000
0.264 2 0.340439 2.543706 -10.354633 28.770447 -92.262268 -10.154724 -0.84 0.84 -7.5 -6.6 -67.6135 -67.6135 -0.4593 0.0082 -0.025955 0.071274 11.91 490 780 0.01 -70.00 0.0000 0.0000
0.271 2 0.872676 -1.119614 -10.253941 32.386780 -95.970154 -5.134583 -0.84 0.84 -7.5 -6.6 -67.6135 -67.6135 -0.4726 0.0086 -0.025955 0.057878 11.71 490 770 0.02 -70.00 -0.0000 -0.0000
0.278 2 0.493877 -0.002397 -10.783779 27.641296 -101.509094 0.022888 -0.84 0.84 -7.5 -8.3 -67.6135 -64.3938 -0.4859 0.0089 -0.025955 0.044770 11.80 490 780 0.04 -70.00 0.0000 0.0000
0.285 2 0.239746 2.651592 -10.124477 27.870178 -105.171204 0.328064 -0.84 0.84 -5.6 -6.6 -71.1721 -67.6135 -0.4991 0.0093 -0.025955 0.031603 11.75 490 780 0.05 -70.00 -0.0000 -0.0000
0.292 2 0.489082 -1.040498 -10.345043 30.670166 -110.008240 2.052307 -0.84 0.84 -5.5 -6.6 -71.1721 -67.6135 -0.5124 0.0096 -0.025955 0.018093 11.80 510 810 0.06 -70.00 0.0000 0.0000
0.299 2 0.354824 -1.004536 -10.553622 22.888184 -110.908508 3.204346 -0.92 0.92 -7.5 -8.3 -67.6135 -64.3938 -0.5255 0.0100 -0.028550 0.008162 11.66 490 780 0.07 -70.00 -0.0000 -0.0000
0.306 2 0.117476 2.838594 -10.004604 20.423889 -114.318848 1.785278 -0.92 0.92 -7.5 -6.5 -67.6135 -67.6135 -0.5388 0.0103 -0.028550 0.001195 11.75 490 760 0.08 -70.00 0.0000 0.0000
0.313 2 0.124668 0.321260 -10.045361 23.712158 -116.180420 -2.784729 -0.92 0.92 -7.5 -6.5 -67.6135 -67.6135 -0.5520 0.0107 -0.028550 -0.008063 11.75 490 760 0.09 -70.00 -0.0000 -0.0000
0.320 2 0.095898 -1.328193 -10.122080 16.899109 -115.524292 -6.980896 -0.84 0.84 -7.5 -6.6 -67.6135 -67.6135 -0.5655 0.0111 -0.025955 -0.018602 11.77 490 760 0.10 -70.00 0.0000 0.0000
0.327 2 -0.258926 2.421435 -10.050156 14.610291 -115.783691 -11.566162 -0.75 0.75 -5.5 -6.6 -71.1721 -67.6135 -0.5790 0.0114 -0.023359 -0.030942 11.85 510 810 0.11 -70.00 -0.0000 -0.0000
0.334 2 -0.107886 1.359360 -10.277915 20.286560 -111.396790 -19.683838 -0.84 0.84 -7.5 -6.6 -67.6135 -67.6135 -0.5920 0.0118 -0.025955 -0.038778 11.80 490 770 0.12 -70.00 0.0000 0.0000
0.341 2 0.213374 -1.627876 -10.371416 20.843506 -108.573914 -22.178650 -0.84 0.84 -7.5 -6.6 -67.6135 -67.6135 -0.6053 0.0121 -0.025955 -0.048105 11.74 490 780 0.13 -70.00 -0.0000 -0.0000
0.348 2 0.064731 1.754941 -10.376210 17.601013 -109.268188 -25.535583 -0.75 0.75 -5.5 -6.6 -71.1721 -67.6135 -0.6188 0.0124 -0.023359 -0.053025 11.69 490 770 0.13 -70.00 0.0000 0.0000
0.355 2 -0.201387 1.671030 -10.376210 22.033691 -106.178284 -30.860901 -0.75 0.75 -7.4 -4.7 -67.6135 -71.1721 -0.6321 0.0127 -0.023359 -0.056728 11.82 490 790 0.14 -70.00 -0.0000 -0.0000
0.362 2 0.213374 -1.321001 -10.321069 25.039673 -102.783203 -30.975342 -0.75 0.75 -7.4 -6.6 -67.6135 -67.6135 -0.6453 0.0131 -0.023359 -0.063797 11.74 510 800 0.14 -70.00 0.0000 0.0000
0.369 2 -0.390786 1.678223 -10.424160 20.912170 -100.265503 -29.380798 -0.75 0.75 -5.5 -6.6 -71.1721 -67.6135 -0.6586 0.0134 -0.023359 -0.069159 11.72 490 790 0.15 -70.00 -0.0000 -0.0000
0.376 2 -0.783970 2.296767 -10.162837 22.895813 -96.824646 -30.372620 -0.75 0.75 -7.4 -6.6 -67.6135 -67.6135 -0.6719 0.0137 -0.023359 -0.077733 11.82 490 780 0.16 -70.00 0.0000 0.0000
0.383 2 -0.858291 -1.474438 -9.983027 24.238586 -93.353271 -26.168823 -0.84 0.84 -7.5 -6.6 -67.6135 -67.6135 -0.6849 0.0141 -0.025955 -0.089317 11.77 490 770 0.17 -70.00 -0.0000 -0.0000
0.390 2 -1.052485 -0.242144 -10.268325 17.845154 -92.536926 -21.614075 -0.92 0.92 -7.5 -9.8 -67.6135 -61.4668 -0.6984 0.0144 -0.028550 -0.103389 11.71 490 780 0.18 -70.00 0.0000 0.0000
0.397 2 -1.172358 2.236831 -10.172426 16.784668 -89.897156 -17.654419 -0.92 0.92 -7.5 -6.5 -67.6135 -67.6135 -0.7117 0.0148 -0.028550 -0.112419 11.77 510 800 0.19 -70.00 -0.0000 -0.0000
0.404 2 -0.980561 -1.057280 -9.836782 19.676208 -88.417053 -14.602661 -0.84 0.84 -5.5 -6.6 -71.1721 -67.6135 -0.7252 0.0151 -0.025955 -0.124687 11.90 490 780 0.20 -70.00 0.0000 0.0000
0.411 2 -1.512798 -1.289834 -9.911103 16.151428 -88.668823 -9.742737 -0.92 0.92 -7.5 -8.3 -67.6135 -64.3938 -0.7382 0.0155 -0.028550 -0.138391 11.82 490 780 0.22 -70.00 -0.0000 -0.0000
0.418 2 -2.057021 2.112163 -10.217978 9.460449 -88.745117 -7.972717 -0.84 0.84 -7.5 -6.6 -67.6135 -67.6135 -0.7513 0.0159 -0.025955 -0.149554 11.77 490 780 0.23 -70.00 0.0000 0.0000
0.425 2 -1.699800 2.016265 -9.311738 11.749268 -88.043213 -8.270264 -0.84 0.84 -7.5 -6.6 -67.6135 -67.6135 -0.7646 0.0162 -0.025955 -0.164595 11.75 490 770 0.24 -70.00 -0.0000 -0.0000
0.432 2 -2.167305 -0.944600 -10.009399 9.033203 -88.706970 -5.554199 -0.84 0.84 -5.6 -6.6 -71.1721 -67.6135 -0.7778 0.0166 -0.025955 -0.178273 11.68 510 810 0.26 -70.00 0.0000 0.0000
0.439 2 -2.303960 1.486426 -9.875141 0.854492 -84.030151 -5.104065 -0.84 0.84 -7.5 -6.6 -67.6135 -67.6135 -0.7911 0.0169 -0.025955 -0.185956 11.77 490 780 0.27 -70.00 -0.0000 -0.0000
0.446 2 -1.961123 0.671289 -9.235020 2.403259 -82.519531 -7.347107 -0.84 0.84 -7.5 -6.6 -67.6135 -67.6135 -0.8044 0.0172 -0.025955 -0.197303 11.74 490 780 0.28 -70.00 0.0000 0.0000
0.453 2 -1.846045 -2.167305 -10.038169 2.685547 -77.987671 -8.979797 -0.75 0.75 -7.4 -6.6 -67.6135 -67.6135 -0.8179 0.0176 -0.023359 -0.207867 11.75 490 780 0.29 -70.00 -0.0000 -0.0000
0.460 2 -3.198213 -0.227759 -9.841577 -2.227783 -72.998047 -8.537292 -0.67 0.67 -5.5 -6.7 -71.1721 -67.6135 -0.8313 0.0179 -0.020764 -0.218410 11.71 490 790 0.30 -70.00 0.0000 0.0000
0.467 2 -1.579927 1.201128 -9.568266 1.014709 -65.933228 -13.008118 -0.75 0.75 -5.5 -6.6 -71.1721 -67.6135 -0.8448 0.0182 -0.023359 -0.223003 11.75 510 800 0.30 -70.00 -0.0000 -0.0000
0.474 2 -2.088188 -1.932353 -9.961450 5.386353 -59.249878 -13.412476 -0.67 0.67 -9.1 -6.7 -64.3938 -67.6135 -0.8579 0.0185 -0.020764 -0.226070 11.82 490 790 0.31 -70.00 0.0000 0.0000
0.481 2 -1.891597 -0.496274 -9.879936 2.746582 -54.275513 -11.756897 -0.75 0.75 -7.4 -6.6 -67.6135 -67.6135 -0.8710 0.0188 -0.023359 -0.230959 11.72 490 780 0.31 -70.00 -0.0000 -0.0000
0.488 2 -2.438218 2.594053 -9.824795 4.600525 -48.141479 -14.739990 -0.75 0.75 -7.4 -6.6 -67.6135 -67.6135 -0.8842 0.0191 -0.023359 -0.232495 11.74 490 780 0.31 -70.00 0.0000 0.0000
0.495 2 -2.073804 -1.332988 -10.014194 11.863708 -42.152405 -14.892578 -0.75 0.75 -5.5 -6.6 -71.1721 -67.6135 -0.8975 0.0195 -0.023359 -0.236345 11.72 490 790 0.32 -70.00 -0.0000 -0.0000
0.502 2 -1.937148 -1.090845 -9.640190 10.734558 -36.918640 -14.060974 -0.75 0.75 -7.4 -6.6 -67.6135 -67.6135 -0.9108 0.0198 -0.023359 -0.241372 11.71 510 800 0.32 -70.00 0.0000 0.0000
0.509 2 -3.294111 2.160112 -9.947065 9.498596 -33.409119 -12.023926 -0.75 0.75 -5.5 -6.6 -71.1721 -67.6135 -0.9240 0.0201 -0.023359 -0.243606 11.75 490 780 0.32 -70.00 -0.0000 -0.0000
0.516 2 -1.982700 -1.553555 -9.604228 15.396118 -30.311584 -12.130737 -0.67 0.67 -9.1 -6.7 -64.3938 -67.6135 -0.9375 0.0204 -0.020764 -0.250507 11.85 490 790 0.33 -70.00 0.0000 0.0000
0.523 2 -2.742695 -1.915571 -9.918296 11.482239 -28.610229 -9.033203 -0.67 0.67 -9.1 -8.4 -64.3938 -64.3938 -0.9508 0.0207 -0.020764 -0.254489 11.72 490 790 0.33 -70.00 -0.0000 -0.0000
0.530 2 -2.649194 0.949395 -9.911103 8.316040 -27.000427 -5.439758 -0.67 0.67 -7.4 -6.7 -67.6135 -67.6135 -0.9641 0.0210 -0.020764 -0.262203 11.72 490 780 0.34 -70.00 0.0000 0.0000
0.537 2 -2.632412 0.057539 -9.314136 12.908936 -22.918701 -5.462646 -0.75 0.75 -7.4 -6.6 -67.6135 -67.6135 -0.9775 0.0213 -0.023359 -0.264591 11.63 510 800 0.34 -70.00 -0.0000 -0.0000
0.544 2 -3.176636 -2.054624 -9.853564 10.856628 -21.713257 -1.480103 -0.67 0.67 -5.4 -6.7 -71.1721 -67.6135 -0.9910 0.0215 -0.020764 -0.272594 11.82 490 780 0.35 -70.00 0.0000 0.0000
0.551 2 -2.893735 0.314067 -9.637793 7.896423 -18.035889 -0.205994 -0.67 0.67 -7.4 -6.7 -67.6135 -67.6135 -1.0043 0.0218 -0.020764 -0.277669 11.82 490 770 0.36 -70.00 -0.0000 -0.0000
0.558 2 -2.860171 0.592173 -9.364482 10.444641 -14.083862 -1.564026 -0.84 0.84 -9.2 -6.6 -64.3938 -67.6135 -1.0176 0.0221 -0.025955 -0.280309 11.74 490 790 0.36 -70.00 0.0000 0.0000
0.565 2 -2.428628 -2.414243 -9.383662 13.557434 -8.872986 -1.632690 -0.84 0.84 -7.5 -6.6 -67.6135 -67.6135 -1.0308 0.0225 -0.025955 -0.284138 11.77 490 780 0.36 -70.00 -0.0000 -0.0000
0.572 2 -3.004019 -0.501069 -9.712114 10.566711 -2.822876 1.213074 -0.75 0.75 -5.5 -6.6 -71.1721 -67.6135 -1.0443 0.0228 -0.023359 -0.286706 11.87 510 810 0.37 -70.00 0.0000 0.0000
0.579 2 -2.912915 1.469643 -9.477162 11.512756 4.585266 0.190735 -0.84 0.84 -7.5 -4.7 -67.6135 -71.1721 -1.0578 0.0231 -0.025955 -0.285089 11.77 490 780 0.37 -70.00 -0.0000 -0.0000
0.586 2 -2.239228 -2.867363 -9.599433 16.014099 10.993958 -0.473022 -0.92 0.92 -7.5 -4.5 -67.6135 -71.1721 -1.0712 0.0235 -0.028550 -0.284190 11.88 490 770 0.36 -70.00 0.0000 0.0000
0.593 2 -2.354306 -1.558350 -9.549087 12.245178 18.363953 1.846313 -0.84 0.84 -7.5 -6.6 -67.6135 -67.6135 -1.0843 0.0239 -0.025955 -0.282890 11.74 480 770 0.36 -70.00 -0.0000 -0.0000
0.600 2 -3.445151 1.472041 -10.239555 11.207581 26.321411 4.570007 -0.84 0.84 -5.5 -6.6 -71.1721 -67.6135 -1.0976 0.0242 -0.025955 -0.279267 11.80 490 790 0.36 -70.00 0.0000 0.0000
0.607 2 -2.471782 -0.656904 -9.527510 13.633728 32.760620 5.477905 -0.75 0.75 -7.4 -6.6 -67.6135 -67.6135 -1.1107 0.0245 -0.023359 -0.274343 11.79 510 800 0.35 -70.00 -0.0000 -0.0000
0.614 2 -3.349253 -1.464849 -10.114887 7.278442 37.040710 9.429932 -0.75 0.75 -7.4 -6.6 -67.6135 -67.6135 -1.1239 0.0249 -0.023359 -0.271351 11.72 480 770 0.35 -70.00 0.0000 0.0000
0.621 2 -2.699541 2.476577 -9.577856 2.784729 41.534424 4.646301 -0.75 0.75 -5.5 -6.6 -71.1721 -67.6135 -1.1372 0.0252 -0.023359 -0.271068 11.71 490 780 0.35 -70.00 -0.0000 -0.0000
0.628 2 -2.447808 0.421953 -9.565868 5.058289 46.951294 4.051208 -0.75 0.75 -7.4 -6.6 -67.6135 -67.6135 -1.1505 0.0255 -0.023359 -0.264321 11.75 490 770 0.34 -70.00 0.0000 0.0000
0.635 2 -3.138276 -2.001880 -9.585049 0.854492 50.453186 10.223389 -0.75 0.75 -7.4 -6.6 -67.6135 -67.6135 -1.1637 0.0258 -0.023359 -0.259445 11.75 490 770 0.34 -70.00 -0.0000 -0.0000
0.642 2 -2.840991 0.644917 -9.690536 -5.088806 52.246094 10.200500 -0.75 0.75 -5.5 -6.6 -71.1721 -67.6135 -1.1770 0.0261 -0.023359 -0.256164 11.71 510 800 0.34 -70.00 0.0000 0.0000
0.649 2 -2.831401 0.604160 -9.541894 -5.592346 54.077148 8.071899 -0.75 0.75 -7.4 -6.6 -67.6135 -67.6135 -1.1903 0.0264 -0.023359 -0.252417 11.85 490 770 0.33 -70.00 -0.0000 -0.0000
0.656 2 -2.404653 -1.870019 -9.927885 -8.300781 57.815552 9.910583 -0.75 0.75 -7.4 -6.6 -67.6135 -67.6135 -1.2036 0.0267 -0.023359 -0.247896 11.66 490 770 0.33 -70.00 0.0000 0.0000
0.663 2 -2.550898 0.680879 -9.743281 -14.839172 61.431885 11.421204 -0.75 0.75 -7.4 -6.6 -67.6135 -67.6135 -1.2168 0.0270 -0.023359 -0.240304 11.72 490 770 0.32 -70.00 -0.0000 -0.0000
0.670 2 -2.284780 1.474438 -9.426816 -11.558533 64.346313 11.276245 -0.84 0.84 -7.5 -4.7 -67.6135 -71.1721 -1.2303 0.0274 -0.025955 -0.234453 11.72 490 780 0.31 -70.00 0.0000 0.0000
0.677 2 -2.495757 -1.848442 -10.098105 -15.655518 66.650391 14.381409 -0.84 0.84 -5.5 -6.6 -71.1721 -67.6135 -1.2436 0.0277 -0.025955 -0.228106 11.83 510 810 0.31 -70.00 -0.0000 -0.0000
0.684 2 -1.733364 0.011987 -10.026181 -23.735046 70.846558 16.654968 -0.75 0.75 -7.4 -6.6 -67.6135 -67.6135 -1.2566 0.0280 -0.023359 -0.219707 11.75 490 780 0.30 -70.00 0.0000 0.0000
0.691 2 -2.107368 1.611094 -9.443599 -22.323608 74.066162 17.997742 -0.84 0.84 -5.6 -6.6 -71.1721 -67.6135 -1.2697 0.0284 -0.025955 -0.209471 11.68 490 780 0.29 -70.00 -0.0000 -0.0000
0.698 2 -1.925161 -0.812739 -10.263530 -27.366638 78.132629 15.190125 -0.84 0.84 -5.5 -6.6 -71.1721 -67.6135 -1.2830 0.0287 -0.025955 -0.199200 11.80 490 780 0.28 -70.00 0.0000 0.0000
0.705 2 -1.745352 0.071924 -9.517920 -29.441833 81.680298 16.357422 -0.84 0.84 -7.5 -6.6 -67.6135 -67.6135 -1.2963 0.0291 -0.025955 -0.188569 11.55 490 780 0.27 -70.00 -0.0000 -0.0000
0.712 2 -1.730967 2.519731 -9.513124 -28.152466 84.945679 18.241882 -0.92 0.92 -7.5 -6.5 -67.6135 -67.6135 -1.3097 0.0295 -0.028550 -0.175155 11.79 510 790 0.26 -70.00 0.0000 0.0000
0.719 2 -1.162768 0.129463 -9.549087 -23.269653 90.042114 16.433716 -0.92 0.92 -7.5 -6.5 -67.6135 -67.6135 -1.3230 0.0298 -0.028550 -0.158695 11.71 490 770 0.24 -70.00 -0.0000 -0.0000
0.726 2 -1.615889 -0.946997 -9.692934 -26.176453 93.994141 15.747070 -0.84 0.84 -5.6 -10.3 -71.1721 -58.7943 -1.3365 0.0302 -0.025955 -0.147313 11.82 490 790 0.23 -70.00 0.0000 0.0000
0.733 2 -1.469643 1.659043 -9.434009 -26.512146 99.998474 11.322021 -0.92 0.92 -7.5 -6.5 -67.6135 -67.6135 -1.3495 0.0305 -0.028550 -0.134673 11.79 480 780 0.21 -70.00 -0.0000 -0.0000
0.740 2 -0.750405 -0.587378 -9.338110 -19.569397 106.369019 10.551453 -0.92 0.92 -7.5 -8.3 -67.6135 -64.3938 -1.3628 0.0309 -0.028550 -0.121025 11.72 490 780 0.20 -70.00 0.0000 0.0000
0.747 2 -0.549019 -2.546103 -9.647383 -20.225525 112.907410 9.567261 -0.92 0.92 -7.5 -6.5 -67.6135 -67.6135 -1.3765 0.0313 -0.028550 -0.103306 11.75 510 800 0.18 -70.00 -0.0000 -0.0000
0.754 2 -0.546621 1.138794 -10.469711 -20.904541 120.330811 11.070251 -0.92 0.92 -7.5 -6.5 -67.6135 -67.6135 -1.3898 0.0317 -0.028550 -0.084367 11.68 490 770 0.16 -70.00 0.0000 0.0000
0.761 2 -0.968574 1.496016 -10.136464 -16.502380 123.977661 13.481140 -0.84 0.84 -7.5 -6.6 -67.6135 -67.6135 -1.4032 0.0320 -0.025955 -0.068581 11.83 490 780 0.15 -70.00 -0.0000 -0.0000
0.768 2 -0.400376 -2.128945 -10.505673 -14.083862 128.631592 18.386841 -0.92 0.92 -5.6 -4.6 -71.1721 -71.1721 -1.4167 0.0324 -0.028550 -0.053800 11.75 490 780 0.13 -70.00 0.0000 0.0000
0.775 2 -0.266118 0.256528 -10.404980 -16.761780 130.004883 24.673462 -0.92 0.92 -7.5 -6.5 -67.6135 -67.6135 -1.4300 0.0328 -0.028550 -0.040924 11.75 490 780 0.12 -70.00 -0.0000 -0.0000
0.782 2 -0.052744 1.877212 -10.237158 -17.120361 133.087158 27.305603 -1.00 1.00 -5.7 -6.5 -71.1721 -67.6135 -1.4434 0.0332 -0.031146 -0.019156 11.85 510 800 0.10 -70.00 0.0000 0.0000
0.789 2 0.474697 -1.028511 -10.069336 -16.609192 134.811401 32.188416 -0.92 0.92 -5.6 -6.5 -71.1721 -67.6135 -1.4565 0.0336 -0.028550 -0.003142 11.83 490 790 0.08 -70.00 -0.0000 -0.0000
0.796 2 -0.354824 0.352427 -10.122080 -23.719788 134.101868 36.857605 -1.00 1.00 -7.6 -6.5 -67.6135 -67.6135 -1.4696 0.0340 -0.031146 0.009297 11.80 490 780 0.07 -70.00 0.0000 0.0000
0.803 2 -0.026372 1.484028 -9.493945 -25.062561 133.834839 36.720276 -1.00 1.00 -7.6 -6.5 -67.6135 -67.6135 -1.4829 0.0344 -0.031146 0.020206 11.75 490 770 0.06 -70.00 -0.0000 -0.0000
0.810 2 0.189399 -2.023457 -10.095708 -26.504517 134.277344 38.208008 -1.00 1.00 -7.6 -6.5 -67.6135 -67.6135 -1.4961 0.0348 -0.031146 0.031789 11.74 490 770 0.05 -70.00 0.0000 0.0000
0.817 2 0.047949 0.059937 -9.942270 -35.034180 131.774902 38.909912 -0.92 0.92 -5.6 -6.5 -71.1721 -67.6135 -1.5096 0.0352 -0.028550 0.042616 11.88 510 800 0.04 -70.00 -0.0000 -0.0000
0.824 2 0.393184 2.097778 -10.040566 -37.124634 130.874634 38.246155 -1.00 1.00 -5.7 -6.5 -71.1721 -67.6135 -1.5231 0.0356 -0.031146 0.057782 11.75 490 780 0.02 -70.00 0.0000 0.0000
0.831 2 0.879868 -0.561006 -10.234760 -34.301758 128.875732 36.781311 -1.09 1.09 -7.6 -6.4 -67.6135 -67.6135 -1.5361 0.0360 -0.033741 0.071116 11.88 490 780 0.01 -70.00 -0.0000 -0.0000
0.838 2 0.798354 -0.335645 -10.404980 -37.261963 125.061035 37.879944 -1.09 1.09 -7.6 -4.5 -67.6135 -71.1721 -1.5494 0.0365 -0.033741 0.084386 11.75 490 790 -0.00 -70.00 0.0000 0.0000
0.845 2 0.431543 3.051968 -9.997412 -37.719727 122.406006 37.094116 -1.09 1.09 -5.7 -6.4 -71.1721 -67.6135 -1.5627 0.0369 -0.033741 0.098257 11.66 490 790 -0.02 -70.00 -0.0000 -0.0000
0.852 2 1.069268 0.424351 -10.407377 -31.974792 120.384216 34.629822 -1.17 1.17 -5.8 -6.4 -71.1721 -67.6135 -1.5761 0.0374 -0.036337 0.111855 11.79 510 810 -0.03 -70.00 0.0000 0.0000
0.859 2 1.376143 -1.309014 -10.146054 -32.531738 117.332458 35.362244 -1.17 1.17 -9.4 -6.4 -64.3938 -67.6135 -1.5894 0.0379 -0.036337 0.123602 11.77 490 790 -0.04 -70.00 -0.0000 -0.0000
0.866 2 0.980561 2.037842 -10.253941 -34.896851 112.518311 34.645081 -1.17 1.17 -7.7 -6.3 -67.6135 -67.6135 -1.6027 0.0384 -0.036337 0.135042 11.75 490 770 -0.06 -70.00 0.0000 0.0000
0.873 2 1.584722 0.522646 -10.304287 -29.441833 110.763550 32.852173 -1.00 1.00 -7.6 -6.5 -67.6135 -67.6135 -1.6159 0.0388 -0.031146 0.150766 11.82 490 780 -0.07 -70.00 -0.0000 -0.0000
0.880 2 1.759736 -1.874814 -10.265927 -28.022766 106.880188 30.921936 -1.00 1.00 -5.6 -6.5 -71.1721 -67.6135 -1.6292 0.0393 -0.031146 0.160899 11.83 490 780 -0.08 -70.00 0.0000 0.0000
0.887 2 1.491221 1.452861 -10.311480 -32.318115 102.073669 30.517578 -1.00 1.00 -7.6 -6.5 -67.6135 -67.6135 -1.6425 0.0397 -0.031146 0.173131 11.77 510 790 -0.09 -70.00 -0.0000 -0.0000
0.894 2 1.860430 1.572734 -10.229965 -26.687622 96.893311 27.221680 -1.00 1.00 -5.7 -6.5 -71.1721 -67.6135 -1.6557 0.0401 -0.031146 0.184859 11.60 490 780 -0.10 -70.00 0.0000 0.0000
0.901 2 2.656387 -1.961123 -9.788833 -20.568848 93.360901 26.802063 -1.00 1.00 -5.7 -6.5 -71.1721 -67.6135 -1.6690 0.0405 -0.031146 0.194487 11.79 490 780 -0.11 -70.00 -0.0000 -0.0000
0.908 2 2.260806 -0.345234 -10.428955 -27.740479 87.242126 27.389526 -1.00 1.00 -7.6 -6.5 -67.6135 -67.6135 -1.6823 0.0409 -0.031146 0.206705 11.87 480 770 -0.13 -70.00 0.0000 0.0000
0.915 2 2.606040 3.924644 -9.609023 -28.450012 84.281921 24.070740 -1.00 1.00 -7.6 -6.5 -67.6135 -67.6135 -1.6956 0.0413 -0.031146 0.219778 11.74 490 770 -0.14 -70.00 -0.0000 -0.0000
0.922 2 2.116958 -0.038359 -10.110092 -22.682190 81.665039 22.270203 -1.00 1.00 -7.6 -6.5 -67.6135 -67.6135 -1.7088 0.0417 -0.031146 0.227077 11.72 510 800 -0.15 -70.00 0.0000 0.0000
0.929 2 2.658784 -0.551416 -10.083720 -25.489807 80.558777 20.904541 -0.92 0.92 -7.5 -6.5 -67.6135 -67.6135 -1.7219 0.0421 -0.028550 0.235881 11.79 490 780 -0.16 -70.00 -0.0000 -0.0000
0.936 2 1.968315 1.925161 -9.676152 -26.153564 78.247070 20.912170 -0.84 0.84 -7.5 -6.6 -67.6135 -67.6135 -1.7354 0.0425 -0.025955 0.242565 11.72 490 770 -0.16 -70.00 0.0000 0.0000
0.943 2 2.615630 0.148643 -9.944668 -21.835327 76.644897 21.713257 -0.75 0.75 -5.5 -6.6 -71.1721 -67.6135 -1.7488 0.0428 -0.023359 0.249865 11.82 490 780 -0.17 -70.00 -0.0000 -0.0000
0.950 2 2.948877 -0.004795 -10.222774 -23.292542 73.822021 22.575378 -0.75 0.75 -5.5 -6.6 -71.1721 -67.6135 -1.7621 0.0432 -0.023359 0.257644 11.87 490 790 -0.18 -70.00 0.0000 0.0000
0.957 2 2.435820 3.107109 -9.688139 -25.077820 71.136475 23.834229 -0.84 0.84 -7.5 -6.6 -67.6135 -67.6135 -1.7752 0.0435 -0.025955 0.267936 11.74 510 790 -0.19 -70.00 -0.0000 -0.0000
0.964 2 2.790644 1.225103 -9.891924 -19.081116 68.168640 24.429321 -0.84 0.84 -7.5 -6.6 -67.6135 -67.6135 -1.7885 0.0438 -0.025955 0.279057 11.79 490 770 -0.20 -70.00 0.0000 0.0000
0.971 2 3.032788 -1.016523 -9.685741 -17.829895 66.215515 25.154114 -0.84 0.84 -5.5 -4.7 -71.1721 -71.1721 -1.8017 0.0442 -0.025955 0.286549 11.71 490 790 -0.21 -70.00 -0.0000 -0.0000
0.978 2 2.097778 2.064214 -9.748075 -21.034241 62.965393 24.650574 -0.92 0.92 -7.5 -6.5 -67.6135 -67.6135 -1.8148 0.0446 -0.028550 0.292692 11.72 490 760 -0.21 -70.00 0.0000 0.0000
0.985 2 2.893735 2.181690 -9.486753 -14.953613 62.774658 22.949219 -0.92 0.92 -7.5 -6.5 -67.6135 -67.6135 -1.8281 0.0450 -0.028550 0.301787 11.79 490 780 -0.22 -70.00 -0.0000 -0.0000
0.992 2 3.322881 -0.870278 -9.529907 -12.489319 61.279297 21.408081 -0.92 0.92 -7.5 -6.5 -67.6135 -67.6135 -1.8413 0.0454 -0.028550 0.307508 11.71 510 790 -0.23 -70.00 0.0000 0.0000
0.999 2 2.443013 1.766929 -9.405239 -15.319824 58.929443 19.767761 -0.92 0.92 -5.6 -6.5 -71.1721 -67.6135 -1.8546 0.0457 -0.028550 0.315600 11.74 480 770 -0.24 -70.00 -0.0000 -0.0000
1.006 2 3.207803 2.049829 -9.520317 -10.566711 57.807922 18.341064 -0.92 0.92 -7.5 -6.5 -67.6135 -67.6135 -1.8679 0.0461 -0.028550 0.324171 11.80 490 770 -0.24 -70.00 0.0000 0.0000
1.013 2 3.828745 -0.865483 -9.563472 -4.501343 54.847717 18.249512 -0.92 0.92 -7.5 -6.5 -67.6135 -67.6135 -1.8811 0.0465 -0.028550 0.329549 11.74 490 770 -0.25 -70.00 -0.0000 -0.0000
1.020 2 3.090327 0.783970 -9.709717 -7.232666 49.476624 18.432617 -0.92 0.92 -7.5 -6.5 -67.6135 -67.6135 -1.8944 0.0469 -0.028550 0.334993 11.74 490 770 -0.25 -70.00 0.0000 0.0000
1.027 2 4.130825 2.653989 -9.668960 -3.776550 48.171997 18.974304 -0.84 0.84 -5.6 -6.6 -71.1721 -67.6135 -1.9079 0.0472 -0.025955 0.343926 11.85 510 800 -0.26 -70.00 -0.0000 -0.0000
1.034 2 3.689692 0.014385 -9.532305 2.182007 45.043945 18.211365 -0.75 0.75 -7.4 -6.6 -67.6135 -67.6135 -1.9210 0.0476 -0.023359 0.350788 11.74 490 780 -0.27 -70.00 0.0000 0.0000
1.041 2 3.881489 0.179810 -9.757666 1.609802 38.627625 17.768860 -0.75 0.75 -5.5 -6.6 -71.1721 -67.6135 -1.9342 0.0479 -0.023359 0.353562 11.75 490 790 -0.27 -70.00 -0.0000 -0.0000
1.048 2 3.385215 3.624961 -9.505932 1.907349 36.628723 16.075134 -0.84 0.84 -7.5 -6.6 -67.6135 -67.6135 -1.9473 0.0482 -0.025955 0.361213 11.75 490 770 -0.28 -70.00 0.0000 0.0000
1.055 2 3.675308 0.656904 -9.632998 9.544373 33.203125 14.144897 -0.84 0.84 -7.5 -6.6 -67.6135 -67.6135 -1.9606 0.0486 -0.025955 0.363025 11.74 490 780 -0.28 -70.00 -0.0000 -0.0000
1.062 2 3.855117 -0.050347 -9.760063 9.208679 29.441833 13.114929 -0.84 0.84 -5.6 -6.6 -71.1721 -67.6135 -1.9738 0.0489 -0.025955 0.365125 11.83 510 810 -0.29 -70.00 0.0000 0.0000
1.069 2 3.270137 3.404394 -9.532305 8.666992 26.306152 12.840271 -0.84 0.84 -5.5 -6.6 -71.1721 -67.6135 -1.9871 0.0493 -0.025955 0.368392 11.87 490 780 -0.29 -70.00 -0.0000 -0.0000
1.076 2 3.855117 0.743213 -9.601830 16.174316 24.444580 12.916565 -0.92 0.92 -7.5 -6.5 -67.6135 -67.6135 -2.0002 0.0496 -0.028550 0.372070 11.83 490 780 -0.29 -70.00 0.0000 0.0000
1.083 2 3.986977 -0.635327 -9.858359 16.792297 20.355225 12.458801 -1.00 1.00 -7.6 -6.5 -67.6135 -67.6135 -2.0133 0.0500 -0.031146 0.373107 11.72 490 780 -0.29 -70.00 -0.0000 -0.0000
1.090 2 3.646538 2.670771 -9.647383 14.625549 16.189575 11.894226 -1.00 1.00 -7.6 -6.5 -67.6135 -67.6135 -2.0265 0.0504 -0.031146 0.376247 11.69 490 770 -0.30 -70.00 0.0000 0.0000
1.097 2 3.075942 1.145986 -9.261392 20.271301 13.534546 11.032104 -1.00 1.00 -5.7 -6.5 -71.1721 -67.6135 -2.0398 0.0508 -0.031146 0.378508 11.72 510 810 -0.30 -70.00 -0.0000 -0.0000
1.104 2 4.202749 -1.371348 -9.659369 21.362305 10.925293 7.591248 -1.00 1.00 -5.6 -6.5 -71.1721 -67.6135 -2.0531 0.0512 -0.031146 0.379663 11.85 490 790 -0.30 -70.00 0.0000 0.0000
1.111 2 3.411587 1.745352 -9.503535 16.975403 6.294250 7.110596 -1.00 1.00 -7.6 -6.5 -67.6135 -67.6135 -2.0663 0.0516 -0.031146 0.380197 11.77 490 770 -0.30 -70.00 -0.0000 -0.0000
1.118 2 4.034926 2.795439 -9.342905 21.064758 3.326416 6.042480 -1.00 1.00 -7.6 -6.5 -67.6135 -67.6135 -2.0796 0.0520 -0.031146 0.382925 11.77 490 770 -0.30 -70.00 0.0000 0.0000
1.125 2 3.939028 -0.491479 -9.829590 23.506165 -0.259399 5.592346 -1.00 1.00 -5.6 -6.5 -71.1721 -67.6135 -2.0929 0.0524 -0.031146 0.381974 11.83 490 780 -0.30 -70.00 -0.0000 -0.0000
1.132 2 3.677705 1.757339 -9.513124 18.760681 -5.157471 5.653381 -1.00 1.00 -7.6 -6.5 -67.6135 -67.6135 -2.1061 0.0528 -0.031146 0.379670 11.80 510 790 -0.30 -70.00 0.0000 0.0000
1.139 2 3.646538 2.680361 -9.688139 22.079468 -8.773804 4.730225 -1.09 1.09 -5.7 -6.4 -71.1721 -67.6135 -2.1192 0.0533 -0.033741 0.379287 11.74 480 790 -0.30 -70.00 -0.0000 -0.0000
1.146 2 4.500034 -0.326055 -9.829590 24.787903 -12.756348 5.569458 -1.09 1.09 -7.6 -6.4 -67.6135 -67.6135 -2.1325 0.0537 -0.033741 0.376153 11.83 490 790 -0.30 -70.00 0.0000 0.0000
1.153 2 3.399600 1.210718 -9.983027 19.309998 -18.898010 6.477356 -1.00 1.00 -7.6 -6.5 -67.6135 -67.6135 -2.1456 0.0541 -0.031146 0.372271 11.71 490 780 -0.29 -70.00 -0.0000 -0.0000
1.160 2 3.653730 3.481113 -9.779243 18.806458 -24.482727 5.668640 -1.00 1.00 -7.6 -6.5 -67.6135 -67.6135 -2.1588 0.0545 -0.031146 0.369106 11.75 490 780 -0.29 -70.00 0.0000 0.0000
1.167 2 3.706475 -0.781572 -10.205991 20.515442 -28.762817 3.288269 -0.92 0.92 -7.5 -6.5 -67.6135 -67.6135 -2.1723 0.0549 -0.028550 0.365603 11.77 510 800 -0.29 -70.00 -0.0000 -0.0000
1.174 2 4.128428 0.095898 -9.990219 14.366150 -35.400391 2.044678 -0.92 0.92 -7.5 -8.3 -67.6135 -64.3938 -2.1856 0.0553 -0.028550 0.357832 11.75 490 780 -0.28 -70.00 0.0000 0.0000
1.181 2 3.027993 3.485908 -10.093310 11.199951 -43.548584 0.488281 -0.84 0.84 -5.6 -6.6 -71.1721 -67.6135 -2.1990 0.0557 -0.025955 0.353512 11.74 490 790 -0.27 -70.00 -0.0000 -0.0000
1.188 2 4.476059 1.002139 -9.923091 13.191223 -48.034668 -3.257751 -0.84 0.84 -5.5 -6.6 -71.1721 -67.6135 -2.2123 0.0561 -0.025955 0.350408 11.85 490 790 -0.27 -70.00 0.0000 0.0000
1.195 2 3.615371 -0.656904 -9.867949 8.529663 -54.420471 -8.544922 -0.84 0.84 -7.5 -6.6 -67.6135 -67.6135 -2.2256 0.0564 -0.025955 0.343423 11.74 480 780 -0.26 -70.00 -0.0000 -0.0000
1.202 2 3.210200 2.848183 -9.707319 4.699707 -59.944153 -14.083862 -0.84 0.84 -5.6 -6.6 -71.1721 -67.6135 -2.2388 0.0568 -0.025955 0.337894 11.72 510 810 -0.26 -70.00 0.0000 0.0000
1.209 2 3.334868 1.572734 -9.467573 10.795593 -63.529968 -19.638062 -0.84 0.84 -10.2 -6.6 -58.7943 -67.6135 -2.2521 0.0572 -0.025955 0.333527 11.74 490 790 -0.25 -70.00 -0.0000 -0.0000
1.216 2 3.737642 -1.769326 -9.829590 12.969971 -67.649841 -21.347046 -0.84 0.84 -7.5 -6.6 -67.6135 -67.6135 -2.2654 0.0575 -0.025955 0.326820 11.71 490 780 -0.25 -70.00 0.0000 0.0000
1.223 2 3.186225 1.560747 -9.750473 8.590698 -72.555542 -24.505615 -0.75 0.75 -5.5 -6.6 -71.1721 -67.6135 -2.2789 0.0579 -0.023359 0.319752 11.75 490 790 -0.24 -70.00 -0.0000 -0.0000
1.230 2 3.032788 2.128945 -9.721704 16.593933 -75.103760 -25.367737 -0.84 0.84 -7.5 -4.7 -67.6135 -71.1721 -2.2923 0.0582 -0.025955 0.312278 11.71 490 780 -0.23 -70.00 0.0000 0.0000
1.237 2 3.572217 -1.479233 -10.136464 23.811340 -78.674316 -23.567200 -0.84 0.84 -7.5 -6.6 -67.6135 -67.6135 -2.3056 0.0585 -0.025955 0.302722 11.71 510 790 -0.22 -70.00 -0.0000 -0.0000
1.244 2 3.308496 0.939805 -10.086118 23.460388 -83.717346 -22.186279 -0.75 0.75 -7.4 -6.6 -67.6135 -67.6135 -2.3191 0.0589 -0.023359 0.294138 11.83 490 780 -0.21 -70.00 0.0000 0.0000
1.251 2 2.524526 2.879350 -9.841577 26.443481 -87.196350 -20.126343 -0.75 0.75 -5.5 -6.6 -71.1721 -67.6135 -2.3324 0.0592 -0.023359 0.287843 11.69 480 780 -0.21 -70.00 -0.0000 -0.0000
1.258 2 3.804770 -0.572993 -9.836782 36.613464 -89.477539 -19.836426 -0.75 0.75 -5.5 -9.9 -71.1721 -61.4668 -2.3460 0.0595 -0.023359 0.279988 11.88 490 790 -0.20 -70.00 0.0000 0.0000
1.265 2 2.179292 1.615889 -10.102901 36.071777 -94.573975 -17.341614 -0.84 0.84 -7.5 -6.6 -67.6135 -67.6135 -2.3591 0.0598 -0.025955 0.270801 11.74 490 780 -0.19 -70.00 -0.0000 -0.0000
1.272 2 1.376143 2.589258 -9.779243 38.513184 -99.357605 -12.290955 -0.84 0.84 -5.6 -6.6 -71.1721 -67.6135 -2.3728 0.0601 -0.025955 0.256280 11.80 510 800 -0.18 -70.00 0.0000 0.0000
1.279 2 3.102314 -0.970972 -10.476904 43.739319 -101.982117 -11.924744 -0.92 0.92 -7.5 -6.5 -67.6135 -67.6135 -2.3858 0.0605 -0.028550 0.244238 11.82 490 780 -0.16 -70.00 -0.0000 -0.0000
1.286 2 2.200869 -1.615889 -10.249146 40.878296 -107.940674 -7.690430 -0.92 0.92 -7.5 -4.6 -67.6135 -71.1721 -2.3991 0.0609 -0.028550 0.226821 11.72 490 780 -0.15 -70.00 0.0000 0.0000
1.293 2 1.819673 1.671030 -10.786177 38.810730 -112.892151 -4.402161 -0.92 0.92 -7.5 -6.5 -67.6135 -67.6135 -2.4124 0.0612 -0.028550 0.210608 11.69 490 780 -0.13 -70.00 -0.0000 -0.0000
1.300 2 1.702197 1.220308 -10.457725 39.581299 -120.788574 -5.592346 -0.84 0.84 -7.5 -6.6 -67.6135 -67.6135 -2.4259 0.0616 -0.025955 0.194500 11.72 490 770 -0.11 -70.00 0.0000 0.0000
1.307 2 2.263203 -1.589517 -10.750215 36.697388 -128.875732 -6.141663 -0.75 0.75 -7.4 -6.6 -67.6135 -67.6135 -2.4393 0.0619 -0.023359 0.176244 11.72 510 800 -0.10 -70.00 -0.0000 -0.0000
1.314 2 1.699800 1.752544 -10.424160 31.532288 -134.246826 -10.269165 -0.75 0.75 -5.5 -6.6 -71.1721 -67.6135 -2.4526 0.0622 -0.023359 0.163969 11.88 490 780 -0.08 -70.00 0.0000 0.0000
1.321 2 1.762134 2.059419 -10.162837 34.416199 -140.121460 -18.905640 -0.75 0.75 -7.4 -6.6 -67.6135 -67.6135 -2.4659 0.0625 -0.023359 0.150796 11.75 490 770 -0.07 -70.00 -0.0000 -0.0000
1.328 2 1.874814 -1.390527 -10.512866 36.727905 -144.706726 -27.778625 -0.84 0.84 -7.5 -6.6 -67.6135 -67.6135 -2.4789 0.0629 -0.025955 0.136861 11.71 490 780 -0.06 -70.00 0.0000 0.0000
1.335 2 1.673428 0.580186 -10.591982 32.730103 -148.239136 -35.392761 -0.84 0.84 -7.5 -6.6 -67.6135 -67.6135 -2.4922 0.0632 -0.025955 0.119422 11.69 490 780 -0.04 -70.00 -0.0000 -0.0000
1.342 2 1.050088 2.107368 -10.644726 34.416199 -149.024963 -43.945312 -0.75 0.75 -5.5 -6.6 -71.1721 -67.6135 -2.5057 0.0635 -0.023359 0.104277 11.74 510 800 -0.02 -70.00 0.0000 0.0000
1.349 2 1.922764 -0.855894 -10.776587 41.961670 -147.338867 -50.216675 -0.75 0.75 -5.5 -6.6 -71.1721 -67.6135 -2.5190 0.0638 -0.023359 0.089866 11.83 490 780 -0.01 -70.00 -0.0000 -0.0000
1.356 2 1.107627 -1.349770 -10.635137 41.511536 -147.537231 -49.667358 -0.75 0.75 -7.4 -6.6 -67.6135 -67.6135 -2.5322 0.0641 -0.023359 0.077273 11.79 490 770 0.00 -70.00 0.0000 0.0000
1.363 2 1.148384 1.802891 -10.568007 42.892456 -146.804810 -47.523499 -0.75 0.75 -5.5 -6.6 -71.1721 -67.6135 -2.5455 0.0644 -0.023359 0.067341 11.72 490 780 0.01 -70.00 -0.0000 -0.0000
1.370 2 1.124409 -0.932612 -10.443339 50.315857 -145.195007 -43.922424 -0.84 0.84 -7.5 -6.6 -67.6135 -67.6135 -2.5586 0.0647 -0.025955 0.055526 11.83 490 780 0.02 -70.00 0.0000 0.0000
1.377 2 0.824727 -2.064214 -10.536840 48.324585 -143.623352 -39.520264 -0.84 0.84 -7.5 -6.6 -67.6135 -67.6135 -2.5719 0.0651 -0.025955 0.039152 11.69 510 800 0.04 -70.00 -0.0000 -0.0000
1.384 2 0.378799 2.440615 -10.229965 47.180176 -141.716003 -35.095215 -0.84 0.84 -5.6 -6.6 -71.1721 -67.6135 -2.5851 0.0654 -0.025955 0.027099 11.63 490 790 0.05 -70.00 0.0000 0.0000
1.391 2 0.292490 -0.033564 -10.201196 54.435730 -138.168335 -32.310486 -0.92 0.92 -9.3 -6.5 -64.3938 -67.6135 -2.5986 0.0658 -0.028550 0.014729 11.82 490 790 0.07 -70.00 -0.0000 -0.0000
1.398 2 0.604160 -1.392925 -10.220376 51.574707 -133.644104 -33.035278 -1.00 1.00 -7.6 -4.6 -67.6135 -71.1721 -2.6117 0.0662 -0.031146 -0.001266 11.71 490 780 0.08 -70.00 0.0000 0.0000
1.405 2 -0.819932 0.942202 -10.100503 49.324036 -132.164001 -31.150818 -1.00 1.00 -7.6 -6.5 -67.6135 -67.6135 -2.6249 0.0666 -0.031146 -0.019720 11.71 490 770 0.10 -70.00 -0.0000 -0.0000
1.412 2 -0.616147 -0.465107 -10.548828 50.498962 -125.328064 -33.233643 -0.92 0.92 -7.5 -6.5 -67.6135 -67.6135 -2.6384 0.0670 -0.028550 -0.033411 11.74 510 790 0.11 -70.00 0.0000 0.0000
1.419 2 0.129463 -2.208061 -10.438544 45.181274 -122.108459 -31.944275 -0.84 0.84 -5.6 -6.6 -71.1721 -67.6135 -2.6519 0.0674 -0.025955 -0.054182 11.88 490 770 0.13 -70.00 -0.0000 -0.0000
1.426 2 -0.899048 -0.031167 -10.445737 36.705017 -118.377686 -30.853271 -0.84 0.84 -7.5 -6.6 -67.6135 -67.6135 -2.6651 0.0677 -0.025955 -0.070040 11.83 480 770 0.15 -70.00 0.0000 0.0000
1.433 2 -0.858291 1.131602 -10.438544 37.284851 -111.923218 -31.234741 -0.84 0.84 -5.6 -6.5 -71.1721 -67.6135 -2.6784 0.0681 -0.025955 -0.080129 11.87 490 780 0.16 -70.00 -0.0000 -0.0000
1.440 2 -0.616147 -2.493359 -9.961450 33.576965 -107.627869 -29.220581 -0.84 0.84 -5.5 -6.6 -71.1721 -67.6135 -2.6917 0.0684 -0.025955 -0.095277 11.80 490 790 0.18 -70.00 0.0000 0.0000
1.447 2 -1.064473 -1.107627 -10.277915 23.689270 -103.324890 -26.222229 -0.84 0.84 -7.5 -6.6 -67.6135 -67.6135 -2.7050 0.0687 -0.025955 -0.108125 11.71 510 790 0.19 -70.00 -0.0000 -0.0000
1.454 2 -1.277847 0.771982 -9.599433 20.805359 -94.581604 -24.452209 -0.84 0.84 -5.6 -6.6 -71.1721 -67.6135 -2.7182 0.0691 -0.025955 -0.117200 11.64 490 780 0.20 -70.00 0.0000 0.0000
1.461 2 -0.946997 -3.044775 -9.906308 18.875122 -84.640503 -21.865845 -0.84 0.84 -7.5 -6.6 -67.6135 -67.6135 -2.7315 0.0694 -0.025955 -0.126202 11.83 490 770 0.21 -70.00 -0.0000 -0.0000
1.468 2 -1.071665 -2.857773 -10.076528 10.635376 -76.385498 -16.128540 -0.84 0.84 -5.6 -6.6 -71.1721 -67.6135 -2.7448 0.0698 -0.025955 -0.136532 11.82 490 780 0.22 -70.00 0.0000 0.0000
1.475 2 -1.757339 0.783970 -9.728896 8.285522 -64.414978 -11.993408 -0.92 0.92 -7.5 -6.5 -67.6135 -67.6135 -2.7582 0.0701 -0.028550 -0.143266 11.77 490 770 0.22 -70.00 -0.0000 -0.0000
1.482 2 -1.205923 -1.826865 -9.755268 7.934570 -52.864075 -9.918213 -0.92 0.92 -7.5 -6.5 -67.6135 -67.6135 -2.7715 0.0705 -0.028550 -0.148980 11.75 510 800 0.23 -70.00 0.0000 0.0000
1.489 2 -1.122012 -2.359102 -10.083720 1.976013 -41.664124 -5.897522 -1.00 1.00 -5.6 -6.5 -71.1721 -67.6135 -2.7850 0.0709 -0.031146 -0.152964 11.85 490 790 0.23 -70.00 -0.0000 -0.0000
1.496 2 -1.817275 0.920625 -9.685741 -2.655029 -30.868530 -2.464294 -0.92 0.92 -7.5 -8.3 -67.6135 -64.3938 -2.7981 0.0713 -0.028550 -0.154652 11.91 490 780 0.23 -70.00 0.0000 0.0000
1.503 2 -1.205923 0.091104 -9.582651 0.762939 -18.600464 0.747681 -1.00 1.00 -7.6 -6.4 -67.6135 -67.6135 -2.8115 0.0717 -0.031146 -0.154065 11.77 490 770 0.23 -70.00 -0.0000 -0.0000
1.510 2 -1.474438 -3.404394 -9.817602 -4.066467 -10.139465 3.883362 -0.92 0.92 -5.6 -6.5 -71.1721 -67.6135 -2.8246 0.0721 -0.028550 -0.156021 11.79 490 780 0.24 -70.00 0.0000 0.0000
1.517 2 -1.508003 0.714443 -9.534702 -11.291504 -0.419617 5.905151 -0.92 0.92 -7.5 -6.5 -67.6135 -67.6135 -2.8379 0.0725 -0.028550 -0.156811 11.72 510 790 0.24 -70.00 -0.0000 -0.0000
1.524 2 -1.903584 1.210718 -9.268583 -9.925842 9.002686 7.225037 -0.92 0.92 -9.3 -6.5 -64.3938 -67.6135 -2.8511 0.0729 -0.028550 -0.154852 11.74 490 780 0.23 -70.00 0.0000 0.0000
1.531 2 -1.376143 -2.550898 -9.894321 -10.383606 18.257141 9.452820 -0.84 0.84 -7.5 -6.6 -67.6135 -67.6135 -2.8642 0.0732 -0.025955 -0.154412 11.74 480 780 0.23 -70.00 -0.0000 -0.0000
1.538 2 -1.776518 -0.668892 -9.419623 -18.905640 24.307251 10.482788 -0.75 0.75 -5.5 -6.6 -71.1721 -67.6135 -2.8777 0.0736 -0.023359 -0.154651 11.77 480 780 0.23 -70.00 0.0000 0.0000
1.545 2 -1.515195 1.107627 -9.745678 -17.059326 33.126831 9.399414 -0.84 0.84 -9.2 -6.6 -64.3938 -67.6135 -2.8912 0.0739 -0.025955 -0.150836 11.82 490 780 0.23 -70.00 -0.0000 -0.0000
1.552 2 -1.575132 -1.922764 -9.623408 -14.297485 39.482117 10.841370 -0.84 0.84 -7.5 -6.6 -67.6135 -67.6135 -2.9044 0.0743 -0.025955 -0.148426 11.77 510 800 0.23 -70.00 0.0000 0.0000
1.559 2 -1.558350 -1.534375 -9.875141 -22.468567 41.610718 13.038635 -0.92 0.92 -5.6 -6.5 -71.1721 -67.6135 -2.9179 0.0746 -0.028550 -0.146613 11.80 490 780 0.23 -70.00 -0.0000 -0.0000
1.566 2 -1.683017 1.819673 -9.525112 -23.811340 46.012878 12.100220 -0.92 0.92 -7.5 -6.5 -67.6135 -67.6135 -2.9312 0.0750 -0.028550 -0.140408 11.90 490 770 0.22 -70.00 0.0000 0.0000
1.573 2 -0.973369 -1.122012 -9.781640 -21.568298 49.812317 12.031555 -0.92 0.92 -7.5 -6.5 -67.6135 -67.6135 -2.9444 0.0754 -0.028550 -0.133115 11.75 490 780 0.21 -70.00 -0.0000 -0.0000
1.580 2 -1.416899 -0.839111 -9.513124 -26.039124 52.406311 13.587952 -0.84 0.84 -5.6 -6.6 -71.1721 -67.6135 -2.9579 0.0758 -0.025955 -0.127180 11.61 490 790 0.21 -70.00 0.0000 0.0000
1.587 2 -2.035444 1.740557 -9.666562 -27.801514 53.588867 14.160156 -0.84 0.84 -7.5 -6.5 -67.6135 -67.6135 -2.9712 0.0761 -0.025955 -0.124730 11.79 510 800 0.20 -70.00 -0.0000 -0.0000
1.594 2 -1.258667 -0.340439 -9.496343 -24.024963 57.312012 14.945984 -0.84 0.84 -7.5 -6.6 -67.6135 -67.6135 -2.9844 0.0765 -0.025955 -0.119065 11.75 490 780 0.20 -70.00 0.0000 0.0000
1.601 2 -0.795957 -2.466987 -9.925488 -26.206970 58.692932 18.531799 -0.84 0.84 -7.5 -6.6 -67.6135 -67.6135 -2.9977 0.0768 -0.025955 -0.113502 11.71 490 770 0.19 -70.00 -0.0000 -0.0000
1.608 2 -1.153179 0.095898 -9.776845 -30.647278 60.852051 19.531250 -0.75 0.75 -5.5 -6.6 -71.1721 -67.6135 -3.0112 0.0772 -0.023359 -0.104766 11.80 490 780 0.18 -70.00 0.0000 0.0000
1.615 2 -1.102832 1.330591 -9.810410 -26.550293 65.116882 16.548157 -0.75 0.75 -7.4 -6.6 -67.6135 -67.6135 -3.0245 0.0775 -0.023359 -0.094541 11.77 490 780 0.17 -70.00 -0.0000 -0.0000
1.622 2 -0.359619 -2.200869 -10.148452 -24.269104 67.558289 18.714905 -0.84 0.84 -7.5 -4.6 -67.6135 -71.1721 -3.0379 0.0778 -0.025955 -0.086910 11.80 510 810 0.17 -70.00 0.0000 0.0000
1.629 2 -0.685674 -0.424351 -9.779243 -28.823853 69.839478 18.005371 -0.75 0.75 -5.5 -6.6 -71.1721 -67.6135 -3.0514 0.0781 -0.023359 -0.077690 11.74 490 780 0.16 -70.00 -0.0000 -0.0000
1.636 2 -0.520249 1.093242 -9.966245 -26.817322 75.180054 13.427734 -0.75 0.75 -7.4 -6.6 -67.6135 -67.6135 -3.0647 0.0784 -0.023359 -0.064345 11.85 490 770 0.14 -70.00 0.0000 0.0000
1.643 2 0.004795 -1.882007 -10.158042 -23.719788 79.841614 10.658264 -0.75 0.75 -7.4 -8.4 -67.6135 -64.3938 -3.0780 0.0788 -0.023359 -0.052997 11.69 490 770 0.13 -70.00 -0.0000 -0.0000
1.650 2 -0.326055 -1.129204 -10.268325 -26.985168 84.091187 7.949829 -0.75 0.75 -7.4 -6.6 -67.6135 -67.6135 -3.0912 0.0791 -0.023359 -0.042444 11.77 490 770 0.12 -70.00 0.0000 0.0000
1.657 2 -0.103091 1.016523 -10.138862 -25.497437 89.942932 4.592896 -0.67 0.67 -5.5 -6.7 -71.1721 -67.6135 -3.1047 0.0794 -0.020764 -0.027755 11.87 510 790 0.11 -70.00 -0.0000 -0.0000
1.664 2 0.246938 -0.493877 -10.234760 -21.369934 96.839905 2.754211 -0.67 0.67 -5.4 -6.7 -71.1721 -67.6135 -3.1180 0.0796 -0.020764 -0.012903 11.85 490 780 0.09 -70.00 0.0000 0.0000
1.671 2 0.067129 -1.683017 -10.222774 -22.758484 101.898193 4.455566 -0.67 0.67 -7.4 -6.7 -67.6135 -67.6135 -3.1312 0.0799 -0.020764 -0.002072 11.79 490 760 0.08 -70.00 -0.0000 -0.0000
1.678 2 -0.757598 1.934751 -10.400186 -26.412964 105.560303 6.584167 -0.75 0.75 -5.5 -9.9 -71.1721 -61.4668 -3.1447 0.0802 -0.023359 0.009264 11.77 490 790 0.07 -70.00 0.0000 0.0000
1.685 2 -0.263721 0.455518 -9.942270 -25.192261 109.649658 10.360718 -0.75 0.75 -7.4 -6.6 -67.6135 -67.6135 -3.1580 0.0805 -0.023359 0.019293 11.87 490 770 0.06 -70.00 -0.0000 -0.0000
1.692 2 0.131860 -1.625479 -10.388198 -31.204224 114.082336 14.648438 -0.84 0.84 -7.5 -4.7 -67.6135 -71.1721 -3.1715 0.0809 -0.025955 0.032498 11.74 510 800 0.05 -70.00 0.0000 0.0000
1.699 2 -0.362017 0.982959 -10.354633 -38.841248 113.761902 18.737793 -0.84 0.84 -5.6 -6.5 -71.1721 -67.6135 -3.1847 0.0812 -0.025955 0.041409 11.74 490 780 0.04 -70.00 -0.0000 -0.0000
1.706 2 0.297285 0.786367 -10.251543 -38.673401 116.424561 20.606995 -0.84 0.84 -7.5 -6.6 -67.6135 -67.6135 -3.1980 0.0816 -0.025955 0.053875 11.83 490 770 0.03 -70.00 0.0000 0.0000
1.713 2 0.714443 -1.987495 -10.455327 -45.738220 116.668701 23.597717 -0.84 0.84 -7.5 -6.6 -67.6135 -67.6135 -3.2113 0.0819 -0.025955 0.065696 11.72 490 770 0.01 -70.00 -0.0000 -0.0000
1.720 2 -0.110283 1.510400 -10.021386 -50.514221 115.928650 27.107239 -0.84 0.84 -5.6 -6.6 -71.1721 -67.6135 -3.2246 0.0823 -0.025955 0.072583 11.75 490 770 0.01 -70.00 0.0000 0.0000
1.727 2 -0.021577 0.218169 -9.990219 -52.429199 117.355347 28.236389 -0.84 0.84 -9.2 -6.6 -64.3938 -67.6135 -3.2378 0.0826 -0.025955 0.082089 11.83 510 790 -0.00 -70.00 -0.0000 -0.0000
1.734 2 0.611353 -1.951533 -9.985424 -53.344727 117.843628 30.082703 -0.92 0.92 -7.5 -6.5 -67.6135 -67.6135 -3.2509 0.0829 -0.028550 0.088196 11.77 490 780 -0.01 -70.00 0.0000 0.0000
1.741 2 1.220308 0.534634 -10.373814 -60.333252 118.003845 32.936096 -0.84 0.84 -7.5 -6.6 -67.6135 -67.6135 -3.2644 0.0833 -0.025955 0.101973 11.68 490 770 -0.02 -70.00 -0.0000 -0.0000
1.748 2 0.817534 1.066870 -9.820000 -58.570862 119.049072 33.256531 -0.84 0.84 -5.6 -6.6 -71.1721 -67.6135 -3.2776 0.0837 -0.025955 0.116525 11.75 490 780 -0.04 -70.00 0.0000 0.0000
1.755 2 1.671030 -2.016265 -10.361826 -56.663513 119.041443 32.844543 -0.84 0.84 -5.6 -6.6 -71.1721 -67.6135 -3.2909 0.0840 -0.025955 0.128915 11.82 480 780 -0.05 -70.00 -0.0000 -0.0000
1.762 2 1.853237 -0.908638 -10.541636 -57.479858 117.095947 34.950256 -0.75 0.75 -9.2 -6.6 -64.3938 -67.6135 -3.3044 0.0843 -0.023359 0.139771 11.75 510 810 -0.06 -70.00 0.0000 0.0000
1.769 2 0.944600 2.232036 -10.378608 -56.312561 114.135742 35.263062 -0.67 0.67 -7.4 -6.7 -67.6135 -67.6135 -3.3175 0.0846 -0.020764 0.151548 11.74 490 780 -0.07 -70.00 -0.0000 -0.0000
1.776 2 1.994687 -1.718979 -10.603970 -48.782349 111.351013 33.454895 -0.59 0.59 -7.3 -6.7 -67.6135 -67.6135 -3.3309 0.0849 -0.018168 0.161639 11.77 490 780 -0.08 -70.00 0.0000 0.0000
1.783 2 1.632671 -0.489082 -10.572803 -49.537659 105.293274 32.798767 -0.67 0.67 -5.4 -10.0 -71.1721 -61.4668 -3.3444 0.0851 -0.020764 0.173825 11.83 490 800 -0.09 -70.00 -0.0000 -0.0000
1.790 2 1.380937 2.006675 -10.004604 -45.570374 99.060059 32.081604 -0.67 0.67 -7.4 -6.7 -67.6135 -67.6135 -3.3577 0.0854 -0.020764 0.186400 11.85 490 770 -0.11 -70.00 0.0000 0.0000
1.797 2 2.387871 0.189399 -10.335454 -38.696289 94.306946 27.481079 -0.67 0.67 -7.4 -6.7 -67.6135 -67.6135 -3.3710 0.0857 -0.020764 0.201850 11.72 510 800 -0.12 -70.00 -0.0000 -0.0000
1.804 2 2.016265 0.795957 -10.047758 -38.955688 87.654114 23.490906 -0.59 0.59 -7.3 -6.7 -67.6135 -67.6135 -3.3844 0.0859 -0.018168 0.206818 11.71 490 780 -0.13 -70.00 0.0000 0.0000
1.811 2 0.949395 3.646538 -9.805614 -36.933899 81.092834 21.705627 -0.67 0.67 -5.5 -6.7 -71.1721 -67.6135 -3.3979 0.0862 -0.020764 0.213855 11.79 490 790 -0.13 -70.00 -0.0000 -0.0000
1.818 2 2.416641 1.529580 -9.863154 -28.572083 79.109192 19.660950 -0.59 0.59 -5.4 -6.7 -71.1721 -67.6135 -3.4114 0.0865 -0.018168 0.224710 11.93 480 790 -0.14 -70.00 0.0000 0.0000
1.825 2 2.776260 -1.639863 -9.956655 -23.063660 74.554443 18.226624 -0.67 0.67 -5.5 -4.7 -71.1721 -71.1721 -3.4244 0.0867 -0.020764 0.233587 11.64 490 780 -0.15 -70.00 -0.0000 -0.0000
1.832 2 1.997085 2.152920 -10.579995 -26.390076 69.145203 16.792297 -0.67 0.67 -7.4 -6.7 -67.6135 -67.6135 -3.4377 0.0870 -0.020764 0.240567 11.66 500 790 -0.16 -70.00 0.0000 0.0000
1.839 2 2.112163 2.174497 -10.081323 -19.912720 66.558838 15.464783 -0.67 0.67 -5.5 -6.7 -71.1721 -67.6135 -3.4514 0.0873 -0.020764 0.244083 11.75 490 780 -0.16 -70.00 -0.0000 -0.0000
1.846 2 2.282383 -1.819673 -10.836523 -13.969421 61.515808 15.075684 -0.67 0.67 -5.4 -4.7 -71.1721 -71.1721 -3.4647 0.0876 -0.020764 0.243861 11.90 490 780 -0.16 -70.00 0.0000 0.0000
1.853 2 2.567681 0.932612 -10.522456 -18.150330 56.152344 16.464233 -0.75 0.75 -7.4 -6.6 -67.6135 -67.6135 -3.4777 0.0879 -0.023359 0.246931 11.71 490 770 -0.17 -70.00 -0.0000 -0.0000
1.860 2 2.431025 3.265342 -10.167631 -16.586304 49.835205 17.150879 -0.75 0.75 -7.4 -6.6 -67.6135 -67.6135 -3.4910 0.0882 -0.023359 0.252911 11.79 490 770 -0.17 -70.00 0.0000 0.0000
1.867 2 2.375884 -0.541826 -10.402583 -12.947083 42.938232 15.724182 -0.75 0.75 -7.4 -6.6 -67.6135 -67.6135 -3.5043 0.0885 -0.023359 0.254468 11.77 510 790 -0.17 -70.00 -0.0000 -0.0000
1.874 2 2.083394 0.074321 -10.404980 -16.868591 33.775330 15.495300 -0.75 0.75 -7.4 -6.6 -67.6135 -67.6135 -3.5176 0.0888 -0.023359 0.251756 11.72 490 780 -0.17 -70.00 0.0000 0.0000
1.881 2 1.889199 3.260547 -10.114887 -21.324158 21.659851 14.778137 -0.67 0.67 -5.5 -4.7 -71.1721 -71.1721 -3.5310 0.0891 -0.020764 0.249444 11.80 490 790 -0.17 -70.00 -0.0000 -0.0000
1.888 2 2.368691 0.661699 -9.834385 -15.464783 16.075134 13.381958 -0.67 0.67 -5.4 -6.7 -71.1721 -67.6135 -3.5443 0.0894 -0.020764 0.248309 11.85 490 780 -0.17 -70.00 0.0000 0.0000
1.895 2 2.037842 -0.081514 -9.913501 -18.920898 3.479004 12.298584 -0.67 0.67 -7.4 -6.7 -67.6135 -67.6135 -3.5576 0.0897 -0.020764 0.243819 11.72 490 770 -0.16 -70.00 -0.0000 -0.0000
1.902 2 1.836455 3.267739 -9.983027 -23.307800 -10.749817 10.200500 -0.67 0.67 -7.4 -6.7 -67.6135 -67.6135 -3.5708 0.0900 -0.020764 0.237972 11.74 510 800 -0.16 -70.00 0.0000 0.0000
1.909 2 2.567681 1.246680 -9.738486 -18.692017 -21.781921 6.698608 -0.67 0.67 -7.4 -6.7 -67.6135 -67.6135 -3.5841 0.0903 -0.020764 0.235070 11.69 490 770 -0.16 -70.00 -0.0000 -0.0000
1.916 2 2.855376 -0.302080 -9.975835 -15.686035 -31.288147 2.876282 -0.59 0.59 -5.4 -6.7 -71.1721 -67.6135 -3.5976 0.0905 -0.018168 0.230539 11.91 490 790 -0.15 -70.00 0.0000 0.0000
1.923 2 1.917969 2.769067 -10.014194 -16.593933 -42.434692 -2.189636 -0.59 0.59 -7.3 -6.7 -67.6135 -67.6135 -3.6109 0.0908 -0.018168 0.226235 11.71 490 780 -0.15 -70.00 -0.0000 -0.0000
1.930 2 2.097778 2.699541 -9.762461 -8.247375 -52.894592 -8.216858 -0.67 0.67 -9.1 -4.8 -64.3938 -71.1721 -3.6243 0.0911 -0.020764 0.219674 11.56 490 790 -0.14 -70.00 0.0000 0.0000
1.937 2 2.224844 -0.839111 -10.217978 2.281189 -62.049866 -14.335632 -0.67 0.67 -5.5 -6.7 -71.1721 -67.6135 -3.6376 0.0913 -0.020764 0.211598 11.80 510 800 -0.13 -70.00 -0.0000 -0.0000
1.944 2 2.735503 0.652109 -10.174824 6.927490 -70.243835 -18.333435 -0.59 0.59 -7.3 -6.7 -67.6135 -67.6135 -3.6507 0.0916 -0.018168 0.207700 11.71 490 780 -0.13 -70.00 0.0000 0.0000
1.951 2 2.663579 2.920107 -9.822397 16.273499 -77.598572 -24.604797 -0.59 0.59 -7.3 -6.7 -67.6135 -67.6135 -3.6644 0.0918 -0.018168 0.205650 11.77 490 770 -0.13 -70.00 -0.0000 -0.0000
1.958 2 3.020801 -0.632930 -10.011797 31.929016 -83.663940 -27.786255 -0.59 0.59 -5.4 -6.7 -71.1721 -67.6135 -3.6776 0.0921 -0.018168 0.202726 11.75 490 790 -0.12 -70.00 0.0000 0.0000
1.965 2 2.253613 0.282900 -10.443339 38.352966 -91.217041 -27.313232 -0.59 0.59 -7.3 -6.7 -67.6135 -67.6135 -3.6909 0.0923 -0.018168 0.196213 11.87 490 780 -0.12 -70.00 -0.0000 -0.0000
1.972 2 1.944341 2.675566 -9.748075 47.363281 -97.320557 -27.519226 -0.67 0.67 -7.4 -6.6 -67.6135 -67.6135 -3.7044 0.0925 -0.020764 0.188208 11.71 510 800 -0.11 -70.00 0.0000 0.0000
1.979 2 2.109766 -0.045552 -10.438544 60.943604 -101.196289 -29.220581 -0.59 0.59 -7.3 -6.7 -67.6135 -67.6135 -3.7175 0.0928 -0.018168 0.181228 11.74 490 780 -0.10 -70.00 -0.0000 -0.0000
1.986 2 2.299165 -1.452861 -10.553622 66.413879 -106.521606 -26.306152 -0.59 0.59 -5.4 -6.7 -71.1721 -67.6135 -3.7307 0.0931 -0.018168 0.167687 11.82 490 790 -0.09 -70.00 0.0000 0.0000
1.993 2 1.651851 2.701938 -10.273120 68.595886 -110.534668 -24.414062 -0.75 0.75 -7.4 -6.6 -67.6135 -67.6135 -3.7440 0.0933 -0.023359 0.156946 11.71 490 780 -0.08 -70.00 -0.0000 -0.0000
2.000 2 1.560747 0.484287 -10.428955 78.628540 -117.706299 -22.087097 -0.75 0.75 -7.4 -6.6 -67.6135 -67.6135 -3.7573 0.0936 -0.023359 0.144232 11.68 490 780 -0.06 -70.00 0.0000 0.0000
2.007 2 1.613491 -1.270654 -10.246748 79.399109 -123.641968 -18.974304 -0.75 0.75 -7.4 -6.6 -67.6135 -67.6135 -3.7706 0.0940 -0.023359 0.130243 11.68 510 800 -0.05 -70.00 -0.0000 -0.0000
2.014 2 0.328452 1.352168 -10.486494 76.171875 -131.668091 -17.692566 -0.84 0.84 -5.6 -6.6 -71.1721 -67.6135 -3.7840 0.0943 -0.025955 0.113700 11.69 490 790 -0.03 -70.00 0.0000 0.0000
2.021 2 0.683276 1.273052 -9.870346 77.804565 -136.230469 -20.416260 -0.84 0.84 -7.5 -6.6 -67.6135 -67.6135 -3.7973 0.0946 -0.025955 0.097518 11.85 490 780 -0.02 -70.00 -0.0000 -0.0000
2.028 2 0.968574 -0.911035 -10.359428 76.499939 -143.241882 -22.148132 -0.92 0.92 -7.5 -4.6 -67.6135 -71.1721 -3.8108 0.0950 -0.028550 0.076584 11.71 490 780 0.00 -70.00 0.0000 0.0000
2.035 2 0.067129 1.548760 -10.074131 67.993164 -150.039673 -23.605347 -0.92 0.92 -7.5 -6.5 -67.6135 -67.6135 -3.8240 0.0954 -0.028550 0.058316 11.72 490 760 0.02 -70.00 -0.0000 -0.0000
2.042 2 0.390786 1.937148 -10.095708 67.306519 -154.899597 -27.717590 -0.92 0.92 -5.6 -6.5 -71.1721 -67.6135 -3.8373 0.0957 -0.028550 0.041132 11.77 510 810 0.04 -70.00 0.0000 0.0000
2.049 2 0.899048 -1.275449 -10.014194 65.429688 -158.218384 -29.785156 -0.92 0.92 -7.5 -6.5 -67.6135 -67.6135 -3.8506 0.0961 -0.028550 0.025063 11.68 490 780 0.05 -70.00 -0.0000 -0.0000
2.056 2 0.776777 -0.652109 -9.803218 60.798645 -160.728455 -29.716492 -0.92 0.92 -7.5 -6.5 -67.6135 -67.6135 -3.8639 0.0964 -0.028550 0.009230 11.58 490 780 0.07 -70.00 0.0000 0.0000
2.063 2 -0.366812 1.347373 -9.872744 59.631348 -162.338257 -32.394409 -0.84 0.84 -5.6 -6.6 -71.1721 -67.6135 -3.8773 0.0968 -0.025955 -0.004228 11.74 490 780 0.08 -70.00 -0.0000 -0.0000
2.070 2 0.661699 -1.373745 -9.731294 61.080933 -158.836365 -33.920288 -0.84 0.84 -5.6 -6.6 -71.1721 -67.6135 -3.8906 0.0971 -0.025955 -0.015325 11.82 490 790 0.10 -70.00 0.0000 0.0000
2.077 2 0.254131 -1.452861 -10.148452 57.258606 -157.234192 -32.341003 -0.84 0.84 -7.5 -8.3 -67.6135 -64.3938 -3.9039 0.0975 -0.025955 -0.029390 11.75 510 810 0.11 -70.00 -0.0000 -0.0000
2.084 2 -0.668892 1.980303 -9.899116 54.878235 -155.410767 -34.454346 -0.75 0.75 -7.4 -6.6 -67.6135 -67.6135 -3.9173 0.0978 -0.023359 -0.043616 11.75 490 770 0.12 -70.00 0.0000 0.0000
2.091 2 0.129463 -1.141191 -10.117285 60.928345 -148.994446 -36.682129 -0.75 0.75 -5.5 -6.6 -71.1721 -67.6135 -3.9306 0.0981 -0.023359 -0.055135 11.74 490 770 0.14 -70.00 -0.0000 -0.0000
2.098 2 0.318862 -2.186484 -10.131670 61.225891 -144.485474 -37.727356 -0.67 0.67 -7.4 -6.7 -67.6135 -67.6135 -3.9441 0.0984 -0.020764 -0.067345 11.72 490 770 0.15 -70.00 0.0000 0.0000
2.105 2 -0.911035 0.534634 -10.496083 59.349060 -140.922546 -37.979126 -0.67 0.67 -5.5 -6.7 -71.1721 -67.6135 -3.9574 0.0987 -0.020764 -0.079640 11.77 490 780 0.16 -70.00 -0.0000 -0.0000
2.112 2 -0.853496 0.040757 -10.165234 63.964844 -137.130737 -37.483215 -0.67 0.67 -9.1 -10.0 -64.3938 -61.4668 -3.9710 0.0990 -0.020764 -0.092475 11.94 510 810 0.17 -70.00 0.0000 0.0000
2.119 2 -0.529839 -2.445410 -10.627944 63.850403 -136.970520 -31.440735 -0.67 0.67 -7.4 -6.7 -67.6135 -67.6135 -3.9839 0.0992 -0.020764 -0.108450 11.72 490 770 0.19 -70.00 -0.0000 -0.0000
2.126 2 -1.249077 0.122271 -10.599174 59.318542 -135.711670 -27.297974 -0.67 0.67 -5.5 -6.7 -71.1721 -67.6135 -3.9976 0.0995 -0.020764 -0.121198 11.77 490 780 0.20 -70.00 0.0000 0.0000
2.133 2 -1.402515 0.196592 -10.381005 58.784485 -133.285522 -24.353027 -0.75 0.75 -7.4 -6.6 -67.6135 -67.6135 -4.0107 0.0998 -0.023359 -0.133996 11.74 490 770 0.21 -70.00 -0.0000 -0.0000
2.140 2 -1.138794 -2.663579 -10.249146 59.310913 -131.927490 -19.096375 -0.84 0.84 -7.5 -6.6 -67.6135 -67.6135 -4.0241 0.1001 -0.025955 -0.149205 11.74 490 770 0.23 -70.00 0.0000 0.0000
2.147 2 -1.505605 -1.488823 -10.568007 49.041748 -130.584717 -13.992310 -0.75 0.75 -5.5 -6.6 -71.1721 -67.6135 -4.0376 0.1004 -0.023359 -0.162101 11.88 510 810 0.24 -70.00 -0.0000 -0.0000
2.154 2 -1.460054 0.529839 -9.829590 44.372559 -127.517700 -13.458252 -0.84 0.84 -7.5 -6.6 -67.6135 -67.6135 -4.0507 0.1008 -0.025955 -0.175308 11.85 490 770 0.26 -70.00 0.0000 0.0000
2.161 2 -1.810083 -1.639863 -9.954258 43.243408 -123.336792 -14.831543 -0.92 0.92 -7.5 -6.5 -67.6135 -67.6135 -4.0637 0.1011 -0.028550 -0.189055 11.75 490 770 0.27 -70.00 -0.0000 -0.0000
2.168 2 -1.361758 -1.661440 -10.280313 34.355164 -120.216370 -18.951416 -0.92 0.92 -7.5 -6.5 -67.6135 -67.6135 -4.0770 0.1015 -0.028550 -0.204172 11.74 490 780 0.28 -70.00 0.0000 0.0000
2.175 2 -1.843647 0.985356 -10.210786 28.831482 -111.900330 -21.476746 -0.84 0.84 -5.6 -6.6 -71.1721 -67.6135 -4.0905 0.1019 -0.025955 -0.212884 11.71 490 780 0.29 -70.00 -0.0000 -0.0000
2.182 2 -1.831660 -0.503467 -9.575459 29.037476 -107.040405 -28.480530 -0.84 0.84 -5.5 -6.6 -71.1721 -67.6135 -4.1038 0.1022 -0.025955 -0.223769 11.83 510 800 0.30 -70.00 0.0000 0.0000
2.189 2 -1.747749 -2.066611 -10.249146 24.787903 -98.686218 -27.542114 -0.92 0.92 -7.5 -6.5 -67.6135 -67.6135 -4.1168 0.1026 -0.028550 -0.232687 11.74 490 780 0.31 -70.00 -0.0000 -0.0000
2.196 2 -3.749629 2.766670 -9.498740 12.641907 -93.719482 -32.752991 -0.84 0.84 -9.2 -6.6 -64.3938 -67.6135 -4.1303 0.1029 -0.025955 -0.246263 11.77 490 780 0.33 -70.00 0.0000 0.0000
2.203 2 -2.208061 -0.009590 -9.486753 19.538879 -85.655212 -31.326294 -0.84 0.84 -5.5 -6.6 -71.1721 -67.6135 -4.1436 0.1033 -0.025955 -0.256589 11.83 490 780 0.34 -70.00 -0.0000 -0.0000
2.210 2 -2.395063 -2.953672 -10.028579 15.388489 -79.040527 -27.221680 -0.84 0.84 -7.5 -8.3 -67.6135 -64.3938 -4.1568 0.1036 -0.025955 -0.264385 11.83 490 780 0.34 -70.00 0.0000 0.0000
2.217 2 -2.874556 0.148643 -9.549087 7.820129 -74.386597 -25.161743 -0.75 0.75 -7.4 -6.6 -67.6135 -67.6135 -4.1699 0.1040 -0.023359 -0.271487 11.71 510 800 0.35 -70.00 -0.0000 -0.0000
2.224 2 -2.253613 1.160371 -9.585049 10.017395 -66.528320 -23.017883 -0.75 0.75 -5.5 -6.6 -71.1721 -67.6135 -4.1832 0.1043 -0.023359 -0.277876 11.85 490 780 0.36 -70.00 0.0000 0.0000
2.231 2 -2.651592 -2.663579 -9.848769 9.643555 -61.637878 -18.699646 -0.75 0.75 -7.4 -6.6 -67.6135 -67.6135 -4.1964 0.1046 -0.023359 -0.284273 11.85 490 780 0.36 -70.00 -0.0000 -0.0000
2.238 2 -2.725913 -1.503208 -9.527510 4.791260 -54.473877 -14.205933 -0.75 0.75 -7.4 -6.6 -67.6135 -67.6135 -4.2097 0.1049 -0.023359 -0.289378 11.75 490 780 0.37 -70.00 0.0000 0.0000
2.245 2 -3.111904 -0.225361 -9.388456 5.226135 -47.981262 -14.312744 -0.84 0.84 -5.6 -4.7 -71.1721 -71.1721 -4.2232 0.1053 -0.025955 -0.294305 11.74 490 780 0.37 -70.00 -0.0000 -0.0000
2.252 2 -2.697144 -3.591396 -9.760063 6.896973 -40.702820 -13.481140 -0.84 0.84 -5.5 -6.6 -71.1721 -67.6135 -4.2365 0.1056 -0.025955 -0.302460 11.79 510 810 0.38 -70.00 0.0000 0.0000
2.259 2 -2.908120 -2.155317 -9.477162 1.739502 -34.233093 -12.283325 -0.75 0.75 -7.4 -6.6 -67.6135 -67.6135 -4.2495 0.1059 -0.023359 -0.307941 11.77 490 770 0.39 -70.00 -0.0000 -0.0000
2.266 2 -3.466728 0.424351 -9.247006 2.777100 -26.084900 -12.458801 -0.67 0.67 -5.5 -6.7 -71.1721 -67.6135 -4.2630 0.1062 -0.020764 -0.309042 11.75 490 790 0.39 -70.00 0.0000 0.0000
2.273 2 -2.989634 -2.562886 -9.867949 6.080627 -19.317627 -9.895325 -0.67 0.67 -5.5 -6.7 -71.1721 -67.6135 -4.2763 0.1065 -0.020764 -0.310554 11.66 490 790 0.39 -70.00 -0.0000 -0.0000
2.280 2 -3.191020 -2.299165 -8.805874 3.944397 -13.679504 -10.017395 -0.75 0.75 -7.4 -6.6 -67.6135 -67.6135 -4.2898 0.1068 -0.023359 -0.315012 11.69 490 770 0.40 -70.00 0.0000 0.0000
2.287 2 -3.399600 -0.112681 -9.762461 4.440308 -8.781433 -6.690979 -0.75 0.75 -5.5 -6.6 -71.1721 -67.6135 -4.3030 0.1071 -0.023359 -0.316498 11.79 510 800 0.40 -70.00 -0.0000 -0.0000
2.294 2 -3.286919 -2.404653 -9.266186 7.659912 -2.418518 -5.310059 -0.75 0.75 -5.5 -6.6 -71.1721 -67.6135 -4.3163 0.1074 -0.023359 -0.318221 11.75 490 780 0.40 -70.00 0.0000 0.0000
2.301 2 -2.862568 -3.406792 -9.299750 6.774902 1.060486 -5.882263 -0.75 0.75 -7.4 -6.6 -67.6135 -67.6135 -4.3296 0.1077 -0.023359 -0.321970 11.69 490 780 0.40 -70.00 -0.0000 -0.0000
2.308 2 -3.737642 -0.321260 -9.582651 2.319336 4.455566 -3.135681 -0.67 0.67 -5.5 -6.7 -71.1721 -67.6135 -4.3430 0.1080 -0.020764 -0.321161 11.83 490 790 0.40 -70.00 0.0000 0.0000
2.315 2 -2.879350 -1.479233 -9.033632 5.096436 9.696960 -4.829407 -0.75 0.75 -9.2 -6.6 -64.3938 -67.6135 -4.3565 0.1083 -0.023359 -0.319210 11.87 490 780 0.40 -70.00 -0.0000 -0.0000
2.322 2 -3.176636 -3.500293 -9.486753 3.578186 11.260986 -2.799988 -0.75 0.75 -9.2 -4.7 -64.3938 -71.1721 -4.3698 0.1086 -0.023359 -0.320970 11.75 510 810 0.40 -70.00 0.0000 0.0000
2.329 2 -3.663320 -0.486685 -9.505932 -2.250671 13.496399 -3.700256 -0.75 0.75 -5.5 -6.6 -71.1721 -67.6135 -4.3831 0.1090 -0.023359 -0.323117 11.82 490 780 0.40 -70.00 -0.0000 -0.0000
2.336 2 -3.111904 -1.695005 -9.345303 0.335693 18.745422 -4.432678 -0.75 0.75 -7.4 -6.6 -67.6135 -67.6135 -4.3963 0.1093 -0.023359 -0.322713 11.80 490 770 0.40 -70.00 0.0000 0.0000
2.343 2 -3.095122 -3.116699 -9.995014 -2.037048 19.599915 -2.494812 -0.84 0.84 -7.5 -4.6 -67.6135 -71.1721 -4.4094 0.1096 -0.025955 -0.322231 11.74 490 780 0.40 -70.00 -0.0000 -0.0000
2.350 2 -2.843389 -1.524785 -9.606626 -7.400513 18.783569 -0.137329 -0.84 0.84 -7.5 -6.6 -67.6135 -67.6135 -4.4227 0.1099 -0.025955 -0.323111 11.71 490 770 0.40 -70.00 0.0000 0.0000
2.357 2 -3.164648 0.292490 -9.517920 -4.646301 19.950867 2.723694 -0.75 0.75 -7.4 -8.4 -67.6135 -64.3938 -4.4361 0.1103 -0.023359 -0.320056 11.79 510 810 0.40 -70.00 -0.0000 -0.0000
2.364 2 -3.425972 -2.620425 -9.784038 -3.265381 20.629883 5.889893 -0.75 0.75 -7.4 -6.6 -67.6135 -67.6135 -4.4494 0.1106 -0.023359 -0.316063 11.75 490 780 0.40 -70.00 0.0000 0.0000
2.371 2 -2.848183 -2.507744 -9.551484 -7.926941 18.554688 11.322021 -0.75 0.75 -5.5 -6.6 -71.1721 -67.6135 -4.4631 0.1109 -0.023359 -0.317849 11.74 490 780 0.40 -70.00 -0.0000 -0.0000
2.378 2 -3.871899 0.541826 -9.321328 -10.009766 18.371582 12.023926 -0.75 0.75 -7.4 -6.6 -67.6135 -67.6135 -4.4764 0.1112 -0.023359 -0.316371 11.79 490 770 0.40 -70.00 0.0000 0.0000
2.385 2 -2.917710 -1.790903 -9.443599 -7.011414 19.584656 10.322571 -0.75 0.75 -7.4 -6.6 -67.6135 -67.6135 -4.4896 0.1115 -0.023359 -0.313938 11.72 490 780 0.39 -70.00 -0.0000 -0.0000
2.392 2 -3.119097 -2.898530 -9.405239 -7.972717 18.981934 9.208679 -0.67 0.67 -5.5 -6.7 -71.1721 -67.6135 -4.5031 0.1118 -0.020764 -0.315919 11.87 510 800 0.40 -70.00 0.0000 0.0000
2.399 2 -3.699282 -0.251733 -9.203853 -8.934021 20.790100 9.452820 -0.67 0.67 -5.5 -6.7 -71.1721 -67.6135 -4.5164 0.1121 -0.020764 -0.318229 11.79 490 780 0.40 -70.00 -0.0000 -0.0000
2.406 2 -3.214995 -0.529839 -9.302148 -4.417419 23.170471 5.424500 -0.67 0.67 -7.4 -6.7 -67.6135 -67.6135 -4.5297 0.1123 -0.020764 -0.315087 11.80 490 770 0.40 -70.00 0.0000 0.0000
2.413 2 -2.639604 -2.915312 -9.254199 -2.571106 25.711060 4.615784 -0.75 0.75 -7.4 -6.6 -67.6135 -67.6135 -4.5427 0.1126 -0.023359 -0.312242 11.77 490 780 0.39 -70.00 -0.0000 -0.0000
2.420 2 -3.500293 0.561006 -9.525112 -6.256104 27.595520 2.967834 -0.75 0.75 -5.5 -6.6 -71.1721 -67.6135 -4.5560 0.1129 -0.023359 -0.308285 11.79 490 790 0.39 -70.00 0.0000 0.0000
2.427 2 -2.632412 -0.198989 -9.167891 0.434875 33.599854 -0.007629 -0.75 0.75 -7.4 -6.6 -67.6135 -67.6135 -4.5693 0.1132 -0.023359 -0.303125 11.69 510 790 0.38 -70.00 -0.0000 -0.0000
2.434 2 -2.716323 -3.411587 -9.678550 2.609253 39.360046 -0.106812 -0.84 0.84 -7.5 -6.6 -67.6135 -67.6135 -4.5828 0.1135 -0.025955 -0.297302 11.72 490 770 0.38 -70.00 0.0000 0.0000
2.441 2 -2.306357 0.031167 -9.352495 0.267029 45.097351 -2.174377 -0.84 0.84 -5.6 -6.6 -71.1721 -67.6135 -4.5960 0.1139 -0.025955 -0.291989 11.75 490 780 0.37 -70.00 -0.0000 -0.0000
2.448 2 -3.068750 0.695264 -9.580254 2.342224 53.901672 -6.614685 -0.84 0.84 -7.5 -6.6 -67.6135 -67.6135 -4.6093 0.1142 -0.025955 -0.282259 11.72 490 780 0.36 -70.00 0.0000 0.0000
2.455 2 -2.366294 -0.342837 -9.781640 4.646301 63.278198 -9.468079 -0.92 0.92 -7.5 -4.6 -67.6135 -71.1721 -4.6228 0.1146 -0.028550 -0.274733 11.75 490 780 0.35 -70.00 -0.0000 -0.0000
2.462 2 -2.668374 -1.069268 -9.656972 -1.014709 69.747925 -7.675171 -0.92 0.92 -5.6 -6.5 -71.1721 -67.6135 -4.6360 0.1150 -0.028550 -0.269130 11.77 510 810 0.35 -70.00 0.0000 0.0000
2.469 2 -2.862568 -0.769585 -10.129272 -2.769470 78.979492 -7.308960 -0.75 0.75 -7.4 -6.6 -67.6135 -67.6135 -4.6493 0.1153 -0.023359 -0.258217 11.85 490 780 0.34 -70.00 -0.0000 -0.0000
2.476 2 -2.517334 -1.925161 -9.187070 -2.838135 87.532043 -8.499146 -0.75 0.75 -7.4 -6.6 -67.6135 -67.6135 -4.6626 0.1157 -0.023359 -0.249575 11.79 490 770 0.33 -70.00 0.0000 0.0000
2.483 2 -2.438218 -2.526924 -10.107695 -8.140564 93.734741 -3.707886 -0.75 0.75 -5.5 -6.6 -71.1721 -67.6135 -4.6759 0.1160 -0.023359 -0.242199 11.85 480 790 0.32 -70.00 -0.0000 -0.0000
2.490 2 -3.013608 1.186743 -9.534702 -15.174866 100.189209 -2.082825 -0.75 0.75 -7.4 -6.6 -67.6135 -67.6135 -4.6891 0.1163 -0.023359 -0.232547 11.83 490 780 0.31 -70.00 0.0000 0.0000
2.497 2 -2.524526 -0.613750 -9.726499 -14.984131 105.812073 4.669189 -0.84 0.84 -7.5 -6.6 -67.6135 -67.6135 -4.7026 0.1166 -0.025955 -0.223542 11.74 510 800 0.30 -70.00 -0.0000 -0.0000
2.504 2 -2.488564 -2.594053 -9.755268 -21.125793 109.924316 10.673523 -0.75 0.75 -7.4 -4.7 -67.6135 -71.1721 -4.7161 0.1169 -0.023359 -0.213771 11.79 490 780 0.29 -70.00 0.0000 0.0000
2.511 2 -2.138535 0.824727 -9.724101 -29.235840 112.892151 14.625549 -0.75 0.75 -5.5 -6.6 -71.1721 -67.6135 -4.7293 0.1173 -0.023359 -0.202515 11.80 490 790 0.28 -70.00 -0.0000 -0.0000
2.518 2 -1.941943 0.079116 -9.810410 -29.922485 119.270325 17.517090 -0.84 0.84 -7.5 -6.6 -67.6135 -67.6135 -4.7428 0.1176 -0.025955 -0.187663 11.77 490 770 0.27 -70.00 0.0000 0.0000
2.525 2 -1.929956 -3.648935 -9.577856 -32.554626 124.458313 22.087097 -0.84 0.84 -7.5 -6.6 -67.6135 -67.6135 -4.7561 0.1179 -0.025955 -0.176154 11.77 490 770 0.26 -70.00 -0.0000 -0.0000
2.532 2 -1.973110 -0.923022 -9.961450 -42.922974 127.777100 26.573181 -0.84 0.84 -5.6 -6.6 -71.1721 -67.6135 -4.7694 0.1183 -0.025955 -0.165947 11.82 510 810 0.25 -70.00 0.0000 0.0000
2.539 2 -1.090845 0.529839 -9.695332 -42.633057 135.017395 27.252197 -0.92 0.92 -7.5 -6.5 -67.6135 -67.6135 -4.7828 0.1187 -0.028550 -0.150666 11.87 490 780 0.23 -70.00 -0.0000 -0.0000
2.546 2 -0.714443 -2.236831 -9.995014 -43.609619 141.723633 30.548096 -0.84 0.84 -9.2 -6.6 -64.3938 -67.6135 -4.7963 0.1190 -0.025955 -0.130802 11.74 490 780 0.21 -70.00 0.0000 0.0000
2.553 2 -0.709648 -2.217651 -9.877539 -51.895142 146.636963 32.333374 -0.84 0.84 -5.6 -6.6 -71.1721 -67.6135 -4.8096 0.1194 -0.025955 -0.110796 11.85 490 790 0.19 -70.00 -0.0000 -0.0000
2.560 2 -0.920625 1.203525 -9.568266 -53.016663 153.076172 31.257629 -0.75 0.75 -9.2 -6.6 -64.3938 -67.6135 -4.8230 0.1197 -0.023359 -0.090371 11.91 490 780 0.17 -70.00 0.0000 0.0000
2.567 2 -0.100693 -2.373486 -9.498740 -48.576355 160.354614 30.967712 -0.75 0.75 -5.5 -6.6 -71.1721 -67.6135 -4.8363 0.1200 -0.023359 -0.068894 11.80 510 790 0.15 -70.00 -0.0000 -0.0000
2.574 2 -0.182207 -2.831401 -9.841577 -51.567078 165.336609 28.190613 -0.75 0.75 -7.4 -6.6 -67.6135 -67.6135 -4.8496 0.1203 -0.023359 -0.048658 11.71 490 770 0.13 -70.00 0.0000 0.0000
2.581 2 -0.544224 0.903843 -10.143657 -52.551270 170.860291 30.990601 -0.67 0.67 -5.5 -4.7 -71.1721 -71.1721 -4.8631 0.1206 -0.020764 -0.027769 11.77 490 790 0.11 -70.00 -0.0000 -0.0000
2.588 2 0.057539 -0.131860 -9.695332 -47.058105 174.591064 30.097961 -0.67 0.67 -5.5 -6.7 -71.1721 -67.6135 -4.8763 0.1209 -0.020764 -0.004473 11.80 490 770 0.08 -70.00 0.0000 0.0000
2.595 2 0.774380 -3.222188 -10.258735 -43.411255 178.619385 31.158447 -0.67 0.67 -7.4 -4.8 -67.6135 -71.1721 -4.8896 0.1212 -0.020764 0.018463 11.71 490 780 0.06 -70.00 -0.0000 -0.0000
2.602 2 -0.282900 0.424351 -10.371416 -44.342041 180.335999 33.569336 -0.67 0.67 -7.4 -6.7 -67.6135 -67.6135 -4.9029 0.1215 -0.020764 0.041175 11.77 510 790 0.04 -70.00 0.0000 0.0000
2.609 2 0.810342 0.985356 -9.983027 -36.422729 185.081482 35.133362 -0.67 0.67 -7.4 -6.7 -67.6135 -67.6135 -4.9162 0.1218 -0.020764 0.063423 11.74 490 780 0.02 -70.00 -0.0000 -0.0000
2.616 2 0.819932 -2.625220 -10.263530 -31.486511 187.591553 37.559509 -0.59 0.59 -7.3 -6.7 -67.6135 -67.6135 -4.9296 0.1220 -0.000000 0.083351 11.85 490 780 -0.00 -70.00 0.0000 0.0000
2.623 2 0.839111 -0.352427 -10.898857 -32.485962 189.384460 41.534424 -0.67 0.67 -7.4 -6.7 -67.6135 -67.6135 -4.9427 0.1223 -0.020764 0.103074 11.74 490 770 -0.02 -70.00 -0.0000 -0.0000
2.630 2 0.191797 1.081255 -10.138862 -27.778625 189.407349 46.730042 -0.75 0.75 -5.5 -6.6 -71.1721 -67.6135 -4.9562 0.1226 -0.023359 0.120559 11.75 490 790 -0.04 -70.00 0.0000 0.0000
2.637 2 1.934751 -1.726172 -11.035512 -25.825500 190.803528 49.247742 -0.75 0.75 -5.5 -4.7 -71.1721 -71.1721 -4.9695 0.1229 -0.023359 0.139554 11.90 510 810 -0.06 -70.00 -0.0000 -0.0000
2.644 2 0.961382 1.462451 -10.985166 -30.136108 188.934326 53.916931 -0.75 0.75 -7.4 -6.6 -67.6135 -67.6135 -4.9827 0.1232 -0.023359 0.155824 11.75 490 770 -0.08 -70.00 0.0000 0.0000
2.651 2 1.647056 2.323140 -10.898857 -28.961182 187.797546 57.151794 -0.75 0.75 -5.5 -6.6 -71.1721 -67.6135 -4.9960 0.1235 -0.023359 0.174906 11.79 490 780 -0.09 -70.00 -0.0000 -0.0000
2.658 2 1.678223 -1.874814 -11.100244 -27.778625 183.586121 60.646057 -0.75 0.75 -5.5 -4.7 -71.1721 -71.1721 -5.0093 0.1238 -0.023359 0.190174 11.90 490 790 -0.11 -70.00 0.0000 0.0000
2.665 2 1.855635 0.179810 -11.126616 -36.659241 177.055359 62.126160 -0.75 0.75 -7.4 -6.6 -67.6135 -67.6135 -5.0225 0.1241 -0.023359 0.204182 11.80 490 770 -0.12 -70.00 -0.0000 -0.0000
2.672 2 1.649453 2.347114 -10.759805 -39.779663 170.379639 59.707642 -0.75 0.75 -7.4 -6.6 -67.6135 -67.6135 -5.0358 0.1244 -0.023359 0.217226 11.74 520 800 -0.14 -70.00 0.0000 0.0000
2.679 2 2.073804 -0.141450 -10.584789 -39.680481 163.856506 56.983948 -0.67 0.67 -7.4 -6.7 -67.6135 -67.6135 -5.0489 0.1247 -0.020764 0.230567 11.66 490 780 -0.15 -70.00 -0.0000 -0.0000
2.686 2 3.008813 0.424351 -10.627944 -46.104431 153.533936 52.787781 -0.59 0.59 -9.1 -6.7 -64.3938 -67.6135 -5.0624 0.1250 -0.018168 0.243750 11.66 490 790 -0.16 -70.00 0.0000 0.0000
2.693 2 1.690210 3.162251 -10.409775 -51.826477 144.752502 47.508240 -0.67 0.67 -5.5 -6.7 -71.1721 -67.6135 -5.0758 0.1253 -0.020764 0.263332 11.75 490 780 -0.18 -70.00 -0.0000 -0.0000
2.700 2 2.776260 0.385991 -9.920693 -46.623230 137.733459 41.091919 -0.67 0.67 -5.4 -6.6 -71.1721 -67.6135 -5.0891 0.1255 -0.020764 0.276720 11.83 490 780 -0.20 -70.00 0.0000 0.0000
2.707 2 3.322881 -1.165166 -10.433750 -47.271729 127.944946 36.804199 -0.67 0.67 -7.4 -6.7 -67.6135 -67.6135 -5.1024 0.1258 -0.020764 0.287815 11.72 510 790 -0.21 -70.00 -0.0000 -0.0000
2.714 2 2.733105 2.560488 -10.014194 -50.216675 119.445801 33.332825 -0.67 0.67 -7.4 -6.6 -67.6135 -67.6135 -5.1157 0.1261 -0.020764 0.302311 11.74 490 770 -0.22 -70.00 0.0000 0.0000
2.721 2 3.255752 0.258926 -9.800820 -43.670654 114.433289 28.556824 -0.67 0.67 -7.4 -6.7 -67.6135 -67.6135 -5.1289 0.1264 -0.020764 0.318401 11.72 480 770 -0.24 -70.00 -0.0000 -0.0000
2.728 2 4.070889 -0.721636 -9.983027 -39.070129 108.360291 24.765015 -0.59 0.59 -5.4 -6.7 -71.1721 -67.6135 -5.1424 0.1267 -0.018168 0.333076 11.83 490 790 -0.25 -70.00 0.0000 0.0000
2.735 2 3.572217 1.886802 -10.244350 -37.574768 102.096558 24.818420 -0.59 0.59 -7.3 -6.7 -67.6135 -67.6135 -5.1557 0.1269 -0.018168 0.348730 11.75 490 780 -0.27 -70.00 -0.0000 -0.0000
2.742 2 4.291455 1.438477 -9.649780 -26.947021 100.723267 22.140503 -0.67 0.67 -5.5 -6.7 -71.1721 -67.6135 -5.1692 0.1272 -0.020764 0.367835 11.74 510 810 -0.29 -70.00 0.0000 0.0000
2.749 2 4.274673 -2.232036 -10.078925 -16.998291 99.060059 21.278381 -0.67 0.67 -5.4 -4.7 -71.1721 -71.1721 -5.1824 0.1275 -0.020764 0.381448 11.85 490 780 -0.30 -70.00 -0.0000 -0.0000
2.756 2 4.102056 -0.640122 -10.179619 -13.931274 96.717834 24.169922 -0.59 0.59 -7.3 -6.7 -67.6135 -67.6135 -5.1955 0.1277 -0.018168 0.394381 11.80 490 780 -0.31 -70.00 0.0000 0.0000
2.763 2 4.337007 1.448066 -9.923091 -6.370544 94.398499 25.039673 -0.59 0.59 -5.4 -6.7 -71.1721 -67.6135 -5.2088 0.1280 -0.018168 0.407770 11.72 490 790 -0.33 -70.00 -0.0000 -0.0000
2.770 2 5.061040 -1.742954 -10.098105 3.128052 95.291138 26.100159 -0.67 0.67 -5.4 -6.7 -71.1721 -67.6135 -5.2218 0.1282 -0.020764 0.421503 11.85 490 780 -0.34 -70.00 0.0000 0.0000
2.777 2 4.835679 -1.198730 -10.052553 4.791260 94.161987 28.221130 -0.67 0.67 -10.2 -6.7 -61.4668 -67.6135 -5.2351 0.1285 -0.020764 0.434309 11.71 510 810 -0.35 -70.00 -0.0000 -0.0000
2.784 2 4.773345 1.867622 -9.592241 8.834839 93.246460 30.456543 -0.75 0.75 -5.5 -6.6 -71.1721 -67.6135 -5.2482 0.1288 -0.023359 0.447763 11.74 490 780 -0.37 -70.00 0.0000 0.0000
2.791 2 4.876435 -1.680620 -9.436406 16.685486 94.146729 30.120850 -0.67 0.67 -9.1 -6.7 -64.3938 -67.6135 -5.2617 0.1291 -0.020764 0.461557 11.75 490 780 -0.38 -70.00 -0.0000 -0.0000
2.798 2 4.826089 -1.608696 -9.280571 16.693115 94.024658 29.060364 -0.67 0.67 -5.5 -6.7 -71.1721 -67.6135 -5.2749 0.1294 -0.020764 0.472985 11.77 490 790 -0.39 -70.00 0.0000 0.0000
2.805 2 4.787729 1.397720 -9.378867 15.853882 93.368530 28.800964 -0.67 0.67 -7.4 -6.7 -67.6135 -67.6135 -5.2882 0.1297 -0.020764 0.485295 11.85 490 780 -0.41 -70.00 -0.0000 -0.0000
2.812 2 4.857256 -0.098296 -8.791489 21.896362 93.452454 30.754089 -0.75 0.75 -7.4 -6.6 -67.6135 -67.6135 -5.3017 0.1300 -0.023359 0.498119 11.82 510 810 -0.42 -70.00 0.0000 0.0000
2.819 2 4.804512 -1.829263 -9.513124 19.851685 91.278076 28.289795 -0.67 0.67 -7.4 -4.8 -67.6135 -71.1721 -5.3152 0.1302 -0.020764 0.505900 11.74 490 780 -0.43 -70.00 -0.0000 -0.0000
2.826 2 5.307978 2.462192 -9.244609 12.733459 89.179993 31.326294 -0.67 0.67 -5.5 -6.7 -71.1721 -67.6135 -5.3284 0.1305 -0.020764 0.515475 11.79 490 790 -0.44 -70.00 0.0000 0.0000
2.833 2 4.377764 1.565542 -8.822656 16.944885 87.440491 31.616211 -0.59 0.59 -7.3 -6.7 -67.6135 -67.6135 -5.3419 0.1308 -0.018168 0.523804 11.77 490 780 -0.44 -70.00 -0.0000 -0.0000
2.840 2 5.413466 -2.253613 -9.182275 17.028809 86.212158 31.074524 -0.59 0.59 -9.1 -6.7 -64.3938 -67.6135 -5.3552 0.1311 -0.018168 0.532310 11.75 490 800 -0.45 -70.00 0.0000 0.0000
2.847 2 5.192900 1.038101 -8.908964 7.484436 82.397461 29.525757 -0.59 0.59 -5.4 -6.7 -71.1721 -67.6135 -5.3685 0.1313 -0.018168 0.541858 11.75 510 810 -0.46 -70.00 -0.0000 -0.0000
2.854 2 4.830884 2.025854 -8.515781 6.294250 81.047058 26.367188 -0.67 0.67 -7.4 -10.0 -67.6135 -61.4668 -5.3819 0.1316 -0.020764 0.551609 11.87 490 790 -0.47 -70.00 0.0000 0.0000
2.861 2 5.883369 -1.647056 -8.652436 5.844116 80.665588 23.422241 -0.75 0.75 -7.4 -4.7 -67.6135 -71.1721 -5.3950 0.1318 -0.023359 0.562292 11.75 490 800 -0.48 -70.00 -0.0000 -0.0000
2.868 2 5.849804 -0.282900 -8.383921 -2.937317 77.697754 17.753601 -0.67 0.67 -7.4 -6.7 -67.6135 -67.6135 -5.4085 0.1322 -0.020764 0.569146 11.75 490 790 -0.49 -70.00 0.0000 0.0000
2.875 2 5.502172 2.553296 -8.558935 -8.705139 78.697205 14.038086 -0.67 0.67 -5.5 -4.7 -71.1721 -71.1721 -5.4218 0.1324 -0.020764 0.582546 11.77 490 800 -0.50 -70.00 -0.0000 -0.0000
2.882 2 6.427593 -0.028770 -8.132187 -6.965637 79.788208 9.971619 -0.67 0.67 -5.4 -6.7 -71.1721 -67.6135 -5.4350 0.1327 -0.020764 0.594685 11.83 510 810 -0.51 -70.00 0.0000 0.0000
2.889 2 6.010434 -0.901445 -8.487012 -13.252258 79.795837 9.109497 -0.75 0.75 -7.4 -6.6 -67.6135 -67.6135 -5.4481 0.1330 -0.023359 0.606102 11.74 490 790 -0.53 -70.00 -0.0000 -0.0000
2.896 2 5.749111 2.001880 -8.189726 -18.867493 80.749512 6.599426 -0.75 0.75 -7.4 -6.6 -67.6135 -67.6135 -5.4614 0.1333 -0.023359 0.618354 11.72 490 780 -0.54 -70.00 0.0000 0.0000
2.903 2 5.679585 -1.119614 -8.494204 -15.480042 82.656860 7.865906 -0.84 0.84 -7.5 -6.6 -67.6135 -67.6135 -5.4749 0.1336 -0.025955 0.626731 11.75 490 790 -0.55 -70.00 -0.0000 -0.0000
2.910 2 6.135102 -1.817275 -8.304805 -19.569397 85.937500 9.696960 -0.75 0.75 -5.5 -4.7 -71.1721 -71.1721 -5.4883 0.1340 -0.023359 0.638216 11.87 490 790 -0.56 -70.00 0.0000 0.0000
2.917 2 6.420400 1.086050 -8.470229 -25.001526 86.647034 11.100769 -0.84 0.84 -7.5 -6.6 -67.6135 -67.6135 -5.5018 0.1343 -0.025955 0.649585 11.74 510 800 -0.57 -70.00 -0.0000 -0.0000
2.924 2 5.804253 -0.059937 -8.045878 -21.415710 86.723328 15.563965 -0.92 0.92 -7.5 -6.5 -67.6135 -67.6135 -5.5149 0.1347 -0.028550 0.659678 11.80 490 780 -0.58 -70.00 0.0000 0.0000
2.931 2 6.712891 -2.488564 -8.321587 -21.400452 86.776733 16.693115 -0.92 0.92 -5.6 -4.6 -71.1721 -71.1721 -5.5281 0.1350 -0.028550 0.667164 11.74 490 800 -0.59 -70.00 -0.0000 -0.0000
2.938 2 6.209424 -0.064731 -8.012314 -28.656006 85.487366 18.348694 -0.92 0.92 -7.5 -6.5 -67.6135 -67.6135 -5.5414 0.1354 -0.028550 0.677418 11.79 490 780 -0.60 -70.00 0.0000 0.0000
2.945 2 6.792006 1.028511 -7.969160 -26.481628 83.145142 19.119263 -0.92 0.92 -7.5 -6.5 -67.6135 -67.6135 -5.5547 0.1358 -0.028550 0.688759 11.75 490 780 -0.61 -70.00 -0.0000 -0.0000
2.952 2 7.158818 -2.778657 -8.333574 -24.375916 80.780029 17.684937 -0.92 0.92 -5.6 -6.5 -71.1721 -67.6135 -5.5679 0.1362 -0.028550 0.700330 11.71 510 810 -0.62 -70.00 0.0000 0.0000
2.959 2 7.290679 -0.556211 -7.834902 -29.182434 76.110840 17.768860 -0.92 0.92 -5.6 -6.5 -71.1721 -67.6135 -5.5812 0.1366 -0.028550 0.709574 11.82 490 780 -0.63 -70.00 -0.0000 -0.0000
2.966 2 6.509106 1.683017 -7.904428 -26.123047 71.510315 16.067505 -0.92 0.92 -7.5 -6.5 -67.6135 -67.6135 -5.5945 0.1370 -0.028550 0.716426 11.79 490 790 -0.64 -70.00 0.0000 0.0000
2.973 2 7.115664 -1.476836 -8.134584 -19.248962 68.603516 11.962891 -0.92 0.92 -5.6 -6.5 -71.1721 -67.6135 -5.6078 0.1374 -0.028550 0.725527 11.74 490 800 -0.65 -70.00 -0.0000 -0.0000
2.980 2 7.089292 -0.937407 -8.002725 -19.905090 62.820435 11.093140 -0.92 0.92 -5.6 -6.5 -71.1721 -67.6135 -5.6210 0.1378 -0.028550 0.728542 11.69 490 790 -0.65 -70.00 0.0000 0.0000
2.987 2 6.732070 2.327935 -8.079443 -17.570496 58.006287 9.010315 -1.00 1.00 -9.3 -6.5 -64.3938 -67.6135 -5.6345 0.1382 -0.031146 0.733481 11.79 510 810 -0.65 -70.00 -0.0000 -0.0000
2.994 2 7.357807 -0.330850 -8.199316 -10.246277 56.083679 3.662109 -1.09 1.09 -7.6 -4.4 -67.6135 -71.1721 -5.6476 0.1386 -0.033741 0.739685 11.77 490 790 -0.66 -70.00 0.0000 0.0000
3.001 2 7.137241 -1.627876 -7.667080 -10.650635 52.040100 1.693726 -1.00 1.00 -5.7 -8.2 -71.1721 -64.3938 -5.6606 0.1390 -0.031146 0.744753 11.80 490 790 -0.66 -70.00 -0.0000 -0.0000
3.008 2 6.990996 1.354565 -7.549604 -11.177063 49.537659 -3.662109 -1.00 1.00 -7.6 -6.5 -67.6135 -67.6135 -5.6739 0.1394 -0.031146 0.751312 11.71 490 780 -0.67 -70.00 0.0000 0.0000
3.015 2 7.309858 -0.256528 -7.739004 -4.959106 50.842285 -8.377075 -1.09 1.09 -7.6 -6.4 -67.6135 -67.6135 -5.6870 0.1399 -0.033741 0.760018 11.52 490 790 -0.68 -70.00 -0.0000 -0.0000
3.022 2 7.242729 -2.764272 -7.022163 -2.952576 51.071167 -10.688782 -1.00 1.00 -7.6 -4.6 -67.6135 -71.1721 -5.7004 0.1403 -0.031146 0.767279 11.74 510 810 -0.69 -70.00 0.0000 0.0000
3.029 2 6.552260 0.222964 -7.029355 -6.164551 52.970886 -10.635376 -0.92 0.92 -5.6 -6.5 -71.1721 -67.6135 -5.7139 0.1407 -0.028550 0.773568 11.72 490 790 -0.69 -70.00 -0.0000 -0.0000
3.036 2 7.261909 0.376401 -7.360205 -1.571655 57.914734 -12.229919 -0.92 0.92 -7.5 -6.5 -67.6135 -67.6135 -5.7272 0.1411 -0.028550 0.785230 11.82 490 780 -0.71 -70.00 0.0000 0.0000
3.043 2 7.916416 -1.589517 -6.883110 1.205444 60.928345 -9.048462 -0.92 0.92 -7.5 -6.5 -67.6135 -67.6135 -5.7405 0.1415 -0.028550 0.792928 11.74 490 780 -0.71 -70.00 -0.0000 -0.0000
3.050 2 7.012573 0.258926 -7.281089 -4.539490 61.088562 -3.334045 -0.84 0.84 -7.5 -6.6 -67.6135 -67.6135 -5.7539 0.1419 -0.025955 0.800515 11.66 490 790 -0.72 -70.00 0.0000 0.0000
3.057 2 7.278691 1.882007 -6.916675 -2.281189 64.407349 1.228333 -0.84 0.84 -5.6 -6.5 -71.1721 -67.6135 -5.7676 0.1422 -0.025955 0.811557 11.91 510 810 -0.73 -70.00 -0.0000 -0.0000
3.064 2 8.534961 -1.546362 -6.995791 1.976013 64.834595 5.943298 -0.75 0.75 -5.5 -6.6 -71.1721 -67.6135 -5.7807 0.1425 -0.023359 0.819819 11.80 490 790 -0.74 -70.00 0.0000 0.0000
3.071 2 8.005122 -1.747749 -7.002983 -1.121521 63.774109 14.976501 -0.75 0.75 -7.4 -6.6 -67.6135 -67.6135 -5.7939 0.1428 -0.023359 0.830887 11.44 490 780 -0.75 -70.00 -0.0000 -0.0000
3.078 2 6.669736 1.788506 -6.305322 -1.823425 61.225891 15.205383 -0.75 0.75 -7.4 -4.7 -67.6135 -71.1721 -5.8076 0.1432 -0.023359 0.840606 11.74 490 790 -0.76 -70.00 0.0000 0.0000
3.085 2 7.875659 -1.781313 -6.700903 1.525879 60.096741 14.999390 -0.59 0.59 -7.3 -6.7 -67.6135 -67.6135 -5.8209 0.1434 -0.018168 0.847580 11.87 490 790 -0.77 -70.00 -0.0000 -0.0000
3.092 2 8.122598 -1.047690 -6.602607 -3.242493 55.618286 15.060425 -0.50 0.50 -5.3 -6.8 -71.1721 -67.6135 -5.8344 0.1437 -0.015573 0.853283 11.83 510 810 -0.77 -70.00 0.0000 0.0000
3.099 2 7.552002 2.445410 -6.727275 -5.744934 53.939819 13.778687 -0.50 0.50 -9.0 -6.8 -64.3938 -67.6135 -5.8476 0.1439 -0.015573 0.862114 11.80 490 790 -0.78 -70.00 -0.0000 -0.0000
3.106 2 7.710234 0.800752 -6.207026 2.418518 51.521301 10.704041 -0.50 0.50 -9.0 -6.8 -64.3938 -67.6135 -5.8609 0.1441 -0.015573 0.870264 11.74 490 790 -0.79 -70.00 0.0000 0.0000
3.113 2 7.635913 -2.275190 -6.540273 1.655579 50.148010 6.538391 -0.50 0.50 -5.4 -6.8 -71.1721 -67.6135 -5.8742 0.1443 -0.015573 0.874389 11.71 490 790 -0.79 -70.00 -0.0000 -0.0000
3.120 2 7.770171 -0.047949 -6.420400 -2.914429 49.598694 4.585266 -0.50 0.50 -7.3 -4.8 -67.6135 -71.1721 -5.8875 0.1445 -0.015573 0.880404 11.80 490 780 -0.80 -70.00 0.0000 0.0000
3.127 2 8.264048 0.915830 -6.072768 2.967834 51.116943 1.533508 -0.50 0.50 -7.3 -6.8 -67.6135 -67.6135 -5.9007 0.1447 -0.015573 0.887845 11.66 510 800 -0.81 -70.00 -0.0000 -0.0000
3.134 2 7.676670 -1.270654 -6.581030 4.722595 51.673889 -0.999451 -0.59 0.59 -5.4 -6.7 -71.1721 -67.6135 -5.9142 0.1450 -0.018168 0.892774 11.79 490 790 -0.81 -70.00 0.0000 0.0000
3.141 2 7.753388 0.258926 -6.533081 0.160217 51.765442 1.876831 -0.59 0.59 -7.3 -6.7 -67.6135 -67.6135 -5.9275 0.1452 -0.018168 0.898336 11.85 490 780 -0.82 -70.00 -0.0000 -0.0000
3.148 2 7.170805 1.054883 -5.813843 5.859375 51.040649 5.439758 -0.67 0.67 -7.4 -6.6 -67.6135 -67.6135 -5.9410 0.1455 -0.020764 0.899427 11.74 490 780 -0.82 -70.00 0.0000 0.0000
3.155 2 7.659887 -1.848442 -6.509106 7.980347 50.941467 7.766724 -0.67 0.67 -5.4 -4.7 -71.1721 -71.1721 -5.9542 0.1457 -0.020764 0.901641 11.83 480 790 -0.82 -70.00 -0.0000 -0.0000
3.162 2 8.127393 -1.361758 -6.650557 0.762939 47.012329 15.380859 -0.67 0.67 -7.4 -6.7 -67.6135 -67.6135 -5.9675 0.1460 -0.020764 0.902822 11.72 510 800 -0.82 -70.00 0.0000 0.0000
3.169 2 7.319448 2.145727 -5.981665 0.251770 42.076111 19.836426 -0.67 0.67 -7.4 -8.4 -67.6135 -64.3938 -5.9808 0.1462 -0.020764 0.904679 11.71 490 790 -0.82 -70.00 -0.0000 -0.0000
3.176 2 7.822915 -1.325796 -6.578633 2.105713 36.201477 21.347046 -0.67 0.67 -5.4 -6.7 -71.1721 -67.6135 -5.9941 0.1465 -0.020764 0.907111 11.75 490 800 -0.83 -70.00 0.0000 0.0000
3.183 2 8.520576 -1.436079 -6.175859 -3.845215 28.747559 22.308350 -0.67 0.67 -7.4 -6.7 -67.6135 -67.6135 -6.0073 0.1468 -0.020764 0.910070 11.72 490 780 -0.83 -70.00 -0.0000 -0.0000
3.190 2 7.573579 2.490962 -5.928921 -5.897522 21.011353 18.920898 -0.67 0.67 -5.5 -6.7 -71.1721 -67.6135 -6.0206 0.1471 -0.020764 0.912806 11.80 490 790 -0.83 -70.00 0.0000 0.0000
3.197 2 7.796543 -0.031167 -6.187847 -1.464844 15.579224 10.787964 -0.67 0.67 -7.4 -6.7 -67.6135 -67.6135 -6.0339 0.1474 -0.020764 0.913849 11.79 510 810 -0.83 -70.00 -0.0000 -0.0000
3.204 2 8.105815 -1.733364 -6.053589 -3.860474 10.765076 3.456116 -0.75 0.75 -7.4 -6.6 -67.6135 -67.6135 -6.0469 0.1477 -0.023359 0.916738 11.72 490 780 -0.84 -70.00 0.0000 0.0000
3.211 2 7.599951 1.572734 -5.878574 -3.814697 6.225586 -3.196716 -0.75 0.75 -5.5 -6.6 -71.1721 -67.6135 -6.0606 0.1480 -0.023359 0.916601 11.72 490 790 -0.84 -70.00 -0.0000 -0.0000
