%  1    time 0.003 sec
%  2    mission (2) state 2
%  3  4  5 Acc x,y,z: 0.807944 0.328452 9.815205
%  6  7  8 Gyro x,y,z: 1.426697 -1.235962 -1.342773
%  9 10 Motor velocity ref left, right: 313.59 313.59
% 11 12 Motor voltage [V] left, right: 11.9 11.9
% 13 14 Motor current left, right [A]: 0.019 0.013
% 15 16 Wheel velocity [r/s] left, right: 0.0000 0.0000
% 17 18 19 21 Pose x,y,h,tilt [m,m,rad,rad]: 0.0000 0.0000 0.000000 -0.077703
% 21    Battery voltage [V]: 11.94
% 22 23 Get data time [us]: 490 +ctrl 720
% 24 25 26 27 Extra pt.: balE[0], balU[0], balUI[0], balUI[1]: -0.45 6.1391 0.0000 0.0000
0.013 2 0.736021 0.222964 9.848769 1.548767 -1.861572 -1.136780 374.11 374.11 12.0 12.0 -0.038 0.006 0.0000 0.0000 0.0000 0.0000 0.000000 -0.078525 11.96 490 720 -0.45 6.26 0.0000 0.0000
0.023 2 0.683276 0.234951 9.870346 1.121521 -1.953125 -1.052856 435.96 435.96 11.9 11.9 0.025 0.025 0.0000 0.0000 0.0000 0.0000 0.000000 -0.077360 11.88 490 720 -0.45 6.33 0.0000 0.0000
0.033 2 0.623340 0.292490 9.824795 0.419617 -1.640320 -0.854492 498.74 498.74 11.9 11.9 0.006 0.013 0.0000 0.0000 0.0000 0.0000 0.000000 -0.075167 11.94 490 710 -0.45 6.38 0.0000 0.0000
0.043 2 0.656904 0.218169 9.939873 -0.320435 -0.709534 -0.846863 561.70 561.70 11.9 11.9 0.006 0.013 0.0000 0.0000 0.0000 0.0000 0.000000 -0.073174 11.94 490 710 -0.45 6.38 0.0000 0.0000
0.053 2 0.692866 0.220566 9.879936 -0.877380 -0.083923 -0.167847 624.66 624.66 11.9 11.9 -0.025 0.013 0.0000 0.0000 0.0000 0.0000 0.000000 -0.071559 11.94 490 710 -0.45 6.35 0.0000 0.0000
0.063 2 0.764790 0.342837 9.930283 -1.167297 0.465393 0.373840 687.13 687.13 11.9 11.9 -0.032 0.006 0.0000 0.0000 0.0000 0.0000 0.000000 -0.070946 11.94 490 710 -0.45 6.29 0.0000 0.0000
0.073 2 0.743213 0.335645 9.985424 -1.335144 0.541687 1.159668 748.81 748.81 11.9 11.9 -0.044 0.019 0.0000 0.0000 0.0000 0.0000 0.000000 -0.071524 11.91 490 720 -0.45 6.24 0.0000 0.0000
0.083 2 0.860688 0.429145 9.891924 -0.946045 0.244141 1.831055 809.75 809.75 11.9 11.9 -0.032 0.019 0.0000 0.0000 0.0000 0.0000 0.000000 -0.073048 11.94 490 720 -0.45 6.10 0.0000 0.0000
0.093 2 0.863086 0.457915 9.865551 -0.183105 -1.235962 1.770020 869.71 869.71 12.0 12.0 -0.013 0.006 0.0000 0.0000 0.0000 0.0000 0.000000 -0.075589 11.96 490 720 -0.45 6.09 0.0000 0.0000
0.103 2 0.824727 0.345234 9.891924 0.755310 -2.952576 1.426697 929.63 929.63 11.9 11.9 0.006 0.013 0.0000 0.0000 0.0000 0.0000 0.000000 -0.077653 11.93 490 710 -0.45 6.15 0.0000 0.0000
0.113 2 0.769585 0.342837 9.762461 1.266479 -3.761292 0.595093 990.00 990.01 12.0 12.0 -0.013 -0.006 0.0000 0.0000 0.0000 0.0000 0.000000 -0.078692 11.96 490 710 -0.44 6.17 0.0000 0.0000
0.123 2 0.616147 0.318862 9.767256 1.258850 -3.318787 -0.320435 1051.35 1051.35 11.9 11.9 -0.025 0.038 0.0000 0.0000 0.0000 0.0000 0.000000 -0.078167 11.93 490 710 -0.45 6.37 0.0000 0.0000
0.133 2 0.599365 0.246938 9.851167 1.342773 -2.349854 -0.747681 1113.81 1113.81 11.9 11.9 -0.025 0.019 0.0000 0.0000 0.0000 0.0000 0.000000 -0.076265 11.93 490 710 -0.45 6.41 0.0000 0.0000
0.143 2 0.654507 0.201387 9.911103 1.434326 -1.731873 -0.747681 1176.78 1176.78 11.9 11.9 0.019 0.032 0.0000 0.0000 0.0000 0.0000 0.000000 -0.074044 11.93 490 710 -0.45 6.39 0.0000 0.0000
0.153 2 0.688071 0.321260 10.038169 0.427246 -0.694275 -0.091553 1239.24 1239.24 11.9 11.9 -0.032 0.019 0.0000 0.0000 0.0000 0.0000 0.000000 -0.072967 11.90 490 710 -0.45 6.29 0.0000 0.0000
0.163 2 0.793560 0.364414 9.911103 -0.305176 -0.381470 1.380920 1301.02 1301.02 11.9 11.9 -0.006 0.025 0.0000 0.0000 0.0000 0.0000 0.000000 -0.073038 11.93 490 710 -0.45 6.22 0.0000 0.0000
0.173 2 0.817534 0.388389 9.966245 -0.167847 -0.762939 2.922058 1361.84 1361.84 11.9 11.9 -0.006 0.032 0.0000 0.0000 0.0000 0.0000 0.000000 -0.074397 11.90 490 710 -0.45 6.15 0.0000 0.0000
0.183 2 0.863086 0.412363 9.808012 0.366211 -1.808167 4.493713 1421.73 1421.73 11.9 11.9 -0.025 0.025 0.0000 0.0000 0.0000 0.0000 0.000000 -0.076791 11.93 490 710 -0.45 6.06 0.0000 0.0000
0.193 2 0.863086 0.381196 9.755268 0.930786 -3.410339 5.096436 1480.68 1480.68 11.9 11.9 -0.006 0.019 0.0000 0.0000 0.0000 0.0000 0.000000 -0.079957 11.93 490 710 -0.44 6.04 0.0000 0.0000
0.203 2 0.843906 0.182207 9.654575 1.899719 -5.249023 4.341125 1539.72 1539.72 11.9 11.9 -0.019 -0.006 0.0000 0.0000 0.0000 0.0000 0.000000 -0.082425 11.91 490 710 -0.44 6.03 0.0000 0.0000
0.213 2 0.683276 0.093501 9.719306 1.831055 -5.783081 3.074646 1599.81 1599.81 11.9 11.9 -0.019 0.044 0.0000 0.0000 0.0000 0.0000 0.000000 -0.082931 11.94 490 710 -0.44 6.21 0.0000 0.0000
0.223 2 0.649712 0.057539 9.733691 1.121521 -4.364014 1.823425 1661.40 1661.40 11.9 11.9 -0.019 0.044 0.0000 0.0000 0.0000 0.0000 0.000000 -0.081300 11.93 490 720 -0.44 6.31 0.0000 0.0000
0.233 2 0.606558 0.064731 9.630600 0.267029 -3.097534 0.915527 1724.26 1724.26 11.9 11.9 -0.032 0.025 0.0000 0.0000 0.0000 0.0000 0.000000 -0.078245 11.91 490 720 -0.45 6.41 0.0000 0.0000
0.243 2 0.596968 0.069526 9.779243 -0.221252 -1.670837 0.396729 1787.42 1787.42 11.9 11.9 -0.044 0.025 0.0000 0.0000 0.0000 0.0000 0.000000 -0.075364 11.94 490 710 -0.45 6.41 0.0000 0.0000
0.253 2 0.632930 0.184604 9.798423 -1.037598 0.091553 0.335693 1850.28 1850.28 11.9 11.9 0.006 0.038 0.0000 0.0000 0.0000 0.0000 0.000000 -0.073481 11.91 490 710 -0.45 6.36 0.0000 0.0000
0.263 2 0.745610 0.232554 9.755268 -1.670837 1.426697 0.991821 1912.28 1912.28 11.9 11.9 -0.032 0.038 0.0000 0.0000 0.0000 0.0000 0.000000 -0.073149 11.94 490 720 -0.45 6.24 0.0000 0.0000
0.273 2 0.848701 0.251733 9.985424 -1.258850 1.876831 2.105713 1973.31 1973.31 11.9 11.9 -0.019 0.038 0.0000 0.0000 0.0000 0.0000 0.000000 -0.074213 11.94 490 710 -0.45 6.15 0.0000 0.0000
0.283 2 1.038101 0.314067 9.951860 -0.816345 1.281738 2.792358 2032.60 2032.60 11.9 11.9 -0.032 0.044 0.0000 0.0000 0.0000 0.0000 0.000000 -0.077482 11.93 490 710 -0.45 5.93 0.0000 0.0000
0.293 2 1.273052 0.345234 10.112490 -0.267029 -1.251221 2.967834 2089.32 2089.32 11.9 11.9 -0.013 0.044 0.0000 0.0000 0.0000 0.0000 0.000000 -0.083657 11.93 490 710 -0.44 5.62 0.0000 0.0000
0.303 2 1.503208 0.426748 10.172426 0.221252 -5.393982 3.631592 2142.56 2142.57 12.0 12.0 -0.038 -0.006 0.0000 0.0000 0.0000 0.0000 0.000000 -0.093461 11.96 490 710 -0.43 5.26 0.0000 0.0000
0.313 2 1.692607 0.474697 10.069336 0.717163 -10.833740 4.829407 2192.85 2192.85 11.9 11.9 0.013 0.013 0.0000 0.0000 0.0000 0.0000 0.000000 -0.105455 11.94 490 710 -0.42 4.97 0.0000 0.0000
0.323 2 1.781313 0.433940 10.071733 1.632690 -17.402649 6.484985 2239.92 2239.92 11.9 11.9 -0.051 0.013 0.0000 0.0000 0.0000 0.0000 0.000000 -0.119541 11.94 490 710 -0.40 4.71 0.0000 0.0000
0.333 2 1.893994 0.302080 10.069336 3.242493 -24.131775 7.759094 2284.92 2284.92 11.9 11.9 0.025 0.025 0.0000 0.0000 0.0000 0.0000 0.000000 -0.133787 11.93 490 710 -0.39 4.50 0.0000 0.0000
0.343 2 1.913174 0.182207 10.345043 5.104065 -31.471252 7.598877 2328.29 2328.29 12.0 12.0 -0.019 0.019 0.0000 0.0000 0.0000 0.0000 0.000000 -0.147469 11.98 490 710 -0.38 4.43 0.0000 0.0000
0.353 2 1.893994 0.064731 10.376210 5.439758 -40.420532 7.087708 2371.54 2371.54 11.9 11.9 -0.019 0.025 0.0000 0.0000 0.0000 0.0000 0.000000 -0.158760 11.94 490 710 -0.36 4.33 0.0000 0.0000
0.363 2 1.903584 0.064731 10.517661 4.920959 -49.720764 6.446838 2413.09 2413.09 11.9 11.9 -0.032 0.044 0.0000 0.0000 0.0000 0.0000 0.000000 -0.170185 11.91 490 720 -0.35 4.24 0.0000 0.0000
0.373 2 1.824468 -0.141450 10.606367 4.219055 -60.714722 5.401611 2454.14 2454.14 11.9 11.9 -0.013 0.025 0.0000 0.0000 0.0000 0.0000 0.000000 -0.180124 11.91 490 710 -0.34 4.18 0.0000 0.0000
0.383 2 1.822070 -0.131860 10.632739 2.304077 -72.814941 5.210876 2495.01 2495.01 12.0 12.0 -0.013 0.006 0.0000 0.0000 0.0000 0.0000 0.000000 -0.188402 11.96 490 710 -0.34 4.12 0.0000 0.0000
0.393 2 1.807685 -0.210977 10.711855 -2.220154 -86.288452 5.523682 2534.16 2534.16 11.9 11.9 -0.006 0.013 0.0000 0.0000 0.0000 0.0000 0.000000 -0.197465 11.93 490 710 -0.33 3.94 0.0000 0.0000
0.403 2 1.889199 -0.232554 10.898857 -7.194519 -99.822998 5.729675 2571.40 2571.40 11.9 11.9 0.006 0.013 0.0000 0.0000 0.0000 0.0000 0.000000 -0.207460 11.91 490 710 -0.32 3.75 0.0000 0.0000
0.413 2 2.025854 -0.158232 10.570405 -11.512756 -111.892700 6.500244 2605.55 2605.55 11.9 11.9 -0.019 -0.025 0.0000 0.0000 0.0000 0.0000 0.000000 -0.219802 11.94 490 710 -0.30 3.34 0.0000 0.0000
0.423 2 2.260806 -0.203784 10.304287 -14.610291 -118.209839 7.164001 2635.66 2635.66 11.9 11.9 -0.013 0.006 0.0000 0.0000 0.0000 0.0000 0.000000 -0.235357 11.91 490 710 -0.29 2.94 0.0000 0.0000
0.433 2 2.440615 -0.136655 10.213183 -16.883850 -124.160767 7.438660 2662.41 2662.41 11.9 11.9 0.019 0.019 0.0000 0.0000 0.0000 0.0000 0.000000 -0.252498 11.93 490 710 -0.27 2.65 0.0000 0.0000
0.443 2 2.649194 -0.112681 9.980630 -18.890381 -128.189087 7.537842 2685.89 2685.89 11.9 11.9 -0.013 -0.006 0.0000 0.0000 0.0000 0.0000 0.000000 -0.270872 11.93 490 710 -0.25 2.24 0.0000 0.0000
0.453 2 2.716323 -0.198989 9.748075 -21.209717 -131.828308 8.193970 2706.00 2706.00 11.9 11.9 0.006 0.013 0.0000 0.0000 0.0000 0.0000 0.000000 -0.290322 11.93 490 710 -0.23 2.02 0.0000 0.0000
0.463 2 2.924902 -0.074321 9.448393 -22.827148 -132.888794 9.712219 2722.63 2722.63 11.9 11.9 0.025 0.038 0.0000 0.0000 0.0000 0.0000 0.000000 -0.310880 11.93 490 720 -0.21 1.62 0.0000 0.0000
0.473 2 2.920107 0.038359 9.050415 -23.132324 -133.407593 12.580872 2737.21 2737.21 12.0 12.0 0.006 -0.000 0.0000 0.0000 0.0000 0.0000 0.000000 -0.330231 11.96 490 710 -0.19 1.45 0.0000 0.0000
0.483 2 2.932095 0.134258 9.043222 -19.874573 -132.247925 17.204285 2750.90 2750.90 11.9 11.9 -0.013 0.006 0.0000 0.0000 0.0000 0.0000 0.000000 -0.347090 11.94 490 710 -0.18 1.37 0.0000 0.0000
0.493 2 2.951274 0.165425 9.052813 -14.785767 -130.371094 22.674561 2764.32 2764.32 11.9 11.9 -0.013 -0.032 0.0000 0.0000 0.0000 0.0000 0.000000 -0.361101 11.94 490 720 -0.16 1.31 0.0000 0.0000
0.503 2 2.948877 0.182207 9.071992 -10.948181 -127.090454 28.869629 2777.84 2777.84 11.9 11.9 -0.019 0.019 0.0000 0.0000 0.0000 0.0000 0.000000 -0.372279 11.94 490 720 -0.15 1.40 0.0000 0.0000
0.513 2 3.027993 0.246938 9.227827 -9.002686 -121.299744 35.163879 2790.88 2790.88 11.9 11.9 0.006 0.006 0.0000 0.0000 0.0000 0.0000 0.000000 -0.382003 11.91 490 710 -0.14 1.41 0.0000 0.0000
0.523 2 3.183828 0.268516 9.194263 -8.201599 -114.234924 41.610718 2803.22 2803.22 11.9 11.9 -0.006 -0.000 0.0000 0.0000 0.0000 0.0000 0.000000 -0.390821 11.94 490 720 -0.13 1.22 0.0000 0.0000
0.533 2 3.325278 0.328452 9.146314 -7.606506 -106.254578 46.684265 2814.51 2814.51 11.9 11.9 -0.006 0.019 0.0000 0.0000 0.0000 0.0000 0.000000 -0.399441 11.93 490 710 -0.12 1.05 0.0000 0.0000
0.543 2 3.435561 0.345234 8.520576 -6.515503 -93.353271 49.972534 2824.14 2824.14 12.0 12.0 0.051 0.006 0.0000 0.0000 0.0000 0.0000 0.000000 -0.408702 11.96 490 720 -0.11 0.87 0.0000 0.0000
0.553 2 3.584204 0.155835 8.817861 -5.485535 -80.528259 51.177979 2831.97 2831.97 12.0 12.0 0.032 -0.019 0.0000 0.0000 0.0000 0.0000 0.000000 -0.418585 11.96 490 710 -0.11 0.92 0.0000 0.0000
0.563 2 3.934233 -0.062334 9.100761 -3.829956 -70.083618 50.437927 2839.86 2839.86 11.9 11.9 0.019 0.006 0.0000 0.0000 0.0000 0.0000 0.000000 -0.426498 11.91 490 710 -0.10 0.82 0.0000 0.0000
0.573 2 4.042119 -0.177412 8.877797 -2.555847 -62.530518 47.744751 2845.73 2845.73 11.9 11.9 0.000 -0.013 0.0000 0.0000 0.0000 0.0000 0.000000 -0.435710 11.93 490 720 -0.09 0.63 0.0000 0.0000
0.583 2 4.262685 -0.390786 9.014453 -2.128601 -58.418274 43.281555 2850.71 2850.71 11.9 11.9 -0.013 -0.019 0.0000 0.0000 0.0000 0.0000 0.000000 -0.444360 11.91 490 720 -0.08 0.48 0.0000 0.0000
0.593 2 4.298647 -0.450723 8.947324 -1.495361 -57.861328 37.040710 2853.91 2853.91 12.0 12.0 0.019 0.013 0.0000 0.0000 0.0000 0.0000 0.000000 -0.453798 11.96 490 720 -0.07 0.37 0.0000 0.0000
0.603 2 4.634292 -0.424351 8.686001 -0.885010 -58.815002 29.655457 2854.38 2854.38 11.9 11.9 0.032 -0.006 0.0000 0.0000 0.0000 0.0000 0.000000 -0.465236 11.94 490 720 -0.06 -0.10 0.0000 0.0000
0.613 2 4.701421 -0.409966 8.669218 -1.022339 -59.654236 22.384644 2850.93 2850.93 12.0 12.0 -0.006 -0.000 0.0000 0.0000 0.0000 0.0000 0.000000 -0.479832 11.96 490 720 -0.04 -0.30 0.0000 0.0000
0.623 2 4.924385 -0.299683 8.455845 -0.030518 -60.592651 15.769958 2844.94 2844.94 11.9 11.9 -0.019 0.006 0.0000 0.0000 0.0000 0.0000 0.000000 -0.495132 11.93 490 720 -0.03 -0.69 0.0000 0.0000
0.633 2 5.099399 -0.203784 8.211304 3.746033 -62.431335 9.735107 2835.16 2835.17 11.9 11.9 0.013 -0.025 0.0000 0.0000 0.0000 0.0000 0.000000 -0.512750 11.90 490 720 -0.01 -1.07 0.0000 0.0000
0.643 2 5.238452 0.016782 8.288022 7.438660 -63.888550 4.730225 2821.91 2821.91 11.9 11.9 -0.006 -0.019 0.0000 0.0000 0.0000 0.0000 0.000000 -0.531736 11.94 490 720 0.01 -1.30 0.0000 0.0000
0.653 2 5.447031 0.218169 7.952378 11.695862 -63.323975 0.907898 2805.70 2805.70 11.9 11.9 0.000 -0.032 0.0000 0.0000 0.0000 0.0000 0.000000 -0.551164 11.93 490 720 0.03 -1.73 0.0000 0.0000
0.663 2 5.619648 0.342837 7.954775 16.021729 -59.974670 -1.716614 2786.69 2786.69 11.9 11.9 0.013 0.019 0.0000 0.0000 0.0000 0.0000 0.000000 -0.570665 11.93 490 720 0.05 -1.84 0.0000 0.0000
0.673 2 5.756303 0.364414 7.885249 20.423889 -56.159973 -3.738403 2765.87 2765.87 11.9 11.9 0.032 -0.000 0.0000 0.0000 0.0000 0.0000 0.000000 -0.588924 11.93 490 720 0.07 -2.06 0.0000 0.0000
0.683 2 5.785073 0.364414 7.957172 24.856567 -51.780701 -5.424500 2744.25 2744.25 11.9 11.9 0.006 -0.000 0.0000 0.0000 0.0000 0.0000 0.000000 -0.604758 11.93 490 720 0.08 -2.09 0.0000 0.0000
0.693 2 5.979268 0.419556 8.240073 29.411316 -47.691345 -6.629944 2722.56 2722.56 11.9 11.9 0.006 -0.006 0.0000 0.0000 0.0000 0.0000 0.000000 -0.617627 11.94 490 720 0.09 -2.01 0.0000 0.0000
0.703 2 6.135102 0.378799 8.388716 34.309387 -45.227051 -8.026123 2700.82 2700.82 11.9 11.9 0.019 -0.006 0.0000 0.0000 0.0000 0.0000 0.000000 -0.628087 11.90 490 720 0.10 -2.00 0.0000 0.0000
0.713 2 6.226206 0.232554 8.736347 38.841248 -44.952393 -9.696960 2680.35 2680.35 11.9 11.9 0.019 -0.006 0.0000 0.0000 0.0000 0.0000 0.000000 -0.634769 11.94 490 720 0.11 -1.85 0.0000 0.0000
0.723 2 6.324502 0.170220 8.743540 42.953491 -47.363281 -12.306213 2660.48 2660.48 11.9 11.9 0.032 -0.000 0.0000 0.0000 0.0000 0.0000 0.000000 -0.639391 11.93 490 720 0.12 -1.97 0.0000 0.0000
0.733 2 6.403618 0.074321 8.647641 45.753479 -51.910400 -14.282227 2639.60 2639.60 11.9 11.9 0.025 -0.000 0.0000 0.0000 0.0000 0.0000 0.000000 -0.644560 11.88 490 720 0.12 -2.15 0.0000 0.0000
0.743 2 6.530684 0.002397 8.534961 47.767639 -56.350708 -15.258789 2615.90 2615.90 11.9 11.9 0.025 -0.025 0.0000 0.0000 0.0000 0.0000 0.000000 -0.652652 11.90 490 720 0.13 -2.42 0.0000 0.0000
0.753 2 6.537876 0.000000 8.230483 48.019409 -60.028076 -15.205383 2589.37 2589.37 11.9 11.9 0.013 -0.019 0.0000 0.0000 0.0000 0.0000 0.000000 -0.663073 11.93 490 720 0.14 -2.69 0.0000 0.0000
0.763 2 6.605005 -0.019180 8.199316 47.416687 -62.667847 -14.533997 2560.74 2560.74 11.9 11.9 -0.006 -0.038 0.0000 0.0000 0.0000 0.0000 0.000000 -0.674374 11.94 490 720 0.15 -2.86 0.0000 0.0000
0.773 2 6.758442 0.076719 8.300010 45.867920 -65.109253 -12.763977 2530.09 2530.09 11.9 11.9 -0.013 -0.044 0.0000 0.0000 0.0000 0.0000 0.000000 -0.686262 11.93 490 720 0.16 -3.03 0.0000 0.0000
0.783 2 7.024560 0.095898 8.520576 45.951843 -69.412231 -10.231018 2497.97 2497.97 12.0 12.0 0.006 0.013 0.0000 0.0000 0.0000 0.0000 0.000000 -0.697885 11.96 490 720 0.17 -3.08 0.0000 0.0000
0.793 2 7.062920 0.172617 8.352754 46.508789 -75.775146 -8.171082 2464.74 2464.74 11.9 11.9 0.044 -0.013 0.0000 0.0000 0.0000 0.0000 0.000000 -0.708852 11.93 490 720 0.19 -3.40 0.0000 0.0000
0.803 2 7.139638 0.083911 8.503794 46.508789 -83.663940 -7.011414 2430.21 2430.22 12.0 12.0 0.013 -0.000 0.0000 0.0000 0.0000 0.0000 0.000000 -0.719492 11.96 490 720 0.20 -3.36 0.0000 0.0000
0.813 2 7.264307 0.182207 8.611679 45.173645 -91.468811 -6.507874 2392.79 2392.79 11.9 11.9 -0.013 -0.051 0.0000 0.0000 0.0000 0.0000 0.000000 -0.732113 11.88 490 720 0.21 -3.60 0.0000 0.0000
0.823 2 7.218755 0.167822 8.105815 42.060852 -98.670959 -5.821228 2352.60 2352.60 11.9 11.9 0.000 0.006 0.0000 0.0000 0.0000 0.0000 0.000000 -0.746100 11.91 490 720 0.22 -4.03 0.0000 0.0000
0.833 2 7.187588 0.232554 7.837299 37.200928 -103.721619 -5.065918 2309.28 2309.28 12.0 12.0 0.006 -0.013 0.0000 0.0000 0.0000 0.0000 0.000000 -0.761693 11.96 490 720 0.24 -4.31 0.0000 0.0000
0.843 2 7.144433 0.385991 7.587964 30.891418 -108.985901 -3.746033 2265.11 2265.11 11.9 11.9 0.006 -0.032 0.0000 0.0000 0.0000 0.0000 0.000000 -0.775425 11.94 490 720 0.25 -4.41 0.0000 0.0000
0.853 2 7.187588 0.441133 7.549604 26.214600 -109.275818 -1.419067 2219.14 2219.14 11.9 11.9 0.019 -0.038 0.0000 0.0000 0.0000 0.0000 0.000000 -0.789030 11.94 490 720 0.27 -4.65 0.0000 0.0000
0.863 2 6.806391 0.294888 7.794145 20.942688 -108.154297 3.036499 2159.63 2159.63 11.9 11.9 0.025 0.006 0.0000 0.0000 0.0000 0.0000 0.000000 -0.818797 11.93 490 720 0.30 -5.54 0.0000 0.0000
0.873 2 6.859136 0.702456 7.070112 14.579773 -98.365784 10.597229 2102.85 2102.85 11.9 11.9 0.025 -0.019 0.0000 0.0000 0.0000 0.0000 0.000000 -0.839056 11.90 490 720 0.32 -5.50 0.0000 0.0000
0.883 2 6.703300 0.652109 5.897754 9.819031 -85.685730 18.585205 2046.15 2046.15 11.9 11.9 0.032 -0.000 0.0000 0.0000 0.0000 0.0000 0.000000 -0.855243 11.94 490 720 0.33 -5.58 0.0000 0.0000
0.893 2 6.662544 0.970972 5.583686 6.820679 -69.816589 25.260925 1987.97 1987.97 12.0 12.0 0.000 -0.006 0.0000 0.0000 0.0000 0.0000 0.000000 -0.870283 11.96 490 720 0.35 -5.68 0.0000 0.0000
0.903 2 6.530684 0.899048 5.358325 5.668640 -53.726196 29.785156 1930.74 1930.74 11.9 11.9 0.044 -0.013 0.0000 0.0000 0.0000 0.0000 0.000000 -0.881091 11.93 490 720 0.36 -5.52 0.0000 0.0000
0.913 2 6.612197 0.724033 5.578891 6.179810 -36.834717 31.288147 1874.53 1874.53 11.9 11.9 0.019 -0.006 0.0000 0.0000 0.0000 0.0000 0.000000 -0.888373 11.93 490 720 0.36 -5.27 0.0000 0.0000
0.923 2 6.660146 0.685674 4.603125 7.453918 -21.080017 30.372620 1820.87 1820.87 11.9 11.9 0.025 0.006 0.0000 0.0000 0.0000 0.0000 0.000000 -0.890777 11.93 490 720 0.37 -5.58 0.0000 0.0000
0.933 2 6.775224 0.580186 5.372710 8.956909 -6.622314 27.519226 1769.16 1769.16 11.9 11.9 0.013 -0.025 0.0000 0.0000 0.0000 0.0000 0.000000 -0.890027 11.93 490 720 0.37 -4.69 0.0000 0.0000
0.943 2 6.861533 0.553813 5.324760 10.597229 5.111694 22.277832 1716.79 1716.79 11.9 11.9 0.019 -0.032 0.0000 0.0000 0.0000 0.0000 0.000000 -0.890304 11.94 490 720 0.37 -5.44 0.0000 0.0000
0.953 2 7.017368 0.098296 5.979268 11.230469 13.809204 14.625549 1667.67 1667.67 11.9 11.9 0.025 -0.000 0.0000 0.0000 0.0000 0.0000 0.000000 -0.886164 11.91 490 720 0.36 -4.79 0.0000 0.0000
0.963 2 7.115664 -0.311670 5.957690 9.872437 19.859314 5.119324 1620.23 1620.23 11.9 11.9 0.032 -0.000 0.0000 0.0000 0.0000 0.0000 0.000000 -0.880499 11.93 490 720 0.36 -4.69 0.0000 0.0000
0.973 2 7.213960 -0.405171 5.813843 6.164551 24.169922 -5.004883 1572.81 1572.81 11.9 11.9 0.019 -0.019 0.0000 0.0000 0.0000 0.0000 0.000000 -0.875948 11.93 490 720 0.35 -4.80 0.0000 0.0000
0.983 2 7.580771 -0.306875 5.952895 0.923157 27.458191 -14.442444 1522.90 1522.90 11.9 11.9 0.019 0.013 0.0000 0.0000 0.0000 0.0000 0.000000 -0.875711 11.91 490 720 0.35 -5.06 0.0000 0.0000
0.993 2 7.755786 0.124668 5.725137 -3.288269 30.197144 -21.560669 1471.34 1471.34 11.9 11.9 0.032 -0.019 0.0000 0.0000 0.0000 0.0000 0.000000 -0.877840 11.90 490 720 0.35 -5.33 0.0000 0.0000
1.003 2 7.926006 0.486685 5.497378 -4.127502 33.264160 -25.428772 1415.86 1415.86 11.9 11.9 -0.013 -0.025 0.0000 0.0000 0.0000 0.0000 0.000000 -0.884931 11.91 490 720 0.36 -5.67 0.0000 0.0000
1.013 2 8.113008 0.942202 5.456621 -5.950928 36.582947 -25.985718 1358.24 1358.24 11.9 11.9 -0.006 -0.038 0.0000 0.0000 0.0000 0.0000 0.000000 -0.893579 11.91 490 710 0.37 -5.80 0.0000 0.0000
1.023 2 8.084238 1.078857 5.933716 -3.433228 38.848877 -24.765015 1302.11 1302.11 11.9 11.9 0.051 0.019 0.0000 0.0000 0.0000 0.0000 0.000000 -0.898304 11.94 490 720 0.37 -5.16 0.0000 0.0000
1.033 2 8.156162 1.026113 6.067974 -0.854492 39.131165 -22.277832 1247.62 1247.62 11.9 11.9 0.013 -0.013 0.0000 0.0000 0.0000 0.0000 0.000000 -0.899953 11.93 490 720 0.38 -5.23 0.0000 0.0000
1.043 2 8.316792 0.714443 6.880713 2.494812 37.536621 -20.088196 1197.48 1197.48 11.9 11.9 0.025 -0.006 0.0000 0.0000 0.0000 0.0000 0.000000 -0.895220 11.93 490 720 0.37 -4.62 0.0000 0.0000
1.053 2 8.165751 0.795957 6.873520 2.128601 34.683228 -18.104553 1150.93 1150.93 12.0 12.0 0.013 -0.044 0.0000 0.0000 0.0000 0.0000 0.000000 -0.886659 11.96 490 720 0.36 -4.60 0.0000 0.0000
1.063 2 8.101020 0.551416 6.959829 -0.892639 31.364441 -15.930176 1103.67 1103.67 11.9 11.9 0.000 -0.006 0.0000 0.0000 0.0000 0.0000 0.000000 -0.880656 11.93 490 720 0.36 -4.46 0.0000 0.0000
1.073 2 7.957172 0.575391 6.686518 -4.730225 27.366638 -13.755798 1057.25 1057.25 11.9 11.9 0.013 -0.032 0.0000 0.0000 0.0000 0.0000 0.000000 -0.874677 11.93 490 720 0.35 -4.55 0.0000 0.0000
1.083 2 7.827710 0.623340 6.516299 -7.751465 26.374817 -11.566162 1011.39 1011.39 11.9 11.9 -0.013 -0.013 0.0000 0.0000 0.0000 0.0000 0.000000 -0.869090 11.91 490 720 0.35 -4.54 0.0000 0.0000
1.093 2 7.628720 0.685674 6.470747 -9.346008 28.434753 -8.682251 963.91 963.91 12.0 12.0 0.032 -0.000 0.0000 0.0000 0.0000 0.0000 0.000000 -0.866816 11.96 490 720 0.34 -4.72 0.0000 0.0000
1.103 2 7.587964 0.759995 6.310117 -10.467529 33.821106 -5.012512 917.42 917.42 12.0 12.0 0.013 -0.019 0.0000 0.0000 0.0000 0.0000 0.000000 -0.863551 11.96 490 720 0.34 -4.42 0.0000 0.0000
1.113 2 7.679067 0.958984 6.552260 -10.589600 42.007446 -0.785828 871.31 871.31 11.9 11.9 0.019 -0.013 0.0000 0.0000 0.0000 0.0000 0.000000 -0.860325 11.88 490 720 0.34 -4.28 0.0000 0.0000
1.123 2 7.679067 1.045293 6.803994 -7.804871 49.507141 3.585815 828.29 828.29 11.9 11.9 0.057 -0.000 0.0000 0.0000 0.0000 0.0000 0.000000 -0.853447 11.94 490 720 0.33 -3.98 0.0000 0.0000
1.133 2 7.659887 0.889458 6.820776 -3.356934 55.038452 6.103516 789.00 789.00 11.9 11.9 0.019 0.006 0.0000 0.0000 0.0000 0.0000 0.000000 -0.842811 11.93 490 720 0.32 -3.76 0.0000 0.0000
1.143 2 7.655093 0.721636 7.269101 -0.068665 57.022095 7.453918 753.18 753.18 11.9 11.9 0.019 -0.013 0.0000 0.0000 0.0000 0.0000 0.000000 -0.829372 11.91 490 720 0.31 -3.32 0.0000 0.0000
1.153 2 7.552002 0.745610 7.338628 0.343323 55.572510 7.186890 720.03 720.03 11.9 11.9 0.000 -0.025 0.0000 0.0000 0.0000 0.0000 0.000000 -0.814912 11.91 490 720 0.29 -3.28 0.0000 0.0000
1.163 2 7.317050 0.577788 7.453706 -1.159668 50.819397 5.790710 689.12 689.12 11.9 11.9 0.019 -0.006 0.0000 0.0000 0.0000 0.0000 0.000000 -0.800161 11.93 490 710 0.28 -2.98 0.0000 0.0000
1.173 2 7.103676 0.469902 7.652695 -3.555298 44.204712 2.929688 658.60 658.60 11.9 11.9 0.013 -0.019 0.0000 0.0000 0.0000 0.0000 0.000000 -0.787721 11.93 490 720 0.26 -2.83 0.0000 0.0000
1.183 2 7.237934 0.640122 7.597553 -6.912231 39.756775 -1.426697 629.55 629.56 11.9 11.9 0.019 -0.013 0.0000 0.0000 0.0000 0.0000 0.000000 -0.775700 11.93 490 720 0.25 -2.89 0.0000 0.0000
1.193 2 7.271499 0.853496 7.544809 -7.598877 36.109924 -4.653931 598.65 598.65 11.9 11.9 0.013 -0.019 0.0000 0.0000 0.0000 0.0000 0.000000 -0.768588 11.93 490 720 0.24 -3.08 0.0000 0.0000
1.203 2 7.194780 0.994946 6.926264 -7.339478 33.653259 -7.202148 565.06 565.06 11.9 11.9 0.032 -0.025 0.0000 0.0000 0.0000 0.0000 0.000000 -0.766444 11.93 490 720 0.24 -3.31 0.0000 0.0000
1.213 2 6.935854 1.131602 6.875918 -7.713318 34.980774 -7.965088 530.80 530.80 11.9 11.9 0.013 -0.025 0.0000 0.0000 0.0000 0.0000 0.000000 -0.765568 11.93 490 710 0.24 -3.26 0.0000 0.0000
1.223 2 6.688916 0.999741 6.926264 -7.293701 38.566589 -7.415771 498.43 498.43 11.9 11.9 -0.006 -0.006 0.0000 0.0000 0.0000 0.0000 0.000000 -0.762221 11.93 490 720 0.24 -3.01 0.0000 0.0000
1.233 2 6.302925 0.903843 7.094087 -7.537842 42.831421 -7.110596 470.71 470.71 11.9 11.9 0.006 -0.013 0.0000 0.0000 0.0000 0.0000 0.000000 -0.753062 11.93 490 720 0.23 -2.34 0.0000 0.0000
1.243 2 5.856997 0.709648 7.211562 -8.598328 48.034668 -5.859375 450.53 450.53 11.9 11.9 0.025 -0.013 0.0000 0.0000 0.0000 0.0000 0.000000 -0.735288 11.91 490 720 0.21 -1.66 0.0000 0.0000
1.253 2 5.710752 0.608955 7.635913 -9.979248 55.084229 -4.196167 436.90 436.90 11.9 11.9 0.006 0.013 0.0000 0.0000 0.0000 0.0000 0.000000 -0.711941 11.90 490 720 0.19 -1.11 0.0000 0.0000
1.263 2 5.880971 0.712046 8.120200 -9.239197 61.843872 -3.570557 427.78 427.78 11.9 11.9 0.025 -0.006 0.0000 0.0000 0.0000 0.0000 0.000000 -0.686948 11.94 490 720 0.16 -0.75 0.0000 0.0000
1.273 2 5.984062 0.994946 7.837299 -6.027222 64.933777 -3.684998 416.97 416.97 11.9 11.9 0.038 -0.013 0.0000 0.0000 0.0000 0.0000 0.000000 -0.669194 11.90 490 720 0.15 -1.16 0.0000 0.0000
1.283 2 6.338887 1.098037 7.762978 -3.379822 63.735962 -4.966736 403.15 403.15 11.9 11.9 0.006 -0.044 0.0000 0.0000 0.0000 0.0000 0.000000 -0.658969 11.93 490 720 0.14 -1.45 0.0000 0.0000
1.293 2 6.384439 0.958984 7.777363 -2.128601 62.171936 -5.722046 386.59 386.59 11.9 11.9 -0.019 -0.000 0.0000 0.0000 0.0000 0.0000 0.000000 -0.654461 11.90 490 720 0.13 -1.61 0.0000 0.0000
1.303 2 6.334092 0.800752 7.760581 -3.753662 61.019897 -5.752563 370.19 370.19 11.9 11.9 0.044 0.013 0.0000 0.0000 0.0000 0.0000 0.000000 -0.650458 11.88 490 720 0.13 -1.40 0.0000 0.0000
1.313 2 6.159077 0.659302 7.966763 -6.462097 59.272766 -6.141663 356.12 356.12 11.9 11.9 0.032 -0.013 0.0000 0.0000 0.0000 0.0000 0.000000 -0.644044 11.90 490 720 0.12 -1.22 0.0000 0.0000
1.323 2 5.926523 0.510659 7.921211 -11.085510 58.273315 -5.470276 343.76 343.76 11.9 11.9 0.013 -0.019 0.0000 0.0000 0.0000 0.0000 0.000000 -0.636497 11.90 490 720 0.11 -0.98 0.0000 0.0000
1.333 2 5.427851 0.534634 7.990737 -16.250610 58.540344 -4.074097 336.07 336.07 11.9 11.9 -0.019 0.006 0.0000 0.0000 0.0000 0.0000 0.000000 -0.623908 11.94 490 720 0.10 -0.40 0.0000 0.0000
1.343 2 5.149746 0.496274 7.993134 -20.469666 61.393738 -2.044678 333.09 333.10 11.9 11.9 0.013 -0.013 0.0000 0.0000 0.0000 0.0000 0.000000 -0.607303 11.91 490 720 0.08 -0.04 0.0000 0.0000
1.353 2 5.142553 0.647314 8.405498 -23.269653 65.849304 1.464844 334.01 334.01 11.9 11.9 -0.013 -0.013 0.0000 0.0000 0.0000 0.0000 0.000000 -0.588531 11.94 490 720 0.06 0.35 0.0000 0.0000
1.363 2 5.590879 0.860688 8.333574 -21.743774 70.220947 3.860474 334.84 334.84 11.9 11.9 0.013 0.006 0.0000 0.0000 0.0000 0.0000 0.000000 -0.573696 11.93 490 720 0.05 -0.10 0.0000 0.0000
1.373 2 5.849804 0.985356 8.374331 -14.961243 69.641113 1.037598 330.97 330.97 11.9 11.9 0.025 0.013 0.0000 0.0000 0.0000 0.0000 0.000000 -0.568095 11.93 490 720 0.04 -0.35 0.0000 0.0000
1.383 2 5.991255 0.803149 8.429472 -8.544922 65.818787 -7.026672 325.38 325.38 11.9 11.9 0.000 0.006 0.0000 0.0000 0.0000 0.0000 0.000000 -0.565867 11.93 490 720 0.04 -0.49 0.0000 0.0000
1.393 2 6.041601 0.402773 8.702783 -3.204346 61.470032 -18.043518 319.73 319.73 11.9 11.9 0.006 0.006 0.0000 0.0000 0.0000 0.0000 0.000000 -0.564114 11.91 490 720 0.04 -0.41 0.0000 0.0000
1.403 2 5.938510 0.151040 8.853823 -0.724792 56.800842 -29.388428 315.70 315.70 11.9 11.9 0.019 -0.013 0.0000 0.0000 0.0000 0.0000 0.000000 -0.560497 11.93 490 720 0.04 -0.27 0.0000 0.0000
1.413 2 5.674790 0.107886 8.616474 -2.357483 51.559448 -38.528442 311.45 311.45 11.9 11.9 0.019 0.006 0.0000 0.0000 0.0000 0.0000 0.000000 -0.557885 11.93 490 720 0.03 -0.25 0.0000 0.0000
1.423 2 5.260029 0.167822 8.578115 -5.523682 47.744751 -43.319702 309.80 309.80 11.9 11.9 0.019 -0.000 0.0000 0.0000 0.0000 0.0000 0.000000 -0.552112 11.93 490 720 0.03 0.12 0.0000 0.0000
1.433 2 4.675049 0.239746 8.635654 -8.422852 46.356201 -43.212891 314.26 314.26 11.9 11.9 0.025 -0.000 0.0000 0.0000 0.0000 0.0000 0.000000 -0.538980 11.93 490 720 0.02 0.82 0.0000 0.0000
1.443 2 4.173979 0.141450 8.422280 -10.917664 47.904968 -39.085388 324.86 324.86 12.0 12.0 -0.006 -0.019 0.0000 0.0000 0.0000 0.0000 0.000000 -0.519958 11.96 490 710 -0.00 1.36 0.0000 0.0000
1.453 2 3.732846 0.261323 8.465434 -15.174866 50.689697 -32.554626 339.93 339.93 11.9 11.9 -0.019 -0.006 0.0000 0.0000 0.0000 0.0000 0.000000 -0.498400 11.93 490 720 -0.03 1.96 0.0000 0.0000
1.463 2 3.421177 0.069526 8.484614 -20.660400 54.397583 -25.108337 361.00 361.00 11.9 11.9 -0.006 -0.025 0.0000 0.0000 0.0000 0.0000 0.000000 -0.472759 11.93 490 720 -0.05 2.47 0.0000 0.0000
1.473 2 3.267739 -0.254131 9.028837 -23.918152 59.585571 -18.302917 388.37 388.37 11.9 11.9 -0.006 -0.013 0.0000 0.0000 0.0000 0.0000 0.000000 -0.443361 11.93 490 720 -0.08 3.06 0.0000 0.0000
1.483 2 3.636948 -0.067129 9.398046 -23.506165 69.335938 -12.779236 417.61 417.62 11.9 11.9 -0.013 0.006 0.0000 0.0000 0.0000 0.0000 0.000000 -0.417207 11.94 490 720 -0.11 2.89 0.0000 0.0000
1.493 2 4.298647 0.474697 8.657231 -21.865845 76.934814 -9.185791 440.57 440.57 11.9 11.9 -0.013 0.006 0.0000 0.0000 0.0000 0.0000 0.000000 -0.404912 11.93 490 710 -0.12 1.87 0.0000 0.0000
1.503 2 4.984321 0.817534 8.741142 -19.500732 72.891235 -9.071350 453.50 453.50 11.9 11.9 0.013 -0.013 0.0000 0.0000 0.0000 0.0000 0.000000 -0.408708 11.90 490 720 -0.11 1.03 0.0000 0.0000
1.513 2 5.382299 0.831919 9.268583 -17.189026 62.599182 -13.031006 461.01 461.01 11.9 11.9 0.019 -0.013 0.0000 0.0000 0.0000 0.0000 0.000000 -0.419060 11.93 490 720 -0.10 0.80 0.0000 0.0000
1.523 2 5.461416 0.851099 9.215839 -12.924194 50.376892 -19.424438 466.41 466.41 11.9 11.9 0.000 0.006 0.0000 0.0000 0.0000 0.0000 0.000000 -0.430331 11.93 490 720 -0.09 0.50 0.0000 0.0000
1.533 2 5.221670 0.937407 9.107954 -9.056091 40.641785 -24.803162 470.75 470.75 12.0 12.0 0.013 0.013 0.0000 0.0000 0.0000 0.0000 0.000000 -0.440839 11.96 490 720 -0.08 0.57 0.0000 0.0000
1.543 2 4.838076 0.990151 9.239814 -6.347656 34.019470 -27.938843 477.94 477.94 11.9 11.9 -0.019 -0.006 0.0000 0.0000 0.0000 0.0000 0.000000 -0.445338 11.93 490 720 -0.08 0.99 0.0000 0.0000
1.553 2 4.480855 0.901445 9.441201 -4.707336 28.343201 -27.671814 489.40 489.40 12.0 12.0 0.025 -0.006 0.0000 0.0000 0.0000 0.0000 0.000000 -0.443077 11.96 490 720 -0.08 1.41 0.0000 0.0000
1.563 2 3.967798 0.714443 9.426816 -3.890991 23.101807 -25.459290 505.75 505.75 12.0 12.0 0.000 0.032 0.0000 0.0000 0.0000 0.0000 0.000000 -0.434515 11.96 490 720 -0.09 1.98 0.0000 0.0000
1.573 2 3.541050 0.767187 9.364482 -4.081726 20.103455 -21.316528 526.72 526.72 11.9 11.9 -0.013 0.006 0.0000 0.0000 0.0000 0.0000 0.000000 -0.421256 11.91 490 720 -0.10 2.41 0.0000 0.0000
1.583 2 3.159853 0.750405 9.407637 -6.134033 19.554138 -14.366150 552.64 552.64 11.9 11.9 -0.006 0.038 0.0000 0.0000 0.0000 0.0000 0.000000 -0.403690 11.93 490 720 -0.12 2.96 0.0000 0.0000
1.593 2 3.214995 0.644917 9.685741 -6.660461 21.026611 -6.217957 581.73 581.73 11.9 11.9 0.019 0.013 0.0000 0.0000 0.0000 0.0000 0.000000 -0.385275 11.88 490 720 -0.14 3.00 0.0000 0.0000
1.603 2 3.519473 0.896650 9.666562 -5.317688 22.842407 2.426147 609.55 609.56 11.9 11.9 -0.006 -0.000 0.0000 0.0000 0.0000 0.0000 0.000000 -0.372227 11.94 490 720 -0.15 2.69 0.0000 0.0000
1.613 2 4.063696 1.069268 9.395649 -3.013611 20.050049 8.033752 631.10 631.10 11.9 11.9 0.000 -0.000 0.0000 0.0000 0.0000 0.0000 0.000000 -0.370426 11.91 490 720 -0.15 1.94 0.0000 0.0000
1.623 2 4.504829 1.102832 9.443599 -0.144958 11.390686 9.696960 645.28 645.28 11.9 11.9 -0.025 0.019 0.0000 0.0000 0.0000 0.0000 0.000000 -0.379018 11.90 490 720 -0.14 1.30 0.0000 0.0000
1.633 2 4.838076 1.071665 9.448393 2.815247 1.060486 7.530212 654.50 654.50 11.9 11.9 0.006 -0.006 0.0000 0.0000 0.0000 0.0000 0.000000 -0.392800 11.94 490 710 -0.13 0.78 0.0000 0.0000
1.643 2 5.003501 1.047690 9.244609 6.187439 -8.964539 4.180908 658.88 658.88 11.9 11.9 0.025 0.019 0.0000 0.0000 0.0000 0.0000 0.000000 -0.410545 11.94 490 720 -0.11 0.40 0.0000 0.0000
1.653 2 4.981924 0.925420 9.441201 9.490967 -19.592285 1.068115 660.70 660.70 11.9 11.9 -0.006 -0.000 0.0000 0.0000 0.0000 0.0000 0.000000 -0.428327 11.94 490 720 -0.10 0.31 0.0000 0.0000
1.663 2 4.545586 0.565801 9.805614 12.092590 -30.136108 -1.892090 665.62 665.62 11.9 11.9 -0.019 0.025 0.0000 0.0000 0.0000 0.0000 0.000000 -0.438317 11.93 490 720 -0.09 0.87 0.0000 0.0000
1.673 2 3.886284 0.227759 9.688139 12.496948 -37.727356 -3.311157 676.43 676.43 11.9 11.9 0.006 0.006 0.0000 0.0000 0.0000 0.0000 0.000000 -0.438257 11.94 490 720 -0.09 1.46 0.0000 0.0000
1.683 2 3.298906 -0.033564 9.587446 9.750366 -39.855957 -2.182007 693.41 693.42 11.9 11.9 -0.019 -0.000 0.0000 0.0000 0.0000 0.0000 0.000000 -0.429729 11.93 490 720 -0.09 2.12 0.0000 0.0000
1.693 2 3.011211 -0.131860 9.815205 6.111145 -39.199829 -0.350952 716.41 716.41 11.9 11.9 0.000 0.025 0.0000 0.0000 0.0000 0.0000 0.000000 -0.414628 11.91 490 720 -0.11 2.57 0.0000 0.0000
1.703 2 2.946479 -0.163027 9.683345 1.121521 -36.567688 2.395630 741.91 741.91 11.9 11.9 -0.019 0.019 0.0000 0.0000 0.0000 0.0000 0.000000 -0.399058 11.93 490 720 -0.12 2.65 0.0000 0.0000
1.713 2 3.121494 0.002397 9.402842 -3.509521 -32.287598 5.973816 766.37 766.37 11.9 11.9 0.000 0.025 0.0000 0.0000 0.0000 0.0000 0.000000 -0.387943 11.94 490 720 -0.14 2.46 0.0000 0.0000
1.723 2 3.250957 0.172617 9.074389 -7.377625 -29.075623 9.063721 789.10 789.10 11.9 11.9 -0.019 -0.000 0.0000 0.0000 0.0000 0.0000 0.000000 -0.381379 11.93 490 720 -0.14 2.19 0.0000 0.0000
1.733 2 3.461933 0.414761 9.014453 -9.101868 -27.877808 11.711121 808.47 808.47 11.9 11.9 -0.013 -0.013 0.0000 0.0000 0.0000 0.0000 0.000000 -0.380698 11.93 490 720 -0.14 1.89 0.0000 0.0000
1.743 2 3.867104 0.649712 9.004863 -8.682251 -27.725220 14.129639 823.74 823.74 11.9 11.9 0.006 -0.000 0.0000 0.0000 0.0000 0.0000 0.000000 -0.385862 11.94 490 720 -0.14 1.36 0.0000 0.0000
1.753 2 4.296250 0.815137 8.947324 -7.209778 -29.197693 16.395569 832.71 832.71 11.9 11.9 0.006 -0.000 0.0000 0.0000 0.0000 0.0000 0.000000 -0.398668 11.91 490 720 -0.12 0.78 0.0000 0.0000
1.763 2 4.634292 1.004536 8.894580 -5.317688 -33.706665 16.914368 836.00 836.01 11.9 11.9 0.019 0.006 0.0000 0.0000 0.0000 0.0000 0.000000 -0.416835 11.93 490 720 -0.11 0.25 0.0000 0.0000
1.773 2 4.878833 1.023716 8.863413 -2.937317 -39.710999 16.929626 835.39 835.39 11.9 11.9 0.000 -0.000 0.0000 0.0000 0.0000 0.0000 0.000000 -0.436838 11.93 490 720 -0.09 -0.10 0.0000 0.0000
1.783 2 4.950757 0.932612 9.208647 0.000000 -45.654297 16.143799 833.32 833.32 11.9 11.9 0.000 0.013 0.0000 0.0000 0.0000 0.0000 0.000000 -0.454919 11.88 490 720 -0.07 -0.07 0.0000 0.0000
1.793 2 5.015488 0.647314 9.119941 2.220154 -52.047729 13.923645 830.76 830.76 12.0 12.0 -0.025 0.006 0.0000 0.0000 0.0000 0.0000 0.000000 -0.470258 11.96 490 720 -0.05 -0.23 0.0000 0.0000
1.803 2 4.689434 0.445928 9.129531 1.869202 -57.464600 11.497498 828.45 828.45 11.9 11.9 -0.044 -0.000 0.0000 0.0000 0.0000 0.0000 0.000000 -0.482207 11.88 490 710 -0.04 0.00 0.0000 0.0000
1.813 2 4.562368 0.203784 9.364482 0.923157 -59.814453 10.452271 829.24 829.24 12.0 12.0 -0.019 -0.000 0.0000 0.0000 0.0000 0.0000 0.000000 -0.487603 11.96 490 710 -0.04 0.29 0.0000 0.0000
1.823 2 4.423316 0.167822 9.261392 -1.014709 -59.715271 10.513306 831.35 831.35 11.9 11.9 0.000 -0.000 0.0000 0.0000 0.0000 0.0000 0.000000 -0.490215 11.94 490 720 -0.03 0.35 0.0000 0.0000
1.833 2 4.500034 0.292490 9.141519 -2.853394 -58.601379 11.795044 833.28 833.29 11.9 11.9 -0.006 0.006 0.0000 0.0000 0.0000 0.0000 0.000000 -0.492563 11.91 490 710 -0.03 0.25 0.0000 0.0000
1.843 2 4.682241 0.462710 9.057607 -4.379272 -56.877136 13.824463 833.78 833.78 12.0 12.0 -0.038 0.006 0.0000 0.0000 0.0000 0.0000 0.000000 -0.496504 11.96 490 720 -0.03 0.02 0.0000 0.0000
1.853 2 4.828486 0.534634 8.904170 -5.569458 -55.084229 15.075684 831.31 831.31 12.0 12.0 -0.013 -0.000 0.0000 0.0000 0.0000 0.0000 0.000000 -0.503772 11.96 490 720 -0.02 -0.29 0.0000 0.0000
1.863 2 5.082617 0.520249 8.863413 -5.180359 -53.794861 15.144348 826.52 826.52 11.9 11.9 0.000 0.013 0.0000 0.0000 0.0000 0.0000 0.000000 -0.512847 11.94 490 720 -0.01 -0.58 0.0000 0.0000
1.873 2 5.319966 0.640122 8.650039 -3.952026 -53.276062 14.259338 818.27 818.27 11.9 11.9 -0.038 -0.025 0.0000 0.0000 0.0000 0.0000 0.000000 -0.524977 11.94 490 720 0.00 -0.94 0.0000 0.0000
1.883 2 5.542930 0.700059 8.602090 -2.418518 -53.596497 12.580872 806.30 806.30 11.9 11.9 0.006 -0.019 0.0000 0.0000 0.0000 0.0000 0.000000 -0.539852 11.93 490 720 0.02 -1.23 0.0000 0.0000
1.893 2 5.804253 0.829521 8.530166 0.595093 -54.420471 11.016846 790.94 790.94 11.9 11.9 0.000 0.013 0.0000 0.0000 0.0000 0.0000 0.000000 -0.556547 11.90 490 720 0.03 -1.61 0.0000 0.0000
1.903 2 5.880971 1.014126 8.343163 4.112244 -56.419373 9.613037 772.16 772.16 11.9 11.9 -0.006 0.006 0.0000 0.0000 0.0000 0.0000 0.000000 -0.574745 11.94 490 720 0.05 -1.93 0.0000 0.0000
1.913 2 5.883369 0.707251 8.419883 7.362366 -58.341980 8.384705 752.56 752.56 11.9 11.9 0.013 -0.006 0.0000 0.0000 0.0000 0.0000 0.000000 -0.590448 11.93 490 720 0.07 -1.83 0.0000 0.0000
1.923 2 5.665200 0.433940 8.439062 8.483887 -59.913635 6.645203 734.67 734.67 11.9 11.9 -0.006 0.006 0.0000 0.0000 0.0000 0.0000 0.000000 -0.600791 11.93 490 720 0.08 -1.59 0.0000 0.0000
1.933 2 5.530942 0.201387 8.429472 6.813049 -59.700012 5.035400 718.06 718.06 11.9 11.9 0.006 -0.006 0.0000 0.0000 0.0000 0.0000 0.000000 -0.607419 11.93 490 720 0.08 -1.51 0.0000 0.0000
1.943 2 5.394287 0.127065 8.259253 4.783630 -56.602478 4.150391 702.11 702.11 11.9 11.9 0.013 -0.006 0.0000 0.0000 0.0000 0.0000 0.000000 -0.611871 11.94 490 720 0.09 -1.49 0.0000 0.0000
1.953 2 5.595674 0.100693 8.371933 4.135132 -51.170349 3.448486 686.66 686.66 12.0 12.0 -0.019 -0.006 0.0000 0.0000 0.0000 0.0000 0.000000 -0.614824 11.96 490 720 0.09 -1.51 0.0000 0.0000
1.963 2 5.770689 0.222964 8.216099 4.348755 -45.486450 2.845764 669.45 669.45 11.9 11.9 -0.006 0.006 0.0000 0.0000 0.0000 0.0000 0.000000 -0.619704 11.93 490 720 0.10 -1.73 0.0000 0.0000
1.973 2 5.813843 0.304478 7.926006 4.287720 -42.182922 1.152039 649.14 649.15 11.9 11.9 0.013 -0.044 0.0000 0.0000 0.0000 0.0000 0.000000 -0.627895 11.93 490 720 0.10 -2.02 0.0000 0.0000
1.983 2 5.871382 0.314067 7.729414 3.799438 -39.001465 -0.869751 626.57 626.57 11.9 11.9 0.006 0.006 0.0000 0.0000 0.0000 0.0000 0.000000 -0.637609 11.93 490 720 0.11 -2.22 0.0000 0.0000
1.993 2 5.864189 0.421953 7.597553 3.662109 -34.706116 -2.502441 603.45 603.46 11.9 11.9 0.000 -0.013 0.0000 0.0000 0.0000 0.0000 0.000000 -0.646186 11.90 490 720 0.12 -2.26 0.0000 0.0000
2.003 2 5.840215 0.357222 7.657490 4.852295 -29.670715 -4.447937 580.90 580.90 11.9 11.9 0.006 -0.000 0.0000 0.0000 0.0000 0.0000 0.000000 -0.652273 11.93 490 720 0.13 -2.11 0.0000 0.0000
2.013 2 5.856997 0.405171 7.631118 6.118774 -23.841858 -5.691528 559.21 559.21 11.9 11.9 0.000 -0.000 0.0000 0.0000 0.0000 0.0000 0.000000 -0.656017 11.94 490 720 0.13 -2.09 0.0000 0.0000
2.023 2 5.916934 0.546621 7.350615 7.743835 -18.554688 -5.844116 536.24 536.24 11.9 11.9 0.013 -0.032 0.0000 0.0000 0.0000 0.0000 0.000000 -0.660869 11.93 490 720 0.14 -2.31 0.0000 0.0000
2.033 2 5.945703 0.436338 7.453706 8.293152 -14.251709 -5.828857 512.44 512.44 11.9 11.9 -0.013 0.013 0.0000 0.0000 0.0000 0.0000 0.000000 -0.665871 11.93 490 720 0.14 -2.24 0.0000 0.0000
2.043 2 6.082358 0.438735 7.424936 7.972717 -10.856628 -5.477905 488.49 488.49 11.9 11.9 -0.019 0.006 0.0000 0.0000 0.0000 0.0000 0.000000 -0.670151 11.93 490 720 0.15 -2.33 0.0000 0.0000
2.053 2 6.020024 0.400376 7.410552 7.125854 -8.293152 -5.180359 464.34 464.34 11.9 11.9 0.006 0.019 0.0000 0.0000 0.0000 0.0000 0.000000 -0.673887 11.90 490 720 0.15 -2.27 0.0000 0.0000
2.063 2 5.967280 0.105488 7.643105 4.890442 -5.249023 -4.981995 441.96 441.96 12.0 12.0 0.044 -0.006 0.0000 0.0000 0.0000 0.0000 0.000000 -0.674390 11.98 490 720 0.15 -2.01 0.0000 0.0000
2.073 2 5.830625 0.139053 7.525630 1.495361 -1.579285 -5.134583 420.80 420.80 12.0 12.0 0.019 -0.019 0.0000 0.0000 0.0000 0.0000 0.000000 -0.673162 11.96 490 720 0.15 -1.90 0.0000 0.0000
2.083 2 5.679585 0.136655 7.537617 -2.784729 2.601624 -4.821777 401.61 401.61 12.0 12.0 0.019 0.006 0.0000 0.0000 0.0000 0.0000 0.000000 -0.669425 11.96 490 720 0.15 -1.69 0.0000 0.0000
2.093 2 5.701162 0.299683 7.456103 -5.401611 7.659912 -4.753113 383.89 383.89 11.9 11.9 0.044 -0.000 0.0000 0.0000 0.0000 0.0000 0.000000 -0.664458 11.94 490 720 0.14 -1.71 0.0000 0.0000
2.103 2 5.693970 0.481890 7.386577 -6.492615 13.404846 -4.066467 366.25 366.25 12.0 12.0 0.000 -0.025 0.0000 0.0000 0.0000 0.0000 0.000000 -0.660324 11.99 490 720 0.14 -1.69 0.0000 0.0000
2.113 2 5.588481 0.529839 7.422539 -5.737305 19.233704 -3.890991 349.43 349.43 11.9 11.9 0.013 -0.019 0.0000 0.0000 0.0000 0.0000 0.000000 -0.655816 11.88 490 720 0.13 -1.50 0.0000 0.0000
2.123 2 5.705957 0.606558 7.547207 -4.943848 25.398254 -4.234314 334.73 334.73 11.9 11.9 -0.006 -0.013 0.0000 0.0000 0.0000 0.0000 0.000000 -0.649284 11.93 490 720 0.13 -1.42 0.0000 0.0000
2.133 2 5.845010 0.774380 7.484873 -4.005432 31.112671 -5.287170 319.05 319.05 11.9 11.9 -0.038 -0.013 0.0000 0.0000 0.0000 0.0000 0.000000 -0.645411 11.93 490 720 0.12 -1.54 0.0000 0.0000
2.143 2 6.039204 0.810342 7.681465 -1.945496 35.232544 -7.858276 302.16 302.16 11.9 11.9 0.000 0.025 0.0000 0.0000 0.0000 0.0000 0.000000 -0.643913 11.94 490 720 0.12 -1.58 0.0000 0.0000
2.153 2 6.293335 0.899048 7.791748 1.091003 37.086487 -11.268616 284.60 284.60 11.9 11.9 0.013 -0.006 0.0000 0.0000 0.0000 0.0000 0.000000 -0.643646 11.90 490 720 0.12 -1.71 0.0000 0.0000
2.163 2 6.480337 0.932612 7.854082 3.387451 36.293030 -15.007019 265.43 265.43 11.9 11.9 0.013 0.006 0.0000 0.0000 0.0000 0.0000 0.000000 -0.645625 11.94 490 720 0.12 -1.82 0.0000 0.0000
2.173 2 6.365259 0.831919 8.033892 5.050659 33.996582 -18.653870 246.83 246.83 12.0 12.0 0.006 -0.019 0.0000 0.0000 0.0000 0.0000 0.000000 -0.646330 11.96 490 720 0.12 -1.65 0.0000 0.0000
2.183 2 6.063179 0.786367 8.127393 4.531860 32.371521 -20.904541 231.42 231.42 11.9 11.9 0.006 -0.006 0.0000 0.0000 0.0000 0.0000 0.000000 -0.642554 11.93 490 720 0.12 -1.31 0.0000 0.0000
2.193 2 5.775483 0.635327 8.021904 2.929688 33.157349 -21.301270 218.81 218.81 11.9 11.9 0.019 -0.000 0.0000 0.0000 0.0000 0.0000 0.000000 -0.635635 11.93 490 720 0.11 -1.03 0.0000 0.0000
2.203 2 5.463813 0.656904 8.105815 1.457214 35.812378 -20.034790 210.36 210.36 11.9 11.9 -0.006 -0.000 0.0000 0.0000 0.0000 0.0000 0.000000 -0.624278 11.93 490 720 0.10 -0.58 0.0000 0.0000
2.213 2 5.267221 0.625737 8.304805 0.305176 39.627075 -17.829895 205.88 205.88 11.9 11.9 0.013 0.019 0.0000 0.0000 0.0000 0.0000 0.000000 -0.609673 11.93 490 720 0.09 -0.16 0.0000 0.0000
2.223 2 5.015488 0.700059 8.196918 -0.892639 44.059753 -15.029907 204.20 204.20 11.9 11.9 -0.013 -0.013 0.0000 0.0000 0.0000 0.0000 0.000000 -0.594048 11.93 490 720 0.07 0.04 0.0000 0.0000
2.233 2 4.972334 0.640122 8.158559 -1.800537 48.164368 -13.290405 204.51 204.51 11.9 11.9 0.000 -0.006 0.0000 0.0000 0.0000 0.0000 0.000000 -0.578692 11.93 490 720 0.06 0.21 0.0000 0.0000
2.243 2 4.725395 0.429145 8.074648 -2.616882 52.986145 -13.053894 207.07 207.07 11.9 11.9 0.019 -0.000 0.0000 0.0000 0.0000 0.0000 0.000000 -0.563161 11.93 490 720 0.04 0.51 0.0000 0.0000
2.253 2 4.375366 0.225361 8.053071 -3.372192 58.692932 -13.473511 212.70 212.70 11.9 11.9 -0.013 0.019 0.0000 0.0000 0.0000 0.0000 0.000000 -0.546354 11.91 490 720 0.02 0.93 0.0000 0.0000
2.263 2 4.070889 -0.033564 8.290420 -5.378723 64.811707 -14.480591 224.21 224.21 11.9 11.9 -0.019 -0.000 0.0000 0.0000 0.0000 0.0000 0.000000 -0.524594 11.93 490 710 0.00 1.59 0.0000 0.0000
2.273 2 4.145210 -0.067129 8.568525 -7.423401 72.547913 -14.503479 240.38 240.38 11.9 11.9 0.006 -0.013 0.0000 0.0000 0.0000 0.0000 0.000000 -0.500733 11.88 490 720 -0.02 1.79 0.0000 0.0000
2.283 2 4.485649 0.294888 8.642846 -9.490967 81.008911 -14.053345 256.70 256.70 11.9 11.9 0.000 -0.019 0.0000 0.0000 0.0000 0.0000 0.000000 -0.481349 11.93 490 720 -0.04 1.57 0.0000 0.0000
2.293 2 5.041860 0.745610 8.427075 -9.506226 83.282471 -13.732910 267.81 267.81 11.9 11.9 0.006 0.013 0.0000 0.0000 0.0000 0.0000 0.000000 -0.472961 11.93 490 720 -0.05 0.84 0.0000 0.0000
2.303 2 5.430249 1.141191 8.640449 -7.331848 79.261780 -14.404297 272.62 272.62 11.9 11.9 -0.032 -0.019 0.0000 0.0000 0.0000 0.0000 0.000000 -0.474728 11.91 490 720 -0.05 0.49 0.0000 0.0000
2.313 2 5.406274 1.198730 8.851425 -3.242493 72.708130 -16.418457 276.14 276.14 12.0 12.0 -0.006 -0.006 0.0000 0.0000 0.0000 0.0000 0.000000 -0.477862 11.96 490 720 -0.05 0.50 0.0000 0.0000
2.323 2 5.173720 0.970972 8.875401 -0.518799 66.871643 -18.684387 281.41 281.41 11.9 11.9 -0.013 0.019 0.0000 0.0000 0.0000 0.0000 0.000000 -0.477943 11.94 490 720 -0.05 0.71 0.0000 0.0000
2.333 2 4.713408 0.697661 8.925747 -0.129700 63.774109 -19.935608 290.79 290.79 11.9 11.9 0.006 0.013 0.0000 0.0000 0.0000 0.0000 0.000000 -0.472290 11.93 490 720 -0.05 1.26 0.0000 0.0000
2.343 2 4.224326 0.457915 9.098364 -2.204895 62.202454 -19.935608 306.32 306.32 11.9 11.9 -0.006 -0.000 0.0000 0.0000 0.0000 0.0000 0.000000 -0.459245 11.94 490 720 -0.06 1.89 0.0000 0.0000
2.353 2 3.883887 0.409966 9.270981 -5.241394 62.637329 -19.111633 327.30 327.30 12.0 12.0 0.025 -0.006 0.0000 0.0000 0.0000 0.0000 0.000000 -0.441239 11.96 490 720 -0.08 2.42 0.0000 0.0000
2.363 2 3.752026 0.534634 9.261392 -7.736206 63.507080 -15.846252 351.48 351.48 11.9 11.9 0.019 0.019 0.0000 0.0000 0.0000 0.0000 0.000000 -0.422361 11.90 490 720 -0.10 2.64 0.0000 0.0000
2.373 2 3.723257 0.654507 9.268583 -9.468079 63.285828 -11.024475 376.83 376.83 11.9 11.9 0.025 0.032 0.0000 0.0000 0.0000 0.0000 0.000000 -0.405505 11.93 490 720 -0.12 2.67 0.0000 0.0000
2.383 2 3.699282 0.652109 9.232622 -11.039734 62.515259 -5.531311 403.17 403.17 11.9 11.9 -0.057 0.006 0.0000 0.0000 0.0000 0.0000 0.000000 -0.390519 11.91 490 720 -0.13 2.72 0.0000 0.0000
2.393 2 3.656128 0.680879 9.244609 -11.619568 61.645508 -0.511169 429.77 429.77 11.9 11.9 -0.006 -0.000 0.0000 0.0000 0.0000 0.0000 0.000000 -0.378047 11.93 490 720 -0.15 2.79 0.0000 0.0000
2.403 2 3.809565 0.611353 9.273378 -12.161255 60.981750 2.471924 455.33 455.33 11.9 11.9 0.000 -0.013 0.0000 0.0000 0.0000 0.0000 0.000000 -0.369463 11.93 490 720 -0.15 2.58 0.0000 0.0000
2.413 2 4.313032 0.733623 9.537099 -11.863708 59.059143 2.532959 478.02 478.02 11.9 11.9 0.000 0.006 0.0000 0.0000 0.0000 0.0000 0.000000 -0.366527 11.93 490 720 -0.16 2.15 0.0000 0.0000
2.423 2 4.876435 0.987754 9.484355 -9.361267 52.246094 -0.541687 494.04 494.04 11.9 11.9 0.000 0.013 0.0000 0.0000 0.0000 0.0000 0.000000 -0.373413 11.94 490 710 -0.15 1.37 0.0000 0.0000
2.433 2 4.972334 1.148384 9.453188 -5.294800 39.665222 -6.370544 504.57 504.57 11.9 11.9 -0.013 -0.019 0.0000 0.0000 0.0000 0.0000 0.000000 -0.386398 11.93 490 720 -0.14 1.09 0.0000 0.0000
2.443 2 4.651074 1.033306 9.724101 -0.961304 27.145386 -11.695862 515.68 515.68 11.9 11.9 -0.019 -0.006 0.0000 0.0000 0.0000 0.0000 0.000000 -0.395982 11.93 490 720 -0.13 1.36 0.0000 0.0000
2.453 2 4.265083 0.925420 9.673755 2.159119 18.165588 -13.877869 529.66 529.67 11.9 11.9 -0.025 0.019 0.0000 0.0000 0.0000 0.0000 0.000000 -0.399757 11.93 490 720 -0.12 1.67 0.0000 0.0000
2.463 2 3.876694 0.652109 9.724101 2.998352 11.520386 -12.550354 547.20 547.20 11.9 11.9 -0.019 0.013 0.0000 0.0000 0.0000 0.0000 0.000000 -0.397900 11.93 490 720 -0.13 2.10 0.0000 0.0000
2.473 2 3.531460 0.402773 9.808012 1.457214 5.958557 -8.880615 569.93 569.93 11.9 11.9 0.019 -0.000 0.0000 0.0000 0.0000 0.0000 0.000000 -0.389265 11.93 490 720 -0.13 2.51 0.0000 0.0000
2.483 2 3.078340 0.196592 9.750473 -1.296997 1.892090 -4.562378 596.42 596.42 11.9 11.9 -0.025 -0.000 0.0000 0.0000 0.0000 0.0000 0.000000 -0.377122 11.93 490 720 -0.15 2.94 0.0000 0.0000
2.493 2 2.852978 0.117476 9.597035 -5.973816 0.297546 -0.007629 626.21 626.21 11.9 11.9 0.000 0.006 0.0000 0.0000 0.0000 0.0000 0.000000 -0.362795 11.93 490 720 -0.16 3.22 0.0000 0.0000
2.503 2 2.852978 0.143848 9.525112 -8.850098 1.670837 5.317688 657.37 657.37 11.9 11.9 -0.006 -0.000 0.0000 0.0000 0.0000 0.0000 0.000000 -0.349356 11.93 490 720 -0.17 3.23 0.0000 0.0000
2.513 2 3.095122 0.357222 9.467573 -10.414124 4.188538 9.956360 687.57 687.57 11.9 11.9 -0.006 0.019 0.0000 0.0000 0.0000 0.0000 0.000000 -0.339931 11.93 490 720 -0.18 2.94 0.0000 0.0000
2.523 2 3.332471 0.505864 9.258994 -10.650635 3.974915 12.519836 713.80 713.80 11.9 11.9 0.019 0.006 0.0000 0.0000 0.0000 0.0000 0.000000 -0.337771 11.93 490 720 -0.19 2.57 0.0000 0.0000
2.533 2 3.603384 0.611353 9.434009 -9.330750 0.762939 11.474609 736.99 736.99 11.9 11.9 0.006 0.006 0.0000 0.0000 0.0000 0.0000 0.000000 -0.340166 11.93 490 720 -0.18 2.30 0.0000 0.0000
2.543 2 3.641743 0.702456 9.386059 -7.072449 -2.655029 8.987427 757.36 757.36 11.9 11.9 -0.019 -0.013 0.0000 0.0000 0.0000 0.0000 0.000000 -0.345951 11.93 490 720 -0.18 2.11 0.0000 0.0000
2.553 2 3.548242 0.592173 9.477162 -4.592896 -5.180359 4.646301 778.07 778.07 11.9 11.9 -0.013 -0.000 0.0000 0.0000 0.0000 0.0000 0.000000 -0.350106 11.93 490 720 -0.17 2.25 0.0000 0.0000
2.563 2 3.483511 0.520249 9.534702 -2.845764 -6.637573 1.304626 799.56 799.56 11.9 11.9 0.013 -0.013 0.0000 0.0000 0.0000 0.0000 0.000000 -0.352410 11.93 490 720 -0.17 2.32 0.0000 0.0000
2.573 2 3.471523 0.489082 9.561074 -2.593994 -7.667542 -1.136780 821.34 821.34 11.9 11.9 -0.019 0.013 0.0000 0.0000 0.0000 0.0000 0.000000 -0.353864 11.93 490 720 -0.17 2.36 0.0000 0.0000
2.583 2 3.464331 0.544224 9.700127 -2.555847 -8.880615 -2.326965 844.23 844.23 11.9 11.9 0.000 -0.000 0.0000 0.0000 0.0000 0.0000 0.000000 -0.353506 11.93 490 720 -0.17 2.42 0.0000 0.0000
2.593 2 3.505088 0.556211 9.712114 -1.976013 -10.597229 -1.960754 866.74 866.74 11.9 11.9 -0.044 0.038 0.0000 0.0000 0.0000 0.0000 0.000000 -0.353797 11.93 490 720 -0.17 2.33 0.0000 0.0000
2.603 2 3.605781 0.712046 9.791230 -1.502991 -12.535095 -0.709534 888.70 888.70 11.9 11.9 -0.019 0.032 0.0000 0.0000 0.0000 0.0000 0.000000 -0.354760 11.93 490 720 -0.17 2.26 0.0000 0.0000
2.613 2 3.713667 0.712046 9.709717 -0.968933 -14.274597 1.281738 909.16 909.16 11.9 11.9 -0.025 0.013 0.0000 0.0000 0.0000 0.0000 0.000000 -0.357660 11.93 490 720 -0.17 2.05 0.0000 0.0000
2.623 2 3.876694 0.798354 9.786435 -0.282288 -17.646790 3.318787 927.66 927.66 11.9 11.9 -0.019 -0.013 0.0000 0.0000 0.0000 0.0000 0.000000 -0.362698 11.93 490 720 -0.16 1.84 0.0000 0.0000
2.633 2 3.943823 0.815137 9.625805 0.701904 -22.262573 4.592896 943.66 943.66 11.9 11.9 0.006 0.013 0.0000 0.0000 0.0000 0.0000 0.000000 -0.370213 11.93 490 720 -0.15 1.66 0.0000 0.0000
2.643 2 4.027734 0.827124 9.520317 1.701355 -27.137756 5.966187 957.53 957.53 11.9 11.9 -0.013 0.038 0.0000 0.0000 0.0000 0.0000 0.000000 -0.379180 11.93 490 720 -0.14 1.44 0.0000 0.0000
2.653 2 4.046914 0.757598 9.597035 2.471924 -31.059265 7.858276 970.51 970.51 11.9 11.9 0.000 0.013 0.0000 0.0000 0.0000 0.0000 0.000000 -0.387648 11.93 490 720 -0.14 1.38 0.0000 0.0000
2.663 2 4.042119 0.800752 9.568266 2.937317 -35.301208 10.337830 982.53 982.53 11.9 11.9 -0.025 0.013 0.0000 0.0000 0.0000 0.0000 0.000000 -0.395798 11.93 490 720 -0.13 1.33 0.0000 0.0000
2.673 2 4.078081 0.812739 9.455585 2.853394 -39.138794 13.847351 993.60 993.60 11.9 11.9 -0.006 -0.000 0.0000 0.0000 0.0000 0.0000 0.000000 -0.403713 11.93 490 720 -0.12 1.18 0.0000 0.0000
2.683 2 4.147607 0.702456 9.364482 3.303528 -41.763306 17.303467 1004.05 1004.05 11.9 11.9 -0.019 0.006 0.0000 0.0000 0.0000 0.0000 0.000000 -0.410960 11.93 490 720 -0.11 1.03 0.0000 0.0000
2.693 2 4.150005 0.508262 9.429214 3.417969 -44.342041 19.058228 1013.26 1013.26 11.9 11.9 0.006 0.013 0.0000 0.0000 0.0000 0.0000 0.000000 -0.418507 11.93 490 720 -0.11 1.03 0.0000 0.0000
2.703 2 4.262685 0.462710 9.426816 3.547668 -46.829224 19.844055 1021.93 1021.93 11.9 11.9 0.006 -0.013 0.0000 0.0000 0.0000 0.0000 0.000000 -0.425376 11.93 490 720 -0.10 0.85 0.0000 0.0000
2.713 2 4.502431 0.503467 9.333315 2.357483 -49.209595 19.760132 1027.69 1027.69 11.9 11.9 0.000 0.019 0.0000 0.0000 0.0000 0.0000 0.000000 -0.434988 11.93 490 720 -0.09 0.51 0.0000 0.0000
2.723 2 4.588740 0.405171 9.268583 0.877380 -52.886963 18.760681 1030.44 1030.44 11.9 11.9 -0.006 -0.000 0.0000 0.0000 0.0000 0.0000 0.000000 -0.446861 11.93 490 710 -0.08 0.31 0.0000 0.0000
2.733 2 4.615112 0.395581 9.261392 0.076294 -56.251526 16.914368 1031.92 1031.92 11.9 11.9 0.006 -0.013 0.0000 0.0000 0.0000 0.0000 0.000000 -0.458180 11.93 490 710 -0.07 0.20 0.0000 0.0000
2.743 2 4.593535 0.558608 8.968901 -0.946045 -58.044434 15.510559 1032.57 1032.57 11.9 11.9 -0.025 -0.006 0.0000 0.0000 0.0000 0.0000 0.000000 -0.468488 11.93 490 710 -0.06 0.08 0.0000 0.0000
2.753 2 4.634292 0.474697 9.093569 -0.267029 -58.868408 14.450073 1031.80 1031.80 12.0 12.0 0.013 0.006 0.0000 0.0000 0.0000 0.0000 0.000000 -0.478718 11.96 490 710 -0.04 0.06 0.0000 0.0000
2.763 2 4.646279 0.592173 9.057607 0.236511 -59.707642 13.366699 1031.51 1031.51 11.9 11.9 0.006 -0.000 0.0000 0.0000 0.0000 0.0000 0.000000 -0.486329 11.93 490 710 -0.04 0.03 0.0000 0.0000
2.773 2 4.775742 0.611353 8.985683 0.602722 -59.432983 12.779236 1029.87 1029.87 11.9 11.9 0.006 -0.013 0.0000 0.0000 0.0000 0.0000 0.000000 -0.494383 11.90 490 720 -0.03 -0.18 0.0000 0.0000
2.783 2 4.938769 0.649712 9.043222 1.747131 -58.395386 11.688232 1026.26 1026.26 11.9 11.9 0.019 -0.006 0.0000 0.0000 0.0000 0.0000 0.000000 -0.503621 11.93 490 720 -0.02 -0.35 0.0000 0.0000
2.793 2 5.063437 0.805547 8.906568 3.715515 -58.067322 9.963989 1020.41 1020.41 11.9 11.9 0.000 0.019 0.0000 0.0000 0.0000 0.0000 0.000000 -0.514176 11.93 490 720 -0.01 -0.57 0.0000 0.0000
2.803 2 5.041860 0.786367 8.846631 6.416321 -58.502197 7.789612 1013.18 1013.18 11.9 11.9 -0.013 -0.006 0.0000 0.0000 0.0000 0.0000 0.000000 -0.524517 11.90 490 720 0.00 -0.60 0.0000 0.0000
2.813 2 5.168926 0.628135 8.760322 8.674622 -58.235168 5.493164 1005.41 1005.41 11.9 11.9 0.006 0.006 0.0000 0.0000 0.0000 0.0000 0.000000 -0.533681 11.93 490 720 0.01 -0.78 0.0000 0.0000
2.823 2 5.190503 0.666494 8.647641 10.353088 -57.235718 3.471375 996.04 996.04 11.9 11.9 -0.013 0.013 0.0000 0.0000 0.0000 0.0000 0.000000 -0.543279 11.91 490 720 0.02 -0.91 0.0000 0.0000
2.833 2 5.046655 0.546621 8.578115 11.703491 -56.098938 0.953674 986.46 986.46 11.9 11.9 -0.019 0.025 0.0000 0.0000 0.0000 0.0000 0.000000 -0.551259 11.93 490 720 0.03 -0.77 0.0000 0.0000
2.843 2 4.854858 0.472300 8.578115 12.489319 -54.664612 -0.984192 979.30 979.30 11.9 11.9 0.038 0.006 0.0000 0.0000 0.0000 0.0000 0.000000 -0.554354 11.93 490 720 0.03 -0.51 0.0000 0.0000
2.853 2 4.845268 0.513057 8.628462 12.504578 -50.399780 -1.579285 973.54 973.54 11.9 11.9 0.013 0.025 0.0000 0.0000 0.0000 0.0000 0.000000 -0.554987 11.94 490 720 0.03 -0.46 0.0000 0.0000
2.863 2 4.830884 0.503467 8.443857 12.016296 -44.425964 -1.106262 967.54 967.54 11.9 11.9 0.000 -0.000 0.0000 0.0000 0.0000 0.0000 0.000000 -0.555842 11.91 490 720 0.03 -0.52 0.0000 0.0000
2.873 2 5.056245 0.496274 8.439062 12.535095 -40.046692 -1.228333 960.79 960.79 11.9 11.9 -0.032 0.006 0.0000 0.0000 0.0000 0.0000 0.000000 -0.557594 11.90 490 720 0.03 -0.69 0.0000 0.0000
2.883 2 5.120976 0.589775 8.196918 13.000488 -37.757874 -1.525879 951.70 951.70 11.9 11.9 -0.032 0.006 0.0000 0.0000 0.0000 0.0000 0.000000 -0.562256 11.94 490 720 0.04 -0.90 0.0000 0.0000
2.893 2 5.262426 0.390786 8.244868 12.443542 -34.835815 -2.326965 941.04 941.04 11.9 11.9 -0.006 0.013 0.0000 0.0000 0.0000 0.0000 0.000000 -0.568134 11.94 490 720 0.04 -1.03 0.0000 0.0000
2.903 2 5.423057 0.376401 8.314394 12.390137 -31.677246 -4.364014 929.67 929.67 11.9 11.9 -0.006 0.025 0.0000 0.0000 0.0000 0.0000 0.000000 -0.573868 11.93 490 720 0.05 -1.13 0.0000 0.0000
2.913 2 5.789868 0.537031 8.316792 12.733459 -30.113220 -7.362366 915.43 915.43 11.9 11.9 -0.025 -0.006 0.0000 0.0000 0.0000 0.0000 0.000000 -0.582559 11.91 490 720 0.06 -1.53 0.0000 0.0000
2.923 2 6.020024 0.546621 8.386318 13.008118 -30.883789 -10.932922 897.31 897.31 11.9 11.9 0.013 -0.006 0.0000 0.0000 0.0000 0.0000 0.000000 -0.594840 11.94 490 720 0.07 -1.75 0.0000 0.0000
2.933 2 6.077563 0.644917 8.244868 13.442993 -33.355713 -14.320374 877.38 877.38 11.9 11.9 0.025 -0.025 0.0000 0.0000 0.0000 0.0000 0.000000 -0.607257 11.88 490 720 0.08 -1.92 0.0000 0.0000
2.943 2 6.003242 0.616147 8.081841 13.938904 -35.537720 -15.541077 856.68 856.68 11.9 11.9 -0.006 0.013 0.0000 0.0000 0.0000 0.0000 0.000000 -0.618338 11.91 490 720 0.09 -2.00 0.0000 0.0000
2.953 2 5.708354 0.678481 8.009916 13.427734 -35.827637 -14.160156 836.63 836.63 11.9 11.9 0.000 -0.000 0.0000 0.0000 0.0000 0.0000 0.000000 -0.626315 11.94 490 720 0.10 -1.77 0.0000 0.0000
2.963 2 5.518955 0.472300 8.031494 11.993408 -34.568787 -10.887146 819.29 819.29 12.0 12.0 -0.006 -0.025 0.0000 0.0000 0.0000 0.0000 0.000000 -0.629032 11.98 490 720 0.11 -1.57 0.0000 0.0000
2.973 2 5.451826 0.489082 7.827710 9.391785 -31.532288 -6.126404 803.63 803.63 11.9 11.9 0.025 -0.006 0.0000 0.0000 0.0000 0.0000 0.000000 -0.628982 11.93 490 720 0.11 -1.52 0.0000 0.0000
2.983 2 5.430249 0.397979 7.801338 5.889893 -27.603149 -1.800537 787.93 787.93 11.9 11.9 0.019 -0.038 0.0000 0.0000 0.0000 0.0000 0.000000 -0.628951 11.94 490 720 0.11 -1.44 0.0000 0.0000
2.993 2 5.583686 0.505864 8.031494 2.593994 -23.628235 2.006531 772.56 772.56 12.0 12.0 0.006 0.019 0.0000 0.0000 0.0000 0.0000 0.000000 -0.628514 11.99 490 720 0.10 -1.47 0.0000 0.0000
3.003 2 5.854599 0.743213 7.674272 0.808716 -21.186829 4.905701 753.58 753.58 12.0 12.0 -0.019 0.006 0.0000 0.0000 0.0000 0.0000 0.000000 -0.633253 11.99 490 720 0.11 -2.01 0.0000 0.0000
3.013 2 6.180654 0.903843 7.870864 -0.740051 -20.637512 6.477356 731.42 731.42 12.0 12.0 0.025 0.006 0.0000 0.0000 0.0000 0.0000 0.000000 -0.641363 11.96 490 720 0.12 -2.18 0.0000 0.0000
3.023 2 6.343681 1.026113 7.810927 -0.503540 -21.713257 6.614685 707.33 707.33 11.9 11.9 0.006 0.006 0.0000 0.0000 0.0000 0.0000 0.000000 -0.650582 11.93 490 720 0.13 -2.43 0.0000 0.0000
3.033 2 6.372451 1.004536 7.782158 -0.068665 -23.277283 5.592346 681.76 681.76 11.9 11.9 0.000 -0.000 0.0000 0.0000 0.0000 0.0000 0.000000 -0.660020 11.91 490 720 0.14 -2.47 0.0000 0.0000
3.043 2 6.183052 0.877471 7.774966 0.144958 -23.437500 4.356384 656.70 656.70 11.9 11.9 0.000 0.013 0.0000 0.0000 0.0000 0.0000 0.000000 -0.666917 11.93 490 720 0.14 -2.37 0.0000 0.0000
3.053 2 6.000844 0.755200 7.765376 -0.831604 -21.156311 3.242493 633.15 633.15 11.9 11.9 0.006 -0.038 0.0000 0.0000 0.0000 0.0000 0.000000 -0.670384 11.90 490 720 0.15 -2.11 0.0000 0.0000
3.063 2 5.811445 0.757598 7.779760 -1.594543 -16.967773 2.433777 612.00 612.00 11.9 11.9 0.013 0.006 0.0000 0.0000 0.0000 0.0000 0.000000 -0.669888 11.94 490 720 0.15 -1.92 0.0000 0.0000
3.073 2 5.677187 0.795957 7.511245 -2.319336 -12.077332 1.579285 591.90 591.90 11.9 11.9 0.013 -0.000 0.0000 0.0000 0.0000 0.0000 0.000000 -0.668112 11.93 490 720 0.14 -1.90 0.0000 0.0000
3.083 2 5.482993 0.707251 7.403359 -3.257751 -5.538940 1.792908 573.22 573.22 12.0 12.0 -0.006 0.013 0.0000 0.0000 0.0000 0.0000 0.000000 -0.664662 11.96 490 720 0.14 -1.68 0.0000 0.0000
3.093 2 5.351133 0.702456 7.393769 -3.929138 2.388000 1.594543 557.15 557.15 11.9 11.9 -0.006 -0.006 0.0000 0.0000 0.0000 0.0000 0.000000 -0.658260 11.93 490 720 0.13 -1.39 0.0000 0.0000
3.103 2 5.192900 0.680879 7.329038 -4.432678 10.971069 0.610352 543.13 543.13 11.9 11.9 -0.006 -0.006 0.0000 0.0000 0.0000 0.0000 0.000000 -0.650282 11.93 490 720 0.13 -1.23 0.0000 0.0000
3.113 2 5.173720 0.728828 7.396167 -5.371094 19.828796 -0.427246 531.67 531.67 11.9 11.9 0.000 -0.013 0.0000 0.0000 0.0000 0.0000 0.000000 -0.640323 11.90 490 720 0.12 -0.97 0.0000 0.0000
3.123 2 5.439839 0.887061 7.501655 -5.737305 30.288696 -1.037598 519.95 519.95 11.9 11.9 0.025 -0.025 0.0000 0.0000 0.0000 0.0000 0.000000 -0.632687 11.93 490 720 0.11 -1.08 0.0000 0.0000
3.133 2 5.794663 1.117217 7.456103 -4.928589 37.979126 -1.693726 506.54 506.54 11.9 11.9 0.006 -0.006 0.0000 0.0000 0.0000 0.0000 0.000000 -0.628924 11.91 490 710 0.11 -1.41 0.0000 0.0000
3.143 2 6.039204 1.227500 7.504053 -3.257751 41.313171 -3.570557 490.27 490.27 11.9 11.9 0.032 -0.006 0.0000 0.0000 0.0000 0.0000 0.000000 -0.629755 11.93 490 720 0.11 -1.58 0.0000 0.0000
3.153 2 6.106333 1.157974 7.580771 -1.846313 41.740417 -6.698608 472.17 472.17 11.9 11.9 -0.013 -0.006 0.0000 0.0000 0.0000 0.0000 0.000000 -0.632941 11.90 490 720 0.11 -1.69 0.0000 0.0000
3.163 2 6.058383 0.956587 7.482475 -1.380920 42.175293 -10.383606 453.57 453.58 11.9 11.9 0.013 -0.019 0.0000 0.0000 0.0000 0.0000 0.000000 -0.636145 11.91 490 720 0.11 -1.68 0.0000 0.0000
3.173 2 5.763496 0.709648 7.705439 -1.266479 45.082092 -13.961792 438.67 438.67 12.0 12.0 0.006 -0.000 0.0000 0.0000 0.0000 0.0000 0.000000 -0.633545 11.96 490 720 0.11 -1.14 0.0000 0.0000
3.183 2 5.315171 0.426748 7.587964 -2.685547 49.652100 -16.929626 429.12 429.12 11.9 11.9 0.013 -0.000 0.0000 0.0000 0.0000 0.0000 0.000000 -0.624103 11.93 490 720 0.10 -0.66 0.0000 0.0000
3.193 2 4.852461 0.278105 7.772568 -5.790710 56.556702 -18.508911 425.87 425.88 11.9 11.9 0.006 -0.006 0.0000 0.0000 0.0000 0.0000 0.000000 -0.607752 11.91 490 720 0.08 0.06 0.0000 0.0000
3.203 2 4.818896 0.146245 8.280829 -9.468079 65.895081 -17.700195 428.89 428.89 11.9 11.9 -0.025 0.006 0.0000 0.0000 0.0000 0.0000 0.000000 -0.585966 11.94 490 720 0.06 0.63 0.0000 0.0000
3.213 2 5.312773 0.620942 8.316792 -11.413574 74.653625 -15.846252 433.00 433.00 11.9 11.9 -0.019 -0.006 0.0000 0.0000 0.0000 0.0000 0.000000 -0.567106 11.94 490 720 0.04 0.23 0.0000 0.0000
3.223 2 6.082358 1.258667 8.259253 -11.291504 74.844360 -14.533997 429.42 429.42 12.0 12.0 -0.013 0.019 0.0000 0.0000 0.0000 0.0000 0.000000 -0.562496 11.98 490 720 0.04 -0.61 0.0000 0.0000
3.233 2 6.475542 1.311411 8.520576 -9.124756 67.985535 -14.442444 420.13 420.13 11.9 11.9 0.000 -0.000 0.0000 0.0000 0.0000 0.0000 0.000000 -0.566475 11.94 490 720 0.04 -0.89 0.0000 0.0000
3.243 2 6.453965 1.323398 8.578115 -6.767273 58.578491 -14.739990 409.36 409.36 12.0 12.0 0.013 0.013 0.0000 0.0000 0.0000 0.0000 0.000000 -0.571706 11.96 490 720 0.05 -0.99 0.0000 0.0000
3.253 2 6.154282 1.078857 8.561333 -5.729675 51.208496 -13.015747 399.26 399.26 11.9 11.9 0.006 -0.013 0.0000 0.0000 0.0000 0.0000 0.000000 -0.574945 11.93 490 720 0.05 -0.78 0.0000 0.0000
3.263 2 5.530942 0.786367 8.650039 -6.263733 47.645569 -9.803772 393.84 393.85 11.9 11.9 0.000 0.013 0.0000 0.0000 0.0000 0.0000 0.000000 -0.571006 11.93 490 720 0.05 -0.11 0.0000 0.0000
3.273 2 4.921987 0.294888 8.844234 -8.781433 47.111511 -4.661560 395.66 395.66 11.9 11.9 -0.006 0.025 0.0000 0.0000 0.0000 0.0000 0.000000 -0.557849 11.93 490 720 0.03 0.69 0.0000 0.0000
3.283 2 4.651074 0.201387 8.846631 -13.206482 48.606873 1.007080 404.06 404.06 11.9 11.9 0.006 0.013 0.0000 0.0000 0.0000 0.0000 0.000000 -0.538253 11.93 490 720 0.01 1.07 0.0000 0.0000
3.293 2 4.248301 0.256528 8.856220 -18.173218 49.621582 6.744385 415.76 415.77 12.0 12.0 0.000 0.019 0.0000 0.0000 0.0000 0.0000 0.000000 -0.517876 11.96 490 720 -0.01 1.50 0.0000 0.0000
3.303 2 3.895874 0.316465 8.815464 -22.979736 52.200317 13.229370 432.17 432.17 12.0 12.0 -0.013 -0.013 0.0000 0.0000 0.0000 0.0000 0.000000 -0.494926 11.96 490 720 -0.03 1.97 0.0000 0.0000
3.313 2 3.541050 0.163027 8.789091 -25.276184 57.922363 19.271851 454.33 454.33 11.9 11.9 0.000 -0.019 0.0000 0.0000 0.0000 0.0000 0.000000 -0.468440 11.94 490 720 -0.06 2.53 0.0000 0.0000
3.323 2 3.229380 0.021577 8.676411 -26.481628 65.734863 22.842407 481.76 481.76 11.9 11.9 0.006 -0.032 0.0000 0.0000 0.0000 0.0000 0.000000 -0.439786 11.88 490 710 -0.08 3.02 0.0000 0.0000
3.333 2 3.294111 -0.047949 8.837041 -26.794434 75.500488 22.758484 512.26 512.26 11.9 11.9 -0.038 0.032 0.0000 0.0000 0.0000 0.0000 0.000000 -0.412508 11.93 490 720 -0.11 3.17 0.0000 0.0000
3.343 2 3.588999 0.004795 8.846631 -26.771545 84.190369 18.859863 541.37 541.37 11.9 11.9 0.006 0.006 0.0000 0.0000 0.0000 0.0000 0.000000 -0.392426 11.94 490 710 -0.13 2.93 0.0000 0.0000
3.353 2 4.159595 0.328452 9.057607 -25.276184 88.417053 10.276794 566.64 566.64 11.9 11.9 -0.025 -0.006 0.0000 0.0000 0.0000 0.0000 0.000000 -0.381564 11.93 490 720 -0.14 2.38 0.0000 0.0000
3.363 2 4.675049 0.570596 9.062402 -20.805359 87.020874 -2.151489 586.24 586.24 11.9 11.9 0.000 0.025 0.0000 0.0000 0.0000 0.0000 0.000000 -0.380591 11.93 490 710 -0.14 1.76 0.0000 0.0000
3.373 2 4.830884 0.946997 9.146314 -14.717102 80.673218 -15.121460 601.15 601.15 11.9 11.9 0.000 -0.000 0.0000 0.0000 0.0000 0.0000 0.000000 -0.386188 11.93 490 720 -0.14 1.55 0.0000 0.0000
3.383 2 4.814101 1.074062 9.419623 -8.041382 73.013306 -25.436401 615.18 615.18 11.9 11.9 0.032 0.025 0.0000 0.0000 0.0000 0.0000 0.000000 -0.391812 11.90 490 710 -0.13 1.60 0.0000 0.0000
3.393 2 4.492842 1.141191 9.333315 -2.365112 66.665649 -32.173157 631.13 631.13 12.0 12.0 -0.013 0.006 0.0000 0.0000 0.0000 0.0000 0.000000 -0.393676 11.96 490 720 -0.13 1.87 0.0000 0.0000
3.403 2 3.941426 0.990151 9.426816 1.411438 61.813354 -34.362793 652.32 652.32 11.9 11.9 -0.013 0.032 0.0000 0.0000 0.0000 0.0000 0.000000 -0.387921 11.94 490 710 -0.14 2.48 0.0000 0.0000
3.413 2 3.454741 0.798354 9.556279 2.914429 58.074951 -32.836914 679.54 679.54 11.9 11.9 0.013 0.013 0.0000 0.0000 0.0000 0.0000 0.000000 -0.374951 11.87 490 710 -0.15 3.12 0.0000 0.0000
3.423 2 2.968056 0.676084 9.709717 2.861023 55.900574 -28.350830 713.84 713.84 12.0 12.0 -0.006 -0.000 0.0000 0.0000 0.0000 0.0000 0.000000 -0.354729 11.98 490 720 -0.17 3.77 0.0000 0.0000
3.433 2 2.742695 0.656904 9.911103 0.816345 56.015015 -20.881653 752.76 752.76 11.9 11.9 0.006 0.006 0.0000 0.0000 0.0000 0.0000 0.000000 -0.332101 11.91 490 720 -0.19 4.14 0.0000 0.0000
3.443 2 2.742695 0.558608 10.011797 -1.274109 56.274414 -10.971069 793.93 793.93 11.9 11.9 -0.025 -0.000 0.0000 0.0000 0.0000 0.0000 0.000000 -0.310794 11.88 490 720 -0.21 4.19 0.0000 0.0000
3.453 2 2.807427 0.628135 9.781640 -2.639771 55.610657 -1.564026 834.77 834.77 11.9 11.9 -0.019 0.019 0.0000 0.0000 0.0000 0.0000 0.000000 -0.294086 11.94 490 720 -0.23 4.06 0.0000 0.0000
3.463 2 3.128686 0.409966 9.879936 -3.082275 52.795410 4.005432 872.46 872.46 11.9 11.9 -0.032 0.013 0.0000 0.0000 0.0000 0.0000 0.000000 -0.284964 11.94 490 710 -0.24 3.68 0.0000 0.0000
3.473 2 3.433164 0.328452 9.692934 -4.463196 48.431396 5.043030 905.22 905.22 11.9 11.9 -0.013 0.032 0.0000 0.0000 0.0000 0.0000 0.000000 -0.284400 11.94 490 720 -0.24 3.16 0.0000 0.0000
3.483 2 3.790386 0.278105 9.609023 -4.676819 42.175293 2.349854 932.98 932.98 12.0 12.0 -0.006 0.019 0.0000 0.0000 0.0000 0.0000 0.000000 -0.290841 11.96 490 710 -0.23 2.65 0.0000 0.0000
3.493 2 4.010952 0.333247 9.656972 -4.051208 33.172607 -2.029419 956.72 956.72 12.0 12.0 -0.025 -0.000 0.0000 0.0000 0.0000 0.0000 0.000000 -0.301493 11.99 490 710 -0.22 2.32 0.0000 0.0000
3.503 2 4.006157 0.316465 9.702524 -1.663208 23.429871 -6.332397 978.29 978.29 11.9 11.9 0.025 0.006 0.0000 0.0000 0.0000 0.0000 0.000000 -0.313047 11.93 490 710 -0.21 2.18 0.0000 0.0000
3.513 2 3.811963 0.347632 9.841577 0.259399 13.191223 -8.605957 999.43 999.43 11.9 11.9 0.000 -0.013 0.0000 0.0000 0.0000 0.0000 0.000000 -0.322924 11.93 490 710 -0.20 2.28 0.0000 0.0000
3.523 2 3.581806 0.352427 9.999809 0.373840 4.440308 -7.156372 1023.64 1023.64 11.9 11.9 0.000 0.025 0.0000 0.0000 0.0000 0.0000 0.000000 -0.326637 11.93 490 710 -0.20 2.61 0.0000 0.0000
3.533 2 3.260547 0.338042 10.174824 0.061035 -2.273560 -2.723694 1049.90 1049.90 12.0 12.0 0.000 0.038 0.0000 0.0000 0.0000 0.0000 0.000000 -0.326825 11.96 490 720 -0.20 2.86 0.0000 0.0000
3.543 2 3.255752 0.239746 10.102901 0.106812 -7.118225 2.670288 1077.92 1077.92 11.9 11.9 -0.032 0.019 0.0000 0.0000 0.0000 0.0000 0.000000 -0.324642 11.93 490 710 -0.20 2.88 0.0000 0.0000
3.553 2 3.318086 0.220566 9.963847 -0.328064 -11.550903 7.301331 1105.11 1105.11 11.9 11.9 -0.006 -0.000 0.0000 0.0000 0.0000 0.0000 0.000000 -0.324045 11.93 490 710 -0.20 2.70 0.0000 0.0000
3.563 2 3.363638 0.103091 9.911103 -0.648499 -17.730713 9.475708 1129.94 1129.94 11.9 11.9 0.000 0.006 0.0000 0.0000 0.0000 0.0000 0.000000 -0.326821 11.93 490 710 -0.20 2.53 0.0000 0.0000
3.573 2 3.217392 -0.040757 10.062143 -0.572205 -24.635315 9.536743 1154.35 1154.35 12.0 12.0 0.000 0.013 0.0000 0.0000 0.0000 0.0000 0.000000 -0.329552 11.96 490 710 -0.19 2.67 0.0000 0.0000
3.583 2 2.982441 -0.201387 9.995014 -0.862122 -30.036926 8.903503 1180.02 1180.02 11.9 11.9 -0.019 -0.000 0.0000 0.0000 0.0000 0.0000 0.000000 -0.330019 11.93 490 710 -0.19 2.84 0.0000 0.0000
3.593 2 2.752285 -0.210977 9.779243 -1.907349 -33.416748 8.392334 1208.51 1208.51 11.9 11.9 0.013 0.025 0.0000 0.0000 0.0000 0.0000 0.000000 -0.326498 11.91 490 710 -0.20 3.05 0.0000 0.0000
3.603 2 2.529321 -0.270913 9.784038 -4.562378 -33.996582 8.819580 1239.98 1239.98 11.9 11.9 -0.006 0.006 0.0000 0.0000 0.0000 0.0000 0.000000 -0.319549 11.90 490 720 -0.20 3.33 0.0000 0.0000
3.613 2 2.610835 -0.163027 9.637793 -6.416321 -33.508301 10.322571 1271.88 1271.88 11.9 11.9 -0.013 0.019 0.0000 0.0000 0.0000 0.0000 0.000000 -0.313448 11.93 490 710 -0.21 3.19 0.0000 0.0000
3.623 2 2.685156 -0.028770 9.436406 -7.545471 -32.806396 11.543274 1302.70 1302.70 11.9 11.9 -0.019 0.013 0.0000 0.0000 0.0000 0.0000 0.000000 -0.309993 11.93 490 720 -0.21 3.08 0.0000 0.0000
3.633 2 2.733105 0.131860 9.414829 -7.987976 -32.104492 11.764526 1332.02 1332.02 12.0 12.0 0.000 -0.013 0.0000 0.0000 0.0000 0.0000 0.000000 -0.309283 11.98 490 720 -0.21 2.92 0.0000 0.0000
3.643 2 2.917710 0.232554 9.201455 -7.606506 -31.822205 10.200500 1358.39 1358.39 11.9 11.9 -0.013 0.006 0.0000 0.0000 0.0000 0.0000 0.000000 -0.312779 11.91 490 710 -0.21 2.65 0.0000 0.0000
3.653 2 3.255752 0.407568 9.261392 -5.783081 -32.386780 6.965637 1381.76 1381.76 11.9 11.9 -0.025 -0.006 0.0000 0.0000 0.0000 0.0000 0.000000 -0.319745 11.93 490 710 -0.20 2.31 0.0000 0.0000
3.663 2 3.612973 0.625737 9.009658 -2.883911 -34.454346 3.669739 1399.98 1399.98 12.0 12.0 -0.019 0.025 0.0000 0.0000 0.0000 0.0000 0.000000 -0.332537 11.96 490 710 -0.19 1.64 0.0000 0.0000
3.673 2 3.874297 0.724033 9.232622 0.862122 -38.673401 0.686646 1413.77 1413.77 11.9 11.9 0.013 0.032 0.0000 0.0000 0.0000 0.0000 0.000000 -0.348889 11.94 490 710 -0.17 1.41 0.0000 0.0000
3.683 2 4.051709 0.824727 9.311738 4.570007 -43.777466 -1.419067 1425.21 1425.21 11.9 11.9 -0.006 0.019 0.0000 0.0000 0.0000 0.0000 0.000000 -0.365289 11.91 490 720 -0.16 1.13 0.0000 0.0000
3.693 2 4.013350 0.822329 9.419623 6.828308 -48.423767 -2.143860 1435.43 1435.44 11.9 11.9 -0.006 0.006 0.0000 0.0000 0.0000 0.0000 0.000000 -0.380186 11.91 490 720 -0.14 1.13 0.0000 0.0000
3.703 2 4.080478 0.632930 9.709717 7.789612 -52.200317 -2.922058 1445.10 1445.10 11.9 11.9 0.006 0.025 0.0000 0.0000 0.0000 0.0000 0.000000 -0.393000 11.91 490 710 -0.13 1.13 0.0000 0.0000
3.713 2 4.078081 0.558608 9.640190 8.316040 -55.694580 -3.929138 1455.08 1455.08 12.0 12.0 -0.006 0.019 0.0000 0.0000 0.0000 0.0000 0.000000 -0.402927 11.96 490 710 -0.12 1.08 0.0000 0.0000
3.723 2 3.955810 0.400376 9.541894 8.094788 -58.647156 -4.440308 1465.43 1465.43 12.0 12.0 -0.006 0.006 0.0000 0.0000 0.0000 0.0000 0.000000 -0.410442 11.96 490 710 -0.11 1.14 0.0000 0.0000
3.733 2 3.931836 0.393184 9.383662 6.950378 -59.799194 -3.852844 1476.22 1476.22 11.9 11.9 0.006 -0.000 0.0000 0.0000 0.0000 0.0000 0.000000 -0.415917 11.93 490 710 -0.11 1.12 0.0000 0.0000
3.743 2 3.632153 0.409966 9.364482 5.950928 -59.295654 -1.518250 1488.04 1488.04 11.9 11.9 -0.013 0.019 0.0000 0.0000 0.0000 0.0000 0.000000 -0.418850 11.93 490 720 -0.10 1.39 0.0000 0.0000
3.753 2 3.521870 0.438735 9.376470 5.516052 -58.006287 2.532959 1502.06 1502.06 11.9 11.9 -0.038 -0.000 0.0000 0.0000 0.0000 0.0000 0.000000 -0.418205 11.91 490 710 -0.11 1.58 0.0000 0.0000
3.763 2 3.605781 0.412363 9.141519 4.188538 -53.779602 8.956909 1516.18 1516.18 11.9 11.9 0.000 0.013 0.0000 0.0000 0.0000 0.0000 0.000000 -0.417647 11.90 490 720 -0.11 1.43 0.0000 0.0000
3.773 2 3.881489 0.417158 9.019248 3.013611 -48.492432 15.594482 1527.81 1527.81 11.9 11.9 0.013 0.013 0.0000 0.0000 0.0000 0.0000 0.000000 -0.420683 11.90 490 710 -0.10 1.06 0.0000 0.0000
3.783 2 4.344199 0.419556 8.884990 1.121521 -46.737671 19.386292 1534.39 1534.39 12.0 12.0 0.006 0.025 0.0000 0.0000 0.0000 0.0000 0.000000 -0.430135 11.96 490 710 -0.09 0.49 0.0000 0.0000
3.793 2 4.504829 0.412363 8.911362 -0.480652 -48.820496 20.233154 1536.20 1536.20 11.9 11.9 -0.013 0.019 0.0000 0.0000 0.0000 0.0000 0.000000 -0.444220 11.91 490 710 -0.08 0.23 0.0000 0.0000
3.803 2 4.480855 0.273311 8.861015 -0.602722 -51.696777 18.394470 1537.39 1537.39 11.9 11.9 0.019 0.006 0.0000 0.0000 0.0000 0.0000 0.000000 -0.456426 11.93 490 710 -0.07 0.21 0.0000 0.0000
3.813 2 4.291455 0.258926 8.877797 0.137329 -52.017212 17.181396 1539.60 1539.60 11.9 11.9 0.006 -0.032 0.0000 0.0000 0.0000 0.0000 0.000000 -0.464815 11.93 490 720 -0.06 0.41 0.0000 0.0000
3.823 2 4.348994 0.251733 8.990479 0.297546 -48.812866 16.921997 1543.50 1543.50 11.9 11.9 -0.019 -0.000 0.0000 0.0000 0.0000 0.0000 0.000000 -0.469365 11.87 490 710 -0.05 0.46 0.0000 0.0000
3.833 2 4.543189 0.316465 8.784297 -0.083923 -46.218872 16.944885 1545.18 1545.18 11.9 11.9 0.013 -0.013 0.0000 0.0000 0.0000 0.0000 0.000000 -0.476120 11.94 490 720 -0.05 0.11 0.0000 0.0000
3.843 2 4.835679 0.275708 8.978491 -0.350952 -45.387268 15.258789 1544.24 1544.24 11.9 11.9 -0.044 -0.000 0.0000 0.0000 0.0000 0.0000 0.000000 -0.485178 11.93 490 720 -0.04 -0.09 0.0000 0.0000
3.853 2 5.149746 0.321260 8.654834 0.274658 -45.486450 11.077881 1539.50 1539.50 11.9 11.9 -0.006 -0.013 0.0000 0.0000 0.0000 0.0000 0.000000 -0.497786 11.94 490 720 -0.03 -0.63 0.0000 0.0000
3.863 2 5.298388 0.402773 8.638051 1.731873 -46.775818 5.027771 1530.46 1530.46 11.9 11.9 -0.013 0.006 0.0000 0.0000 0.0000 0.0000 0.000000 -0.513824 11.93 490 720 -0.01 -0.85 0.0000 0.0000
3.873 2 5.106592 0.426748 8.534961 3.746033 -48.736572 -0.701904 1520.50 1520.50 11.9 11.9 0.032 0.006 0.0000 0.0000 0.0000 0.0000 0.000000 -0.527999 11.93 490 720 0.00 -0.82 0.0000 0.0000
3.883 2 4.917192 0.352427 8.518178 6.355286 -47.561646 -2.922058 1513.49 1513.49 11.9 11.9 0.032 0.019 0.0000 0.0000 0.0000 0.0000 0.000000 -0.535347 11.90 490 720 0.01 -0.51 0.0000 0.0000
3.893 2 4.943564 0.445928 8.657231 7.835388 -44.212341 -1.457214 1508.25 1508.25 11.9 11.9 -0.032 0.019 0.0000 0.0000 0.0000 0.0000 0.000000 -0.538895 11.93 490 720 0.02 -0.45 0.0000 0.0000
3.903 2 5.180913 0.635327 8.611679 8.995056 -42.655945 2.838135 1501.64 1501.64 12.0 12.0 -0.025 -0.019 0.0000 0.0000 0.0000 0.0000 0.000000 -0.543731 11.96 490 720 0.02 -0.71 0.0000 0.0000
3.913 2 5.612456 0.479492 8.654834 9.437561 -44.563293 6.683350 1490.91 1490.91 11.9 11.9 -0.006 -0.019 0.0000 0.0000 0.0000 0.0000 0.000000 -0.553344 11.91 490 720 0.03 -1.18 0.0000 0.0000
3.923 2 5.569302 0.258926 8.666821 9.132385 -48.530579 8.956909 1478.04 1478.04 11.9 11.9 -0.013 0.019 0.0000 0.0000 0.0000 0.0000 0.000000 -0.563980 11.91 480 720 0.04 -1.22 0.0000 0.0000
3.933 2 5.365518 0.062334 8.638051 7.774353 -50.857544 11.413574 1465.74 1465.74 11.9 11.9 0.006 -0.006 0.0000 0.0000 0.0000 0.0000 0.000000 -0.571705 11.94 490 720 0.05 -1.00 0.0000 0.0000
3.943 2 5.152143 -0.105488 8.690796 5.043030 -50.727844 14.549255 1455.15 1455.15 11.9 11.9 -0.006 -0.032 0.0000 0.0000 0.0000 0.0000 0.000000 -0.575606 11.91 490 720 0.05 -0.82 0.0000 0.0000
3.953 2 5.159336 -0.050347 8.578115 1.182556 -48.728943 17.921448 1446.44 1446.44 11.9 11.9 0.038 -0.013 0.0000 0.0000 0.0000 0.0000 0.000000 -0.576221 11.93 490 720 0.05 -0.80 0.0000 0.0000
3.963 2 5.111387 0.069526 8.381523 -2.151489 -45.707703 19.767761 1436.69 1436.69 11.9 11.9 -0.013 0.025 0.0000 0.0000 0.0000 0.0000 0.000000 -0.578184 11.91 490 720 0.05 -0.88 0.0000 0.0000
3.973 2 5.173720 0.170220 8.268843 -3.112793 -43.304443 19.660950 1425.70 1425.70 11.9 11.9 0.013 -0.006 0.0000 0.0000 0.0000 0.0000 0.000000 -0.581472 11.94 490 720 0.06 -1.02 0.0000 0.0000
3.983 2 5.272017 0.294888 8.091431 -3.204346 -38.475037 17.921448 1414.13 1414.13 11.9 11.9 0.006 0.006 0.0000 0.0000 0.0000 0.0000 0.000000 -0.584955 11.91 490 720 0.06 -1.21 0.0000 0.0000
3.993 2 5.389492 0.402773 8.060264 -2.082825 -33.866882 14.427185 1400.15 1400.15 11.9 11.9 0.025 0.006 0.0000 0.0000 0.0000 0.0000 0.000000 -0.591064 11.87 490 720 0.07 -1.31 0.0000 0.0000
4.003 2 5.399082 0.424351 8.005122 -0.946045 -29.281616 9.757996 1385.99 1385.99 11.9 11.9 0.000 -0.000 0.0000 0.0000 0.0000 0.0000 0.000000 -0.596208 11.90 490 720 0.07 -1.32 0.0000 0.0000
4.013 2 5.406274 0.374004 8.026699 0.343323 -22.804260 5.867004 1372.78 1372.78 11.9 11.9 0.025 0.013 0.0000 0.0000 0.0000 0.0000 0.000000 -0.599064 11.88 490 720 0.08 -1.22 0.0000 0.0000
4.023 2 5.439839 0.477095 7.892441 1.419067 -15.373230 2.769470 1359.80 1359.80 11.9 11.9 0.000 0.006 0.0000 0.0000 0.0000 0.0000 0.000000 -0.601081 11.94 490 720 0.08 -1.23 0.0000 0.0000
4.033 2 5.468608 0.474697 7.885249 2.159119 -9.117126 -0.968933 1345.58 1345.58 11.9 11.9 0.000 -0.006 0.0000 0.0000 0.0000 0.0000 0.000000 -0.604402 11.94 490 720 0.08 -1.28 0.0000 0.0000
4.043 2 5.794663 0.618545 7.861274 3.295898 -3.196716 -5.058289 1329.99 1329.99 11.9 11.9 0.019 -0.019 0.0000 0.0000 0.0000 0.0000 0.000000 -0.609037 11.93 490 720 0.09 -1.60 0.0000 0.0000
4.053 2 5.852202 0.534634 7.825312 5.020142 0.686646 -8.941650 1312.86 1312.86 11.9 11.9 0.006 0.013 0.0000 0.0000 0.0000 0.0000 0.000000 -0.614820 11.93 490 720 0.09 -1.59 0.0000 0.0000
4.063 2 5.864189 0.465107 7.935596 5.340576 3.959656 -12.031555 1296.35 1296.35 11.9 11.9 0.013 -0.000 0.0000 0.0000 0.0000 0.0000 0.000000 -0.618626 11.93 490 720 0.10 -1.52 0.0000 0.0000
4.073 2 5.883369 0.462710 7.937993 4.600525 7.308960 -13.870239 1280.10 1280.10 11.9 11.9 0.019 -0.013 0.0000 0.0000 0.0000 0.0000 0.000000 -0.621381 11.93 490 720 0.10 -1.52 0.0000 0.0000
4.083 2 5.904946 0.330850 7.940391 2.471924 10.208130 -13.816833 1264.43 1264.43 11.9 11.9 0.013 0.019 0.0000 0.0000 0.0000 0.0000 0.000000 -0.622798 11.94 490 720 0.10 -1.46 0.0000 0.0000
4.093 2 5.758701 0.402773 7.959570 0.122070 13.526917 -12.733459 1249.64 1249.64 11.9 11.9 0.019 -0.006 0.0000 0.0000 0.0000 0.0000 0.000000 -0.622713 11.93 490 720 0.10 -1.30 0.0000 0.0000
4.103 2 5.799458 0.575391 7.945185 -1.655579 17.448425 -11.146545 1235.41 1235.41 11.9 11.9 0.000 -0.000 0.0000 0.0000 0.0000 0.0000 0.000000 -0.621870 11.94 490 720 0.10 -1.25 0.0000 0.0000
4.113 2 5.859395 0.587378 7.856479 -2.273560 21.339417 -9.490967 1222.03 1222.03 11.9 11.9 0.013 0.006 0.0000 0.0000 0.0000 0.0000 0.000000 -0.620071 11.93 490 720 0.10 -1.35 0.0000 0.0000
4.123 2 5.873779 0.673687 8.132187 -2.044678 25.321960 -8.110046 1208.27 1208.27 11.9 11.9 0.025 -0.013 0.0000 0.0000 0.0000 0.0000 0.000000 -0.619091 11.90 490 720 0.10 -1.18 0.0000 0.0000
4.133 2 6.003242 0.716841 7.957172 -0.343323 27.336121 -8.460999 1194.04 1194.04 11.9 11.9 -0.019 0.006 0.0000 0.0000 0.0000 0.0000 0.000000 -0.618986 11.93 490 720 0.10 -1.35 0.0000 0.0000
4.143 2 5.979268 0.724033 8.117803 0.801086 28.671265 -9.872437 1180.28 1180.28 11.9 11.9 -0.019 0.025 0.0000 0.0000 0.0000 0.0000 0.000000 -0.618209 11.93 490 720 0.09 -1.20 0.0000 0.0000
