%  1    time 0.002 sec
%  2    mission (2) state 2
%  3  4  5 Acc x,y,z: -0.246938 -0.537031 -10.201196
%  6  7  8 Gyro x,y,z: -1.373291 12.229919 -0.305176
%  9 10 Motor velocity ref left, right: 0.00 -0.00
% 11 12 Motor voltage [V] left, right: -8.9 -8.9
% 13 14 Wheel velocity [r/s] left, right: 0.0000 0.0000
% 15    Battery voltage [V]: 11.93
% 16 17 18 19 Extra pt.: balE[0], balU[0], balUI[0], balUI[1]: 0.13 -25.9594 0.0000 0.0000
0.007 2 -0.002397 -0.807944 -10.227568 1.144409 13.534546 -1.083374 -0.08 0.08 -7.6 -7.6 0.0000 -5.5879 10.55 0.13 -22.71 -0.0000 -0.0000
0.012 2 2.610835 -0.143848 -11.848251 -2.838135 33.020020 -3.028870 -0.00 0.00 0.8 0.8 -8.2455 -7.6399 10.87 0.12 0.87 0.0000 0.0000
0.017 2 5.821035 0.119873 -10.148452 -10.406494 90.446472 1.403809 0.08 -0.08 8.0 8.0 -7.1172 -4.6311 10.98 0.07 50.73 0.0000 0.0000
0.022 2 1.750146 -0.589775 -9.386059 -21.209717 129.737854 -6.973267 0.08 -0.08 7.6 7.6 6.9347 9.7286 10.63 0.02 30.84 0.0000 0.0000
0.027 2 -5.545327 4.018145 -9.285366 -38.169861 91.110229 -1.594543 0.08 -0.08 -9.0 -9.0 12.2934 11.9670 12.04 0.02 -61.23 -0.0000 -0.0000
0.032 2 -6.557055 -9.311738 -6.163872 8.529663 9.521484 -6.301880 0.08 -0.08 -7.5 -7.5 5.1222 4.6954 10.52 0.08 -70.00 0.0000 0.0000
0.037 2 -0.582583 2.900928 -12.943892 5.668640 -37.834167 -6.874084 0.00 -0.00 -7.8 -7.8 -8.3992 -11.7589 10.82 0.12 -42.14 -0.0000 -0.0000
0.042 2 4.413725 0.714443 -14.147416 2.449036 -10.925293 -2.799988 -0.08 0.08 -1.4 -1.3 -12.6380 -12.6380 11.90 0.10 -6.62 -0.0000 -0.0000
0.047 2 9.472368 -3.437959 -11.836265 -7.049561 57.479858 -1.220703 -0.08 0.08 7.9 7.9 -4.6470 -6.7953 10.88 0.06 43.49 0.0000 0.0000
0.052 2 1.498413 2.682759 -7.715029 -14.640808 102.081299 -4.142761 -0.08 0.08 7.7 7.7 9.7286 7.9545 10.73 0.01 42.43 0.0000 0.0000
0.057 2 -5.475801 -3.428369 -7.499258 -18.394470 72.525024 6.179810 0.00 -0.00 -8.8 -8.8 10.5646 11.6575 11.85 0.00 -17.81 0.0000 0.0000
0.062 2 -9.328520 0.069526 -7.803735 -4.631042 -10.604858 -1.258850 0.00 0.00 -7.6 -7.6 5.4308 6.3487 10.63 0.08 -70.00 -0.0000 -0.0000
0.067 2 -0.438735 -0.170220 -12.414052 12.886047 -47.218323 -1.235962 0.00 0.00 -7.8 -7.8 -6.9347 -6.8993 10.79 0.12 -42.65 0.0000 0.0000
0.072 2 2.208061 -0.973369 -14.634101 3.379822 -21.202087 2.876282 0.00 0.00 -4.2 -4.0 -12.2934 -12.6380 11.90 0.10 -11.43 -0.0000 -0.0000
0.077 2 6.415605 -2.558091 -12.267807 -2.944946 42.404175 -7.598877 -0.00 0.00 7.9 7.9 -6.5013 -7.8620 10.90 0.07 19.86 0.0000 0.0000
0.082 2 3.459536 2.431025 -6.470747 -9.765625 86.509705 -3.036499 0.00 0.00 7.5 7.5 3.2506 2.8409 10.47 0.02 59.37 0.0000 0.0000
0.087 2 0.748008 -0.019180 -7.348217 -13.824463 75.851440 -2.174377 0.00 -0.00 -9.3 -9.3 10.4827 9.8706 12.28 0.02 -9.14 0.0000 0.0000
0.092 2 -6.528286 -0.875073 -8.666821 -0.366211 18.997192 -1.487732 -0.08 0.08 -8.1 -8.1 4.2127 -6.8643 11.06 0.05 -70.00 -0.0000 -0.0000
0.097 2 -1.253872 0.460312 -11.294438 3.662109 -30.113220 -2.258301 -0.08 0.08 -7.8 -7.8 -13.2575 -11.5579 10.77 0.10 -37.52 0.0000 0.0000
0.102 2 7.331435 -1.042895 -15.842422 6.065369 -2.593994 -2.555847 -0.08 0.08 8.4 8.4 -16.0984 -15.9091 11.42 0.09 17.10 0.0000 0.0000
0.107 2 8.988081 0.853496 -13.461742 -8.338928 75.454712 -3.051758 -0.08 0.08 7.7 7.7 -7.3096 -8.0974 10.74 0.05 57.63 0.0000 0.0000
0.112 2 2.620425 0.501069 -5.655610 -17.776489 138.519287 -3.227234 -0.08 0.08 7.6 7.6 4.0609 3.0117 10.65 -0.02 65.35 0.0000 0.0000
0.117 2 -0.079116 1.989892 -6.336489 -27.221680 105.476379 -3.044128 -0.17 0.17 -9.3 -9.3 10.4021 9.8706 12.31 0.00 -45.68 -0.0000 -0.0000
0.122 2 -4.811704 -0.836714 -8.196918 -5.233765 29.991150 0.450134 -0.08 0.08 -7.4 -7.4 -3.9540 2.8957 10.38 0.07 -70.00 0.0000 0.0000
0.127 2 3.025596 1.299424 -13.320292 4.112244 7.797241 -9.765625 -0.17 0.17 1.6 1.9 -14.0861 -14.3858 10.87 0.09 -1.77 -0.0000 -0.0000
0.132 2 9.237416 -4.471264 -15.705766 4.684448 42.968750 -6.233215 -0.17 0.17 8.5 8.5 -10.5646 -9.9432 11.45 0.06 31.60 0.0000 0.0000
0.137 2 7.844492 -1.086050 -12.255820 -9.658813 107.734680 -13.565063 -0.17 0.17 7.6 7.6 -2.5276 -2.5323 10.58 0.02 59.26 0.0000 0.0000
0.142 2 3.279727 2.718721 -6.410810 -24.612427 125.450134 -8.430481 -0.17 0.17 7.9 7.9 10.9054 11.7589 10.87 -0.02 42.18 0.0000 0.0000
0.147 2 -7.988339 -13.229189 -2.227241 2.090454 57.861328 -5.599976 -0.08 0.08 -9.7 -9.7 13.3888 14.6986 12.67 0.04 -70.00 -0.0000 -0.0000
0.152 2 -7.166010 9.203853 -10.601572 2.166748 -10.375977 -13.221741 -0.17 0.17 -7.1 -7.1 4.3066 3.1893 10.12 0.10 -70.00 0.0000 0.0000
0.157 2 5.734726 -7.758183 -13.219599 4.043579 -8.346558 -6.309509 -0.17 0.17 6.1 6.3 -13.1288 -13.2575 11.07 0.10 7.38 0.0000 0.0000
0.162 2 7.770171 5.492583 -17.885057 -9.841919 35.606384 -14.488220 -0.17 0.17 7.8 7.8 -9.0151 -9.2621 10.79 0.07 18.90 0.0000 0.0000
0.167 2 6.578633 -3.155058 -9.517920 0.991821 74.119568 -1.976013 -0.08 0.08 8.7 8.7 3.4585 2.3315 11.72 0.04 57.73 0.0000 0.0000
0.172 2 0.906240 -0.920625 -4.495239 -10.475159 90.744019 -15.022278 -0.08 0.08 7.7 7.7 8.8965 10.9054 10.71 -0.00 34.77 0.0000 0.0000
0.177 2 -7.189985 6.180654 -7.916416 -12.481689 41.969299 -4.577637 0.00 -0.00 -9.8 -9.8 11.4599 13.3888 12.78 0.02 -68.30 -0.0000 -0.0000
0.182 2 -4.473662 -0.194194 -9.318931 2.243042 -16.983032 -9.384155 0.08 -0.08 -7.2 -7.2 -4.3066 -11.1758 10.19 0.08 -70.00 0.0000 0.0000
0.187 2 2.673169 -0.872676 -14.780346 3.860474 -26.077271 -8.781433 0.08 -0.08 -0.8 -0.8 -14.0861 -13.0026 10.88 0.09 -5.05 -0.0000 -0.0000
0.192 2 6.228603 2.992031 -17.671684 2.174377 10.139465 -13.778687 0.08 -0.08 8.4 8.4 -9.7286 -11.0842 11.39 0.07 25.85 0.0000 0.0000
0.197 2 8.074648 5.068232 -10.210786 -5.584717 77.194214 -11.695862 0.00 -0.00 8.5 8.5 -2.7374 -4.2793 11.52 0.02 70.00 0.0000 0.0000
0.202 2 -2.275190 -3.404394 -2.529321 -21.980286 104.675293 -5.508423 0.08 -0.08 -6.9 -7.6 11.1758 12.6380 10.65 -0.04 -8.36 0.0000 0.0000
0.207 2 -12.934301 12.210268 -7.213960 -20.172119 61.859131 -5.477905 0.08 -0.08 -9.5 -9.5 9.0151 10.1674 12.48 -0.02 -70.00 -0.0000 -0.0000
0.212 2 0.299683 -8.431870 -9.903911 14.450073 -3.959656 -6.568909 0.00 -0.00 -7.6 -7.6 3.0944 -6.2605 10.57 0.05 -68.23 0.0000 0.0000
0.217 2 7.166010 4.715806 -17.647709 1.533508 -14.480591 -6.622314 -0.00 0.00 6.9 7.9 -12.5210 -13.9409 10.90 0.05 8.96 0.0000 0.0000
0.222 2 8.403100 -0.342837 -17.899443 -6.904602 17.051697 -7.507324 -0.00 0.00 8.3 8.3 -8.2961 -9.3908 11.33 0.04 33.51 0.0000 0.0000
0.227 2 5.904946 5.542930 -10.275517 -6.072998 83.320618 -3.715515 0.08 -0.08 8.3 8.3 -2.5611 -2.2651 11.34 -0.00 70.00 0.0000 0.0000
0.232 2 0.112681 -3.183828 -0.501069 -14.366150 106.239319 -3.852844 0.08 -0.08 7.9 7.9 11.6575 11.9670 10.90 -0.07 44.77 0.0000 0.0000
0.237 2 -7.379385 4.725395 -6.921470 -29.754639 50.720215 -1.121521 0.08 -0.08 -7.8 -7.8 16.0984 16.6947 10.79 -0.03 -70.00 0.0000 0.0000
0.242 2 -3.075942 -2.656387 -10.850908 2.113342 -9.307861 -0.808716 0.08 -0.08 -7.6 -7.6 8.1956 5.2823 10.65 0.04 -38.82 -0.0000 -0.0000
0.247 2 0.608955 -2.567681 -16.362671 4.753113 -21.926880 -2.738953 0.17 -0.17 -6.6 -7.3 -7.3895 -2.1262 10.74 0.04 -10.61 0.0000 0.0000
0.252 2 0.584980 -2.179292 -17.832314 3.479004 -8.758545 -2.220154 0.00 -0.00 -2.7 -3.4 -10.5646 -9.0151 12.04 0.03 -7.95 0.0000 0.0000
0.257 2 2.028252 -4.917192 -9.203853 1.174927 22.407532 8.483887 0.00 -0.00 3.1 3.5 -3.2664 -3.5774 11.80 0.02 10.74 0.0000 0.0000
0.262 2 4.797319 0.244541 -0.302080 -3.952026 63.941956 -0.137329 0.17 -0.17 7.8 7.8 1.7337 9.3260 10.77 -0.06 70.00 0.0000 0.0000
0.267 2 -0.946997 0.045552 -4.969936 -18.684387 62.721252 9.353638 0.08 -0.08 7.9 7.9 13.5227 13.5227 10.92 -0.20 70.00 0.0000 0.0000
0.272 2 -6.240591 -8.441460 -8.151367 -7.629395 8.750916 12.405396 0.17 -0.17 -8.0 -8.0 12.1826 12.5210 11.01 -0.14 -41.62 0.0000 0.0000
0.277 2 -3.116699 7.631118 -19.062212 10.070801 -41.145325 -1.251221 0.17 -0.17 -8.8 -8.8 2.9461 3.7253 11.77 -0.09 -19.56 0.0000 0.0000
0.282 2 3.915054 -4.075684 -17.125063 7.125854 -66.055298 4.020691 0.25 -0.25 8.4 8.4 -11.3636 -9.3908 11.42 -0.07 10.79 0.0000 0.0000
0.287 2 6.379643 4.564765 -12.979853 4.798889 -15.518188 -14.617920 0.17 -0.17 8.2 8.2 -3.6351 -4.4483 11.20 -0.08 50.81 0.0000 0.0000
0.292 2 4.955552 -3.133481 -1.119614 3.379822 43.472290 -5.493164 0.25 -0.25 7.7 7.7 12.7573 10.7323 10.73 -0.14 70.00 0.0000 0.0000
0.297 2 -5.895356 -10.325864 -1.481631 0.030518 37.940979 -5.859375 0.17 -0.17 -4.6 -4.9 16.6947 16.9034 11.00 -0.23 -1.29 0.0000 0.0000
0.302 2 -0.632930 -5.799458 -8.899375 15.228271 -29.830933 -8.666992 0.08 -0.08 -7.8 -7.8 11.6575 12.5210 10.82 -0.13 -61.99 -0.0000 -0.0000
0.307 2 -1.059678 3.363638 -18.285435 4.806519 -86.280823 4.432678 0.08 -0.08 -7.6 -7.6 -6.8643 -3.5033 10.58 -0.08 -14.38 0.0000 0.0000
0.312 2 2.598848 -6.326899 -15.971885 15.907288 -74.501038 5.325317 0.00 -0.00 9.2 9.2 -10.4827 -10.1674 12.15 -0.07 16.85 0.0000 0.0000
0.317 2 3.231777 2.351909 -11.649262 7.202148 -13.092041 3.257751 0.00 -0.00 7.9 7.9 3.6548 -4.6791 10.87 -0.08 31.21 0.0000 0.0000
0.322 2 4.708613 2.781054 -1.675825 -3.120422 43.930054 2.265930 0.00 -0.00 8.0 8.0 11.5579 12.1826 11.00 -0.16 70.00 0.0000 0.0000
0.327 2 0.882266 -3.543447 -4.509624 -12.428284 30.227661 10.223389 -0.00 0.00 7.8 7.8 16.9034 16.9034 10.84 -0.15 68.09 0.0000 0.0000
0.332 2 -7.192383 8.175342 -11.857841 18.081665 -31.158447 1.609802 0.00 -0.00 -7.8 -7.8 9.7991 10.4021 10.82 -0.08 -37.18 0.0000 0.0000
0.337 2 -2.181690 -2.229639 -16.794214 5.203247 -88.966370 14.831543 0.00 -0.00 -7.7 -7.7 -2.8409 -2.6156 10.73 -0.04 -27.55 -0.0000 -0.0000
0.342 2 5.331953 -1.882007 -17.556606 17.333984 -64.430237 4.829407 -0.00 0.00 5.9 6.6 -9.1370 -10.5646 12.02 -0.03 6.41 0.0000 0.0000
0.347 2 11.675634 2.766670 -9.347700 -7.034302 11.665344 0.282288 -0.08 0.08 7.5 7.5 8.7243 -3.0664 10.52 -0.06 70.00 0.0000 0.0000
0.352 2 1.934751 0.661699 -1.177153 -7.949829 64.788818 -0.404358 0.00 -0.00 7.9 7.9 11.4599 13.3888 10.92 -0.16 70.00 0.0000 0.0000
0.357 2 -6.705698 -9.846372 -4.703818 1.991272 31.364441 5.157471 0.00 -0.00 -9.7 -9.7 16.0984 16.0984 12.67 -0.12 -39.24 0.0000 0.0000
0.362 2 -3.998965 0.155835 -13.257958 -14.625549 -46.386719 0.808716 -0.08 0.08 -7.5 -7.5 5.9310 8.1462 10.49 -0.04 -59.03 -0.0000 -0.0000
0.367 2 4.509624 1.392925 -17.436733 17.395020 -74.745178 8.193970 -0.00 0.00 -2.5 -2.4 -5.5879 -7.7273 10.84 -0.01 -3.63 0.0000 0.0000
0.372 2 10.299492 -0.414761 -15.789678 6.240845 -39.581299 -1.815796 -0.08 0.08 8.2 8.2 -7.7717 -7.5126 11.17 -0.02 35.95 0.0000 0.0000
0.377 2 8.602090 0.805547 -6.712891 -2.662659 31.578064 4.318237 -0.08 0.08 7.6 7.6 2.3559 2.6884 10.65 -0.06 70.00 0.0000 0.0000
0.382 2 -2.474180 -0.069526 -1.474438 -12.298584 68.931580 -5.058289 0.00 -0.00 -0.8 -1.4 12.0738 13.0026 11.11 -0.13 1.47 0.0000 0.0000
0.387 2 -6.003242 8.760322 -7.995532 -10.101318 21.278381 0.480652 0.00 -0.00 -8.7 -8.7 10.4021 12.1826 11.66 -0.07 -70.00 -0.0000 -0.0000
0.392 2 1.697402 -8.343163 -13.660732 12.672424 -48.492432 6.027222 0.00 -0.00 -7.6 -7.6 5.4091 5.2823 10.62 -0.01 -29.95 0.0000 0.0000
0.397 2 4.862051 6.415605 -15.533149 -4.997253 -63.880920 2.090454 0.00 -0.00 7.8 7.8 -8.4517 -9.3260 10.82 -0.00 17.70 0.0000 0.0000
0.402 2 9.103159 0.498672 -16.290747 3.288269 -9.735107 1.190186 -0.08 0.08 7.8 7.8 -3.4148 -5.4970 10.76 -0.02 29.11 0.0000 0.0000
0.407 2 7.542412 -1.222705 -7.163613 0.167847 51.811218 -4.516602 -0.08 0.08 7.8 7.8 11.6575 10.5646 10.82 -0.05 70.00 0.0000 0.0000
0.412 2 5.403877 2.004277 -2.747490 -17.814636 57.266235 2.220154 0.00 -0.00 7.9 7.9 15.3667 16.4911 10.85 -0.11 70.00 0.0000 0.0000
0.417 2 -10.891665 -6.319707 -7.151626 1.678467 -17.791748 0.137329 0.00 -0.00 -9.1 -9.1 15.5433 16.4911 12.10 -0.05 -70.00 -0.0000 -0.0000
0.422 2 -3.783193 2.965659 -15.545136 5.210876 -85.289001 10.505676 0.00 -0.00 -7.2 -7.2 3.6351 3.3891 10.20 0.02 -68.55 0.0000 0.0000
0.427 2 6.501914 -4.370571 -14.718012 5.615234 -65.406799 -0.587463 0.08 -0.08 7.9 7.9 -11.1758 -12.5210 10.92 0.02 14.96 0.0000 0.0000
0.432 2 5.293593 6.278950 -14.204956 2.922058 -5.409241 2.983093 -0.08 0.08 8.9 8.9 -6.8643 -5.6580 11.91 0.00 43.87 0.0000 0.0000
0.437 2 5.010693 5.111387 -5.614853 -8.392334 57.846069 6.553650 -0.08 0.08 7.5 7.5 2.0366 4.0366 10.47 -0.05 70.00 0.0000 0.0000
0.442 2 -1.630273 -3.404394 -2.517334 -9.010315 72.860718 4.867554 -0.08 0.08 -7.9 -7.9 13.3888 11.6575 10.92 -0.10 -36.27 0.0000 0.0000
0.447 2 -8.769912 -3.934233 -7.686260 3.234863 27.595520 6.759644 -0.00 0.00 -9.3 -9.3 11.1758 10.8182 12.31 -0.07 -70.00 -0.0000 -0.0000
0.452 2 -3.565024 -3.699282 -14.320034 5.668640 -37.078857 8.056641 -0.00 0.00 -7.5 -7.5 -4.9353 3.3807 10.50 -0.02 -50.47 0.0000 0.0000
0.457 2 1.781313 -0.071924 -15.792075 0.091553 -56.190491 8.651733 0.00 -0.00 -0.8 -0.8 -10.5646 -10.4021 10.85 0.00 -6.43 -0.0000 -0.0000
0.462 2 7.173203 6.305322 -15.300595 -1.197815 -4.386902 -4.112244 -0.08 0.08 8.2 8.2 -6.0640 -7.0799 11.15 -0.01 41.93 0.0000 0.0000
0.467 2 6.585825 -1.016523 -3.986977 -2.532959 56.297302 5.668640 -0.08 0.08 7.6 7.6 8.8384 8.7810 10.63 -0.06 70.00 0.0000 0.0000
0.472 2 0.695264 -1.368950 -1.256269 -10.559082 72.120667 1.678467 -0.08 0.08 8.1 8.1 14.5405 15.7241 11.07 -0.16 70.00 0.0000 0.0000
0.477 2 -4.500034 6.890303 -11.359170 -3.303528 12.992859 10.589600 0.00 -0.00 -7.9 -7.9 17.7930 20.1831 10.87 -0.14 -29.42 0.0000 0.0000
0.482 2 -4.260288 -2.253613 -16.067783 0.526428 -65.727234 8.293152 0.00 -0.00 -7.6 -7.6 5.6345 4.9534 10.58 -0.07 -49.67 -0.0000 -0.0000
0.487 2 1.774121 -2.241626 -14.516625 7.316589 -89.530945 6.729126 0.08 -0.08 -1.0 -2.1 -10.9054 -9.5906 10.87 -0.04 -6.55 0.0000 0.0000
0.492 2 10.160439 5.770689 -14.955360 14.228821 -22.262573 -10.231018 0.08 -0.08 8.0 8.0 -6.1747 -9.9432 11.01 -0.05 55.69 0.0000 0.0000
0.497 2 8.839438 -4.128428 -3.322881 4.127502 51.757812 6.011963 0.00 -0.00 7.7 7.7 5.9051 2.1329 10.74 -0.10 70.00 0.0000 0.0000
0.502 2 -3.066352 2.047431 -1.929956 -16.410828 60.997009 -1.022339 0.00 -0.00 7.4 7.3 13.7987 13.9409 11.00 -0.19 18.28 0.0000 0.0000
0.507 2 -6.451567 -0.074321 -7.633515 -7.675171 -1.785278 16.357422 0.00 -0.00 -8.0 -8.0 12.7573 11.6575 11.04 -0.12 -59.61 0.0000 0.0000
0.512 2 -1.795698 -6.254975 -14.974541 12.420654 -54.092407 2.365112 0.00 -0.00 -7.7 -7.7 3.0525 -5.0270 10.66 -0.06 -39.88 -0.0000 -0.0000
0.517 2 5.540532 5.741919 -17.206577 -0.648499 -62.164307 6.401062 0.00 -0.00 7.8 7.8 -9.0151 -11.6575 10.82 -0.04 16.25 0.0000 0.0000
0.522 2 6.489926 -0.158232 -13.701488 7.774353 -2.006531 -5.172729 -0.08 0.08 9.0 9.0 -3.2664 -4.3905 12.02 -0.05 58.31 0.0000 0.0000
0.527 2 6.796802 1.299424 -4.485649 -5.462646 74.615479 3.021240 -0.08 0.08 7.5 7.5 9.5906 9.9432 10.47 -0.11 70.00 0.0000 0.0000
0.532 2 1.332988 -0.254131 -2.253613 -13.259888 73.341370 -2.601624 -0.08 0.08 0.8 0.8 16.4911 16.2924 11.01 -0.16 8.24 0.0000 0.0000
0.537 2 -3.138276 -18.352564 -7.839697 17.944336 -6.446838 1.960754 -0.08 0.08 -8.8 -8.8 15.5433 14.8601 11.79 -0.11 -52.73 -0.0000 -0.0000
0.542 2 -6.717685 12.622631 -18.470039 -4.798889 -82.260132 10.749817 0.00 -0.00 -7.3 -7.3 3.0320 3.9540 10.30 -0.05 -45.86 0.0000 0.0000
0.547 2 5.173720 -10.467314 -12.744902 8.903503 -66.474915 2.105713 0.00 -0.00 8.1 8.1 -10.4827 -12.8788 11.09 -0.03 18.32 0.0000 0.0000
0.552 2 3.411587 5.504570 -13.147676 -0.221252 -0.053406 1.510620 -0.08 0.08 8.0 8.0 -3.7048 -5.9051 10.98 -0.06 43.64 0.0000 0.0000
0.557 2 5.310376 3.572217 -3.787988 -3.570557 67.352295 9.895325 0.00 -0.00 7.8 7.8 8.5048 8.8384 10.81 -0.12 70.00 0.0000 0.0000
0.562 2 -0.477095 -5.166528 -3.262944 -6.065369 57.273865 4.608154 0.08 -0.08 -7.9 -7.9 15.3667 17.5619 10.85 -0.13 -31.79 -0.0000 -0.0000
0.567 2 -2.553296 -2.718721 -11.570147 -1.815796 -9.925842 -1.647949 0.17 -0.17 -8.3 -8.3 11.3636 12.4061 11.26 -0.09 -27.84 0.0000 0.0000
0.572 2 -9.577856 5.607661 -15.168735 3.044128 -77.865601 11.260986 0.17 -0.17 -7.6 -7.6 -4.5685 -5.4748 10.65 -0.04 -52.50 -0.0000 -0.0000
0.577 2 3.116699 -5.701162 -13.243574 8.079529 -61.775208 -0.633240 0.17 -0.17 7.9 8.2 -9.9432 -11.1758 11.91 -0.03 10.18 0.0000 0.0000
0.582 2 1.395322 0.076719 -12.473989 3.295898 -5.249023 0.961304 0.17 -0.17 8.4 8.4 -3.4235 -2.8172 11.44 -0.04 19.42 0.0000 0.0000
0.587 2 5.902549 2.488564 -3.629756 -4.226685 64.247131 4.028320 0.25 -0.25 7.8 7.8 10.0916 14.0861 10.82 -0.10 70.00 0.0000 0.0000
0.592 2 7.074907 -4.339404 -4.243506 -0.617981 58.692932 1.762390 0.25 -0.25 8.0 8.0 17.5619 18.5242 11.00 -0.15 70.00 0.0000 0.0000
0.597 2 -10.639932 -2.133740 -10.695073 -1.335144 -33.767700 0.114441 0.33 -0.33 -8.8 -8.8 16.9034 16.4911 11.82 -0.08 -70.00 -0.0000 -0.0000
0.602 2 -2.594053 -1.500811 -16.022230 5.096436 -99.617004 6.973267 0.25 -0.25 -7.4 -7.4 4.6954 3.4585 10.44 -0.02 -50.58 0.0000 0.0000
0.607 2 6.736865 0.170220 -13.502500 9.414673 -85.235596 6.523132 0.17 -0.17 7.9 7.9 -6.7953 -11.4599 10.90 -0.02 31.48 0.0000 0.0000
0.612 2 3.126289 -2.416641 -12.473989 8.781433 -26.275635 8.834839 -0.00 0.00 9.6 9.6 -3.3063 -6.3190 12.56 -0.03 36.64 0.0000 0.0000
0.617 2 5.195298 0.414761 -3.577012 -0.701904 42.266846 21.408081 -0.00 0.00 7.4 7.4 1.8103 7.1549 10.43 -0.09 70.00 0.0000 0.0000
0.622 2 -1.882007 -0.505864 -2.716323 -13.092041 43.800354 11.451721 0.00 -0.00 -8.0 -8.0 15.7241 16.4911 10.96 -0.14 -37.15 0.0000 0.0000
0.627 2 -5.120976 1.289834 -10.591982 6.355286 -7.225037 23.750305 0.00 -0.00 -8.5 -8.5 11.5579 12.7573 11.52 -0.09 -64.45 -0.0000 -0.0000
0.632 2 -2.471782 -5.504570 -13.814170 15.693665 -74.028015 16.662598 -0.00 0.00 -7.6 -7.6 3.4674 2.8589 10.63 -0.04 -54.25 0.0000 0.0000
0.637 2 -0.405171 -1.704595 -14.785141 -4.821777 -85.914612 15.350342 -0.08 0.08 -2.7 -1.1 -9.3260 -11.8620 10.87 -0.02 -7.74 0.0000 0.0000
0.642 2 3.543447 -1.551157 -12.991840 12.130737 -8.239746 8.651733 -0.08 0.08 8.9 8.9 -4.6791 -6.4394 11.87 -0.03 30.75 0.0000 0.0000
0.647 2 11.200937 7.566387 -4.303442 -15.335083 81.001282 12.596130 -0.00 0.00 7.5 7.5 2.0274 7.2314 10.54 -0.11 70.00 0.0000 0.0000
0.652 2 -4.145210 -6.300527 -1.829263 -9.002686 74.501038 9.590149 -0.00 0.00 -8.0 -8.0 14.6986 15.5433 11.00 -0.13 -70.00 -0.0000 -0.0000
0.657 2 -5.581289 0.743213 -11.083462 -0.541687 -5.767822 2.388000 0.00 -0.00 -7.4 -7.4 6.2031 9.2621 10.44 -0.06 -70.00 0.0000 0.0000
0.662 2 -0.606558 0.160630 -15.763305 6.866455 -66.146851 21.156311 0.00 -0.00 -7.9 -7.9 -4.1996 -2.4453 10.85 -0.01 -24.13 -0.0000 -0.0000
0.667 2 4.289057 -3.941426 -14.830693 7.064819 -32.173157 -0.251770 -0.00 0.00 8.3 8.3 -9.3908 -10.9941 11.31 -0.01 26.09 0.0000 0.0000
0.672 2 6.302925 4.464072 -12.490771 -7.064819 46.127319 6.118774 -0.00 0.00 7.6 7.6 -2.6884 3.6061 10.58 -0.04 40.81 0.0000 0.0000
0.677 2 2.512539 1.416899 -2.033047 -14.984131 98.358154 -0.068665 -0.08 0.08 7.9 7.9 14.8601 13.7987 10.87 -0.12 70.00 0.0000 0.0000
0.682 2 -6.295732 -4.080478 -5.818637 -6.828308 63.903809 11.184692 -0.00 0.00 -7.9 -7.9 18.5242 20.1831 10.95 -0.14 -62.39 0.0000 0.0000
0.687 2 -8.894580 -2.349512 -12.279795 -1.548767 -42.564392 13.107300 -0.00 0.00 -7.7 -7.7 8.9554 10.4021 10.71 -0.06 -70.00 -0.0000 -0.0000
0.692 2 1.201128 0.362017 -16.259579 6.500244 -76.713562 6.805420 0.00 -0.00 -7.8 -7.8 -3.5493 -2.9590 10.82 -0.01 -15.27 0.0000 0.0000
0.697 2 -0.563403 2.073804 -14.147416 1.380920 -54.756165 10.307312 -0.00 0.00 6.2 6.8 -9.2621 -10.0168 12.07 -0.02 8.84 0.0000 0.0000
0.702 2 7.082099 3.107109 -10.678290 1.640320 19.599915 6.080627 -0.08 0.08 7.9 7.9 4.9899 -3.3144 10.85 -0.04 30.58 0.0000 0.0000
0.707 2 4.197954 1.186743 -2.208061 -6.507874 66.749573 10.757446 -0.00 0.00 8.1 8.1 8.9554 13.1288 11.09 -0.12 70.00 0.0000 0.0000
0.712 2 4.039721 -1.606299 -6.576235 -5.676270 43.952942 10.429382 0.08 -0.08 8.6 8.6 15.7241 17.1173 11.64 -0.12 68.08 0.0000 0.0000
0.717 2 -4.106851 1.632671 -14.351201 -7.270813 -20.637512 6.278992 0.08 -0.08 -8.2 -8.2 9.0151 9.6591 11.15 -0.07 -30.34 0.0000 0.0000
0.722 2 -1.635068 -4.301045 -14.730000 5.317688 -83.854675 17.532349 0.00 -0.00 -7.7 -7.7 -2.9984 -8.7243 10.69 -0.02 -52.47 -0.0000 -0.0000
0.727 2 3.363638 -2.526924 -13.675117 14.846802 -54.824829 0.411987 -0.00 0.00 -1.2 -0.8 -8.2961 -9.2621 11.94 -0.01 -6.47 -0.0000 -0.0000
0.732 2 12.145536 7.561592 -10.618354 -7.583618 24.353027 20.668030 -0.08 0.08 7.8 7.8 7.0799 -4.5226 10.81 -0.05 70.00 0.0000 0.0000
0.737 2 4.933974 -2.843389 -1.965918 -8.750916 88.615417 8.331299 -0.00 0.00 7.9 7.9 11.8620 11.5579 10.92 -0.14 70.00 0.0000 0.0000
0.742 2 -0.239746 -1.788506 -6.566645 -14.083862 47.225952 15.075684 0.00 -0.00 -4.9 -4.7 14.2344 13.7987 12.74 -0.10 0.91 0.0000 0.0000
0.747 2 -7.861274 1.683017 -14.070698 -9.033203 -35.591125 12.222290 -0.00 0.00 -7.4 -7.4 4.7783 3.8308 10.44 -0.04 -62.97 0.0000 0.0000
0.752 2 1.704595 0.637725 -17.065126 -0.770569 -55.938721 4.623413 0.08 -0.08 -7.3 -8.0 -8.9554 -8.5048 11.07 -0.01 -14.76 -0.0000 -0.0000
0.757 2 6.489926 -2.438218 -13.418589 11.100769 -8.323669 -3.852844 0.00 -0.00 8.5 8.5 -9.2621 -8.4517 11.49 -0.02 33.94 0.0000 0.0000
0.762 2 9.419623 0.467505 -6.571440 -4.447937 64.170837 7.339478 0.08 -0.08 7.4 7.4 2.7319 8.0974 10.44 -0.07 70.00 0.0000 0.0000
0.767 2 0.011987 -0.254131 -2.697144 -17.158508 81.115723 -0.831604 -0.00 0.00 7.9 7.9 15.3667 16.9034 10.95 -0.13 54.43 0.0000 0.0000
0.772 2 -7.034150 11.833867 -10.498481 -29.724121 18.150330 9.140015 0.00 -0.00 -7.9 -7.9 19.5981 20.1831 10.90 -0.10 -70.00 -0.0000 -0.0000
0.777 2 -2.946479 -13.116508 -12.512348 23.063660 -48.332214 3.601074 0.00 -0.00 -7.7 -7.7 8.2961 8.6684 10.68 -0.04 -37.47 0.0000 0.0000
0.782 2 0.944600 5.396684 -16.425005 -9.849548 -78.666687 10.459900 -0.00 0.00 -7.5 -7.2 -7.1549 -7.7717 10.88 -0.01 -11.90 -0.0000 -0.0000
0.787 2 10.606367 -1.783711 -14.061108 14.541626 -35.552979 0.679016 -0.08 0.08 8.4 8.4 -7.5970 -10.0168 11.39 -0.02 15.45 0.0000 0.0000
0.792 2 8.654834 0.649712 -6.492324 -1.113892 28.953552 13.015747 -0.08 0.08 7.7 7.7 -2.7541 -3.1521 10.71 -0.06 70.00 0.0000 0.0000
0.797 2 -0.038359 1.088447 -2.169702 -9.979248 62.011719 7.858276 -0.00 0.00 8.1 8.1 10.0916 11.8620 11.11 -0.14 70.00 0.0000 0.0000
0.802 2 0.776777 -2.069009 -9.105556 -3.730774 33.760071 13.885498 0.08 -0.08 1.4 2.1 12.8788 11.1758 11.45 -0.11 7.66 0.0000 0.0000
0.807 2 -7.132446 6.079961 -14.612524 -11.352539 -25.970459 9.628296 0.08 -0.08 -7.9 -7.9 4.3481 5.9310 10.87 -0.07 -40.87 0.0000 0.0000
0.812 2 0.999741 -7.053330 -15.516367 7.644653 -64.811707 5.683899 0.00 -0.00 -4.0 -4.0 -2.0153 -7.6833 10.87 -0.03 -12.80 -0.0000 -0.0000
0.817 2 6.919072 2.272793 -15.276621 10.261536 -36.155701 -0.091553 -0.00 0.00 8.5 8.5 -6.2896 -8.2455 11.49 -0.03 21.71 0.0000 0.0000
0.822 2 10.316274 1.450464 -6.799199 -6.340027 35.804749 7.759094 -0.00 0.00 7.7 7.7 7.0431 8.8384 10.68 -0.07 70.00 0.0000 0.0000
0.827 2 0.604160 -0.474697 -2.088188 -11.550903 72.914124 0.587463 -0.00 0.00 8.1 8.1 14.8601 15.5433 11.12 -0.15 70.00 0.0000 0.0000
0.832 2 -9.465176 15.919140 -10.287504 -26.878357 16.265869 7.202148 0.08 -0.08 -8.9 -8.9 16.9034 17.5619 11.88 -0.11 -70.00 -0.0000 -0.0000
0.837 2 -3.476318 -18.040894 -12.167114 27.870178 -63.194275 12.611389 0.08 -0.08 -7.5 -7.5 5.6818 8.1956 10.47 -0.05 -59.73 0.0000 0.0000
0.842 2 1.313809 10.234760 -17.623735 -9.582520 -90.072632 2.861023 -0.00 0.00 -1.6 -0.8 -8.9554 -11.4599 10.90 -0.02 -3.70 -0.0000 -0.0000
0.847 2 10.170029 0.755200 -13.943632 9.407043 -34.248352 -0.366211 -0.00 0.00 8.2 8.2 -8.3473 -8.5048 11.22 -0.03 52.01 0.0000 0.0000
0.852 2 9.290161 -1.203525 -5.147348 1.861572 48.355103 10.604858 0.08 -0.08 7.3 7.3 -2.0427 2.5906 10.27 -0.08 70.00 0.0000 0.0000
0.857 2 -1.359360 -0.563403 -2.282383 -11.787415 65.208435 3.562927 0.08 -0.08 -7.9 -7.9 14.3858 15.3667 10.93 -0.14 -27.02 0.0000 0.0000
0.862 2 -10.757407 0.477095 -8.093828 -6.690979 9.140015 10.604858 0.08 -0.08 -7.8 -7.8 10.1674 11.6575 10.76 -0.09 -70.00 -0.0000 -0.0000
0.867 2 0.050347 -12.670581 -11.706801 30.761719 -47.569275 12.023926 0.17 -0.17 -7.7 -7.7 -4.5226 2.7710 10.69 -0.03 -24.66 0.0000 0.0000
0.872 2 5.331953 8.362344 -17.508657 -13.061523 -55.786133 1.213074 0.00 -0.00 7.9 7.9 -9.0151 -11.5579 10.92 -0.02 25.17 0.0000 0.0000
0.877 2 2.992031 -6.096743 -12.613042 7.652283 2.876282 11.230469 -0.00 0.00 9.1 9.1 -4.9899 -5.6111 12.06 -0.04 28.09 0.0000 0.0000
0.882 2 5.061040 2.332729 -4.449687 -7.286072 82.992554 3.433228 -0.08 0.08 7.5 7.5 9.3260 8.1956 10.49 -0.10 70.00 0.0000 0.0000
0.887 2 -0.189399 -2.663579 -3.473921 -13.153076 79.696655 14.976501 -0.08 0.08 -8.0 -8.0 15.9091 15.5433 11.00 -0.13 -30.61 -0.0000 -0.0000
0.892 2 -4.814101 -7.113266 -9.302148 8.499146 6.500244 7.331848 -0.08 0.08 -8.6 -8.6 10.7323 10.4021 11.56 -0.07 -70.00 -0.0000 -0.0000
0.897 2 -6.216616 10.313877 -15.173530 0.640869 -53.993225 19.813538 -0.08 0.08 -7.5 -7.5 2.4498 2.4722 10.52 -0.02 -32.90 0.0000 0.0000
0.902 2 3.073545 -8.024302 -13.147676 -0.617981 -38.909912 10.986328 -0.08 0.08 8.6 8.6 -8.6684 -9.7286 11.58 -0.01 16.05 0.0000 0.0000
0.907 2 1.817275 4.480855 -12.874365 -2.380371 26.763916 4.043579 -0.08 0.08 7.6 7.6 -2.5758 -2.6515 10.58 -0.04 26.76 0.0000 0.0000
0.912 2 4.401738 1.982700 -4.864448 -7.652283 76.904297 7.972717 -0.08 0.08 8.1 8.1 12.7573 12.8788 11.14 -0.09 70.00 0.0000 0.0000
0.917 2 -6.032012 -6.245386 -5.842612 4.844666 54.641724 10.475159 -0.00 0.00 -5.1 -5.4 18.0303 18.5242 10.87 -0.11 -0.76 0.0000 0.0000
0.922 2 -7.427334 6.300527 -10.824535 -2.120972 -25.497437 3.608704 -0.00 0.00 -7.8 -7.8 11.2689 10.7323 10.82 -0.03 -70.00 -0.0000 -0.0000
0.927 2 0.191797 -2.512539 -14.509433 4.486084 -78.689575 14.671326 -0.08 0.08 -7.3 -7.3 2.4105 2.5709 10.30 0.01 -21.09 0.0000 0.0000
0.932 2 -0.021577 -0.278105 -13.615180 2.006531 -55.809021 7.301331 -0.00 0.00 5.3 5.8 -10.7323 -11.5579 11.20 0.00 6.51 0.0000 0.0000
0.937 2 7.937993 8.101020 -12.109575 -0.083923 16.967773 9.521484 -0.00 0.00 7.8 7.8 -3.3639 -3.0733 10.84 -0.02 36.75 0.0000 0.0000
0.942 2 5.331953 0.575391 -3.773603 -6.813049 77.308655 11.550903 -0.00 0.00 7.9 7.9 13.3888 13.6593 10.87 -0.10 70.00 0.0000 0.0000
0.947 2 -3.922246 -5.696367 -8.515781 -4.150391 57.044983 13.397217 0.08 -0.08 8.1 8.1 17.5619 19.0460 11.07 -0.12 31.24 0.0000 0.0000
0.952 2 -8.105815 6.166269 -13.732656 -15.373230 -36.026001 9.048462 0.00 -0.00 -8.0 -8.0 16.2924 13.5227 11.01 -0.05 -70.00 0.0000 0.0000
0.957 2 -1.476836 -1.855635 -14.087480 17.181396 -92.758179 11.230469 0.00 -0.00 -7.6 -7.6 3.2902 -4.8995 10.57 0.01 -32.40 -0.0000 -0.0000
0.962 2 2.773862 -0.460312 -13.142880 2.235413 -75.737000 7.667542 -0.00 0.00 7.9 7.9 -9.0756 -11.6575 10.87 0.00 18.44 0.0000 0.0000
0.967 2 3.246162 1.692607 -11.181758 1.091003 -17.669678 9.765625 -0.08 0.08 6.7 8.1 -3.8200 -5.5649 11.85 -0.01 15.47 0.0000 0.0000
0.972 2 5.449429 0.326055 -2.668374 -0.205994 46.630859 12.443542 -0.00 0.00 7.6 7.6 1.9046 7.5126 10.60 -0.09 70.00 0.0000 0.0000
0.977 2 1.273052 -0.831919 -6.648159 -8.758545 41.130066 9.323120 -0.00 0.00 -1.7 -2.5 15.3667 16.9034 10.93 -0.10 4.62 0.0000 0.0000
0.982 2 -0.237349 -9.374072 -11.459863 11.665344 0.389099 4.524231 -0.00 0.00 -8.8 -8.8 10.0168 10.6478 11.79 -0.07 -14.42 0.0000 0.0000
0.987 2 -3.943823 5.998447 -13.895683 6.652832 -63.407898 15.457153 -0.00 0.00 -6.3 -6.2 -2.4722 -2.4321 10.47 -0.03 -16.30 -0.0000 -0.0000
0.992 2 -2.428628 -10.659111 -13.135688 5.401611 -74.409485 10.406494 -0.00 0.00 -7.9 -7.9 -8.6132 -10.0168 10.87 -0.01 -27.35 -0.0000 -0.0000
0.997 2 11.351977 12.869570 -13.619975 -5.805969 16.189575 11.642456 -0.00 0.00 8.1 8.1 -4.9353 -5.5195 11.06 -0.04 61.25 0.0000 0.0000
1.002 2 7.194780 -0.335645 -2.572475 -11.917114 93.750000 12.519836 -0.00 0.00 7.7 7.7 10.0168 10.2445 10.74 -0.13 70.00 0.0000 0.0000
1.007 2 1.419297 -0.280503 -7.204370 -10.780334 79.696655 11.657715 0.08 -0.08 5.7 5.0 15.0252 16.0984 10.95 -0.14 17.62 0.0000 0.0000
1.012 2 -10.668701 7.947583 -11.251284 -16.677856 -20.973206 10.620117 0.08 -0.08 -7.8 -7.8 7.2703 6.8993 10.79 -0.06 -70.00 0.0000 0.0000
1.017 2 -0.846304 -4.754165 -14.881040 13.168335 -70.861816 12.481689 0.00 -0.00 -7.8 -7.8 -3.1743 -4.3622 10.76 -0.01 -32.45 -0.0000 -0.0000
1.022 2 2.277588 0.611353 -16.146898 5.462646 -29.533386 6.042480 -0.00 0.00 9.4 9.4 -7.3096 -9.1991 12.43 -0.02 16.42 0.0000 0.0000
1.027 2 10.752612 1.191538 -9.326122 -7.377625 45.059204 10.223389 -0.00 0.00 7.1 7.1 3.2585 2.7485 10.14 -0.06 70.00 0.0000 0.0000
1.032 2 1.129204 3.032788 -2.893735 -13.702393 82.939148 2.540588 -0.00 0.00 8.3 8.3 14.6986 14.8601 11.26 -0.13 70.00 0.0000 0.0000
1.037 2 -7.451308 14.540600 -10.539238 -23.246765 26.092529 14.785767 -0.00 0.00 -8.3 -8.3 19.0460 18.5242 11.28 -0.10 -55.58 -0.0000 -0.0000
1.042 2 -2.512539 -14.869052 -11.001948 32.958984 -50.880432 7.514954 -0.08 0.08 -7.6 -7.6 7.6399 5.7543 10.62 -0.03 -55.20 0.0000 0.0000
1.047 2 0.539429 8.369535 -15.087221 -14.503479 -84.724426 10.169983 -0.08 0.08 -6.4 -4.4 -6.8993 -10.4021 10.87 -0.00 -9.43 -0.0000 -0.0000
1.052 2 9.791230 0.668892 -13.370639 11.688232 -35.285950 -1.564026 -0.00 0.00 8.3 8.3 -8.3992 -8.8384 11.34 -0.02 56.05 0.0000 0.0000
1.057 2 7.518437 -2.745093 -5.945703 -0.228882 46.363831 15.754700 -0.00 0.00 7.0 7.0 2.7429 5.4527 10.05 -0.07 70.00 0.0000 0.0000
1.062 2 -0.484287 2.220049 -4.425713 -11.734009 79.055786 6.752014 -0.00 0.00 7.9 7.9 13.3888 14.6986 10.93 -0.13 33.08 0.0000 0.0000
1.067 2 -5.041860 2.339922 -10.711855 -21.835327 24.482727 11.299133 0.08 -0.08 -9.2 -9.2 15.5433 16.6947 12.17 -0.10 -50.55 -0.0000 -0.0000
1.072 2 2.119355 -10.965986 -11.054692 27.328491 -42.793274 14.663696 0.17 -0.17 -7.5 -7.5 5.0837 6.0101 10.49 -0.04 -26.49 0.0000 0.0000
1.077 2 1.625479 6.240591 -15.171132 -13.999939 -75.721741 1.747131 0.17 -0.17 2.2 1.7 -8.6684 -9.0151 10.98 -0.02 0.18 0.0000 0.0000
1.082 2 7.961967 3.526665 -14.197763 18.165588 -25.283813 -3.631592 0.25 -0.25 8.5 8.5 -6.7613 -5.2414 11.53 -0.03 49.13 0.0000 0.0000
1.087 2 5.236054 -1.059678 -5.607661 -4.066467 43.472290 5.668640 0.25 -0.25 7.7 7.7 3.2120 10.5646 10.69 -0.08 70.00 0.0000 0.0000
1.092 2 1.217910 -1.237090 -3.998965 -11.642456 66.314697 0.396729 0.33 -0.33 2.1 0.8 16.0984 18.0303 11.06 -0.12 10.29 0.0000 0.0000
1.097 2 -7.501655 -3.572217 -9.752871 -7.682800 9.124756 -1.182556 0.42 -0.42 -8.1 -8.1 18.2739 19.0460 11.06 -0.09 -62.69 0.0000 0.0000
1.102 2 -7.599951 6.549863 -15.161543 14.022827 -69.808960 3.753662 0.42 -0.42 -7.7 -7.7 6.4089 7.9080 10.66 -0.03 -52.14 -0.0000 -0.0000
1.107 2 2.956069 -7.046137 -11.565351 2.937317 -96.450806 5.668640 0.33 -0.33 0.8 1.2 -7.3895 -10.1674 10.92 -0.01 1.62 0.0000 0.0000
1.112 2 5.120976 6.945444 -13.581615 7.270813 -32.615662 -4.890442 0.25 -0.25 8.2 8.2 -5.8287 -7.1929 11.20 -0.03 53.32 0.0000 0.0000
1.117 2 7.400962 -0.045552 -5.317568 -1.121521 41.748047 6.072998 0.17 -0.17 7.7 7.7 9.3260 3.2351 10.68 -0.08 70.00 0.0000 0.0000
1.122 2 -0.165425 0.031167 -4.938769 -11.932373 59.486389 7.217407 0.17 -0.17 -4.8 -4.1 16.0984 14.6986 11.11 -0.12 -2.08 0.0000 0.0000
1.127 2 -6.221411 -18.654642 -8.309599 21.850586 4.989624 23.574829 0.17 -0.17 -9.1 -9.1 15.1940 15.5433 12.12 -0.08 -70.00 0.0000 0.0000
1.132 2 -3.075942 6.739263 -14.025146 8.995056 -70.465088 9.712219 0.08 -0.08 -7.3 -7.3 4.4926 -7.8166 10.30 -0.03 -31.68 -0.0000 -0.0000
1.137 2 4.941167 -6.259770 -11.865034 -1.388550 -79.246521 18.775940 0.08 -0.08 7.9 7.9 -8.2961 -12.6380 10.90 -0.01 17.10 0.0000 0.0000
1.142 2 3.171841 0.007192 -12.680170 8.369446 -17.150879 5.462646 -0.00 0.00 8.9 8.9 -4.1228 -4.0366 11.87 -0.03 27.02 0.0000 0.0000
1.147 2 6.981406 2.092983 -5.295991 -2.738953 62.095642 16.090393 -0.08 0.08 7.6 7.6 10.0168 9.5906 10.57 -0.09 70.00 0.0000 0.0000
1.152 2 1.747749 -1.059678 -5.538135 -13.465881 64.468384 10.902405 -0.08 0.08 3.4 3.9 18.0303 17.3368 11.01 -0.12 15.54 0.0000 0.0000
1.157 2 -7.918813 3.157456 -12.970263 11.222839 -5.867004 13.511658 -0.08 0.08 -8.9 -8.9 15.3667 15.3667 11.94 -0.07 -59.88 0.0000 0.0000
1.162 2 -7.134843 2.855376 -12.593862 6.538391 -81.077576 22.506714 -0.17 0.17 -7.6 -7.6 4.0731 -6.0101 10.57 -0.02 -54.46 -0.0000 -0.0000
1.167 2 2.716323 -8.192123 -11.239297 2.578735 -73.585510 17.639160 -0.17 0.17 7.9 7.9 -10.1674 -12.4061 10.90 -0.01 13.28 0.0000 0.0000
1.172 2 3.845527 4.737383 -13.691899 0.717163 -5.416870 10.162354 -0.25 0.25 7.8 7.8 -2.9019 -4.8643 10.82 -0.03 17.98 0.0000 0.0000
1.177 2 7.422539 1.356963 -5.475801 -5.752563 58.753967 16.998291 -0.25 0.25 7.8 7.8 13.1288 13.1288 10.79 -0.09 70.00 0.0000 0.0000
1.182 2 1.901186 -9.026441 -7.460898 -4.203796 53.199768 18.592834 -0.25 0.25 8.1 8.1 17.7930 18.2739 11.07 -0.11 51.27 0.0000 0.0000
1.187 2 -7.964365 9.858359 -12.308564 -12.733459 -38.543701 13.145447 -0.33 0.33 -8.0 -8.0 11.4599 12.5210 11.01 -0.03 -70.00 0.0000 0.0000
1.192 2 0.635327 -9.318931 -10.807754 28.732300 -97.122192 25.703430 -0.25 0.25 -7.8 -7.8 -7.3493 2.9526 10.77 0.02 -32.57 -0.0000 -0.0000
1.197 2 3.243765 3.090327 -13.634360 -3.036499 -73.341370 12.680054 -0.25 0.25 7.9 7.9 -8.9554 -8.0016 10.92 0.01 14.95 0.0000 0.0000
1.202 2 6.631377 -0.148643 -12.176703 -2.532959 -5.661011 5.599976 -0.17 0.17 7.7 7.7 -3.4942 -2.6258 10.71 -0.02 42.82 0.0000 0.0000
1.207 2 1.905981 2.359102 -5.504570 -1.380920 50.308228 7.141113 -0.17 0.17 7.9 7.9 12.7573 13.5227 10.88 -0.07 63.44 0.0000 0.0000
1.212 2 -2.411846 0.939805 -9.060004 0.282288 31.318665 2.311707 -0.08 0.08 -1.6 -2.2 18.0303 18.7815 11.47 -0.08 6.78 0.0000 0.0000
1.217 2 -6.039204 2.680361 -10.601572 -1.754761 -50.529480 6.713867 -0.08 0.08 -7.9 -7.9 12.6380 10.7323 10.87 -0.01 -70.00 0.0000 0.0000
1.222 2 0.491479 -2.594053 -12.471591 14.961243 -100.524902 7.583618 -0.25 0.25 -7.8 -7.8 3.6157 -2.6778 10.77 0.03 -34.09 -0.0000 -0.0000
1.227 2 -0.275708 -0.776777 -12.718530 12.298584 -82.496643 3.883362 -0.33 0.33 -0.8 2.9 -5.7789 -11.4599 10.92 0.03 1.72 0.0000 0.0000
1.232 2 8.261650 1.819673 -10.992358 -1.846313 -19.004822 17.547607 -0.50 0.50 8.4 8.4 -3.2506 -5.7058 11.41 0.00 48.35 0.0000 0.0000
1.237 2 6.034409 -0.565801 -5.787470 -0.122070 46.447754 6.546021 -0.50 0.50 7.7 7.7 10.7323 10.8182 10.74 -0.07 70.00 0.0000 0.0000
1.242 2 0.002397 0.525044 -8.647641 -12.825012 38.558960 19.073486 -0.50 0.50 -6.3 -5.2 16.9034 17.1173 10.90 -0.07 -0.32 -0.0000 -0.0000
1.247 2 -11.085859 6.628979 -12.035254 4.737854 -24.520874 5.569458 -0.59 0.59 -8.2 -8.2 9.7991 7.1172 11.20 -0.03 -70.00 -0.0000 -0.0000
1.252 2 -3.517075 1.167563 -11.157783 8.209229 -92.933655 21.827698 -0.59 0.59 -7.8 -7.8 -2.4676 -5.9835 10.76 0.03 -62.49 0.0000 0.0000
1.257 2 11.160180 -3.478716 -13.569629 13.282776 -65.444946 1.129150 -0.67 0.67 8.8 9.0 -9.1370 -11.2689 12.02 0.03 17.00 0.0000 0.0000
1.262 2 10.205991 0.894253 -10.146054 -12.733459 20.492554 15.975952 -0.67 0.67 7.7 7.7 -5.8540 -4.5378 10.69 -0.02 70.00 0.0000 0.0000
1.267 2 1.443271 1.620684 -6.521093 -7.186890 86.349487 3.662109 -0.75 0.75 7.9 7.9 12.5210 10.3227 10.85 -0.08 57.19 0.0000 0.0000
1.272 2 -3.210200 0.541826 -10.654316 -11.878967 51.139832 15.373230 -0.67 0.67 -8.6 -8.6 16.4911 14.5405 11.61 -0.06 -28.29 0.0000 0.0000
1.277 2 -7.187588 -6.945444 -9.493945 -5.691528 -44.837952 8.735657 -0.75 0.75 -7.3 -7.3 7.4711 5.8037 10.31 0.00 -70.00 -0.0000 -0.0000
1.282 2 0.328452 2.845786 -12.080805 9.155273 -67.649841 7.682800 -0.92 0.92 -8.0 -8.0 -2.5419 -10.9941 10.96 0.03 -17.81 0.0000 0.0000
1.287 2 9.036030 -2.119355 -13.737451 2.479553 -17.478943 5.622864 -1.00 1.00 8.8 8.8 -7.5546 -9.9432 11.79 0.01 43.22 0.0000 0.0000
1.292 2 7.005381 4.027734 -8.534961 -8.720398 56.358337 14.541626 -1.26 1.26 7.4 7.4 8.2455 -2.7374 10.38 -0.04 70.00 0.0000 0.0000
1.297 2 -0.393184 -3.620166 -7.149228 -9.681702 81.459045 18.486023 -1.34 1.34 -6.1 -2.8 14.3858 12.5210 11.12 -0.07 -3.29 0.0000 0.0000
1.302 2 -8.043481 -6.885508 -8.865810 6.309509 26.252747 31.066895 -1.34 1.34 -8.7 -8.7 10.2445 11.3636 11.71 -0.03 -70.00 0.0000 0.0000
1.307 2 -5.236054 0.388389 -11.248886 16.105652 -51.063538 18.478394 -1.26 1.26 -7.6 -7.6 -4.4337 3.6548 10.60 0.02 -57.96 -0.0000 -0.0000
1.312 2 4.531201 -3.270137 -11.138603 -12.466431 -67.085266 18.310547 -1.42 1.42 2.5 5.7 -8.0974 -10.9054 10.79 0.04 7.23 0.0000 0.0000
1.317 2 5.183311 3.641743 -13.003828 9.132385 -2.861023 11.253357 -1.42 1.42 7.9 7.9 -4.5226 -5.3875 10.87 0.01 38.42 0.0000 0.0000
1.322 2 5.219272 0.932612 -7.031753 1.411438 63.781738 12.130737 -1.42 1.42 7.8 7.8 9.5906 9.5906 10.81 -0.05 70.00 0.0000 0.0000
1.327 2 2.224844 -0.853496 -9.117543 -10.574341 64.529419 18.661499 -1.42 1.42 8.0 8.0 15.9091 16.4911 11.04 -0.07 37.89 0.0000 0.0000
1.332 2 -7.468091 6.595415 -11.181758 -2.853394 -22.399902 7.972717 -1.34 1.34 -8.1 -8.1 11.3636 11.4599 11.06 -0.01 -70.00 0.0000 0.0000
1.337 2 -2.821811 -4.056504 -11.184155 11.054993 -96.206665 25.169373 -1.42 1.42 -7.6 -7.6 2.7374 -3.8636 10.65 0.05 -56.39 -0.0000 -0.0000
1.342 2 1.074062 2.066611 -12.138345 4.974365 -75.218201 7.827759 -1.42 1.42 6.3 7.9 -9.7991 -10.0916 10.88 0.05 11.16 0.0000 0.0000
1.347 2 4.569561 4.317827 -12.016074 -3.143311 -8.285522 10.368347 -1.34 1.34 8.2 8.2 -5.7789 -4.2524 11.23 0.01 27.48 0.0000 0.0000
1.352 2 3.847925 -0.347632 -6.691313 -7.194519 44.776917 2.418518 -1.34 1.34 7.8 7.8 9.4564 10.4021 10.79 -0.04 52.48 0.0000 0.0000
1.357 2 2.301562 0.333247 -9.592241 -4.936218 30.754089 8.415222 -1.34 1.34 4.1 5.8 15.5433 16.2924 11.96 -0.04 21.05 0.0000 0.0000
1.362 2 -7.372192 0.091104 -10.189209 -1.441956 -43.006897 -3.356934 -1.26 1.26 -7.8 -7.8 8.0016 6.2317 10.77 0.02 -70.00 0.0000 0.0000
1.367 2 -3.562627 5.818637 -11.812289 7.614136 -94.406128 2.578735 -1.34 1.34 -7.8 -7.8 -2.6106 -5.7789 10.79 0.07 -58.05 -0.0000 -0.0000
1.372 2 2.951274 -4.514419 -12.984648 13.595581 -62.133789 -4.074097 -1.42 1.42 -6.1 -2.8 -8.4517 -11.6575 11.09 0.07 -9.12 0.0000 0.0000
1.377 2 12.061625 2.220049 -12.040049 -2.693176 13.519287 1.724243 -1.42 1.42 8.2 8.2 -6.7277 -8.0492 11.15 0.03 57.61 0.0000 0.0000
1.382 2 5.027475 1.234692 -7.300268 -10.772705 78.239441 -4.699707 -1.42 1.42 7.6 7.6 9.5906 8.6132 10.63 -0.04 70.00 0.0000 0.0000
1.387 2 -3.704077 -2.924902 -7.170805 -12.680054 56.419373 -2.105713 -1.34 1.34 -8.7 -8.7 15.0252 15.0252 11.71 -0.03 -27.83 0.0000 0.0000
1.392 2 -7.314653 3.087929 -10.618354 2.433777 -18.722534 -12.695312 -1.34 1.34 -7.5 -7.5 4.3763 5.8540 10.50 0.01 -70.00 -0.0000 -0.0000
1.397 2 -3.495498 5.085014 -11.565351 5.996704 -70.678711 -10.932922 -1.42 1.42 -7.9 -7.9 -11.1758 -12.1826 10.87 0.07 -58.31 0.0000 0.0000
1.402 2 11.073872 -4.188364 -14.190571 8.262634 -25.123596 -14.007568 -1.42 1.42 9.0 9.0 -11.9670 -11.9670 12.01 0.06 29.24 0.0000 0.0000
1.407 2 9.654575 0.786367 -10.313877 -5.355835 72.311401 -13.359070 -1.34 1.34 7.8 7.8 -6.3487 -4.0978 10.76 0.00 70.00 0.0000 0.0000
1.412 2 2.330332 2.200869 -7.501655 -18.737793 122.032166 -10.818481 -1.42 1.42 7.9 7.9 10.5646 10.0168 10.85 -0.06 58.71 0.0000 0.0000
1.417 2 0.007192 6.724878 -10.522456 -31.455994 64.651489 -4.646301 -1.34 1.34 -0.8 0.8 13.1288 14.6986 12.12 -0.05 7.31 0.0000 0.0000
1.422 2 -6.710493 -9.954258 -6.202231 12.786865 -20.370483 -12.344360 -1.34 1.34 -7.7 -7.7 4.8995 5.5195 10.69 0.03 -70.00 0.0000 0.0000
1.427 2 0.234951 3.428369 -12.915122 0.114441 -44.067383 -14.770508 -1.42 1.42 -7.8 -6.2 -11.2689 -12.5210 10.84 0.06 -16.50 -0.0000 -0.0000
1.432 2 7.046137 -0.525044 -15.178325 0.152588 1.998901 -9.552002 -1.42 1.42 8.5 8.6 -11.2689 -10.0916 11.58 0.04 12.60 0.0000 0.0000
1.437 2 8.949721 -0.539429 -9.803218 -2.441406 69.480896 -11.863708 -1.34 1.34 7.6 7.6 4.6153 2.6463 10.55 -0.00 70.00 0.0000 0.0000
1.442 2 0.330850 -0.234951 -6.619390 -14.381409 89.897156 -5.020142 -1.34 1.34 8.0 8.0 13.1288 14.3858 11.00 -0.05 29.13 0.0000 0.0000
1.447 2 -8.961709 6.842353 -10.764599 -7.141113 31.250000 -15.258789 -1.34 1.34 -7.9 -7.9 17.3368 17.1173 10.88 -0.03 -67.19 -0.0000 -0.0000
1.452 2 -4.711010 -2.740298 -9.184672 14.595032 -58.074951 -7.095337 -1.26 1.26 -7.7 -7.7 8.1462 6.3786 10.68 0.04 -70.00 0.0000 0.0000
1.457 2 1.102832 -4.651074 -11.176963 7.148743 -75.340271 -11.032104 -1.26 1.26 -7.8 -7.8 -2.6309 -5.9051 10.81 0.07 -20.81 -0.0000 -0.0000
1.462 2 1.759736 8.590102 -15.365327 -5.134583 -34.019470 -4.516602 -1.34 1.34 0.8 2.1 -7.7717 -7.0066 11.33 0.05 1.62 0.0000 0.0000
1.467 2 8.328779 -1.788506 -8.913759 1.304626 21.659851 -8.422852 -1.34 1.34 7.9 7.9 2.5563 3.4235 10.88 0.01 63.55 0.0000 0.0000
1.472 2 1.603901 2.049829 -6.693711 -10.261536 46.157837 -7.759094 -1.26 1.26 8.2 8.2 13.0026 13.0026 11.18 -0.03 44.66 0.0000 0.0000
1.477 2 -4.164390 -2.349512 -11.244091 -5.012512 13.290405 -15.457153 -1.26 1.26 -9.0 -9.0 14.6986 15.9091 12.02 -0.03 -36.14 0.0000 0.0000
1.482 2 -4.823691 -0.352427 -9.012055 19.050598 -69.961548 -4.776001 -1.34 1.34 -7.6 -7.6 5.2823 4.9173 10.65 0.03 -67.17 -0.0000 -0.0000
1.487 2 0.980561 2.939287 -12.634619 6.500244 -102.119446 -11.627197 -1.34 1.34 -7.9 -7.9 -5.2010 -9.1991 10.85 0.07 -32.87 0.0000 0.0000
1.492 2 6.183052 0.187002 -14.871449 11.062622 -62.896729 2.716064 -1.34 1.34 1.1 3.5 -10.4827 -11.7589 12.02 0.06 2.06 0.0000 0.0000
1.497 2 9.074389 1.496016 -8.772309 -2.159119 15.518188 -15.701294 -1.34 1.34 8.0 8.0 -4.7783 -3.9425 10.96 0.01 70.00 0.0000 0.0000
1.502 2 1.323398 0.342837 -5.720342 -7.278442 53.627014 -4.798889 -1.26 1.26 7.8 7.8 9.2621 11.5579 10.76 -0.05 49.09 0.0000 0.0000
1.507 2 1.994687 3.073545 -10.810151 -15.014648 22.163391 -12.168884 -1.34 1.34 -7.4 -6.7 12.2934 14.8601 12.09 -0.04 -5.19 0.0000 0.0000
1.512 2 -6.986201 6.293335 -10.826933 -5.546570 -55.397034 -4.798889 -1.34 1.34 -7.6 -7.6 3.7048 -7.2314 10.58 0.01 -70.00 -0.0000 -0.0000
1.517 2 3.200610 -7.573579 -11.814687 18.348694 -81.260681 -13.359070 -1.26 1.26 -7.9 -7.9 -11.5579 -12.2934 10.90 0.05 -20.61 0.0000 0.0000
1.522 2 4.001362 0.071924 -13.567231 11.657715 -29.846191 -8.766174 -1.34 1.34 8.3 8.3 -13.0026 -13.7987 11.34 0.04 34.69 0.0000 0.0000
1.527 2 8.321587 -0.666494 -8.089033 -7.156372 60.508728 -19.935608 -1.42 1.42 7.6 7.6 -4.1608 -5.3239 10.58 -0.02 70.00 0.0000 0.0000
1.532 2 1.145986 2.471782 -6.492324 -15.327454 92.651367 -7.064819 -1.42 1.42 7.9 7.9 12.2934 11.1758 10.85 -0.08 30.52 0.0000 0.0000
1.537 2 -4.044517 1.390527 -9.599433 -25.886536 29.510498 -7.164001 -1.42 1.42 -9.0 -9.0 11.2689 12.1826 12.01 -0.04 -22.73 -0.0000 -0.0000
1.542 2 -5.382299 -2.658784 -9.167891 9.407043 -39.283752 -13.015747 -1.34 1.34 -7.3 -7.3 -3.9083 2.7319 10.30 0.03 -70.00 0.0000 0.0000
1.547 2 1.944341 3.907861 -14.305649 4.043579 -51.315308 -14.686584 -1.42 1.42 3.2 5.1 -12.2934 -12.8788 10.84 0.04 4.23 0.0000 0.0000
1.552 2 7.695849 -1.496016 -13.480923 4.112244 0.488281 -7.446289 -1.34 1.34 8.9 8.9 -7.4301 -8.1956 11.94 0.02 48.35 0.0000 0.0000
1.557 2 6.310117 -0.431543 -7.638310 -7.148743 68.084717 -20.797729 -1.34 1.34 7.5 7.5 2.9019 2.3155 10.52 -0.03 70.00 0.0000 0.0000
1.562 2 -0.908638 -3.270137 -5.665200 -6.507874 77.056885 -2.998352 -1.26 1.26 -8.0 -8.0 13.2575 13.2575 10.98 -0.06 -14.59 0.0000 0.0000
1.567 2 -10.647123 -0.982959 -9.721704 3.173828 5.073547 -21.530151 -1.26 1.26 -8.2 -8.2 13.3888 12.6380 11.17 -0.02 -70.00 0.0000 0.0000
1.572 2 -4.430508 8.928144 -12.205473 3.250122 -67.527771 -13.549805 -1.26 1.26 -7.6 -7.6 3.2982 4.0487 10.63 0.04 -56.02 -0.0000 -0.0000
1.577 2 4.188364 -6.775224 -11.817084 12.756348 -66.734314 -12.451172 -1.34 1.34 6.8 7.9 -12.6380 -12.4061 10.90 0.06 10.37 0.0000 0.0000
1.582 2 5.756303 3.835938 -14.355995 -4.821777 -16.502380 -9.819031 -1.26 1.26 7.9 7.9 -8.8384 -6.5964 10.88 0.04 32.88 0.0000 0.0000
1.587 2 4.193159 -1.594311 -6.907085 -0.015259 39.657593 -15.396118 -1.09 1.09 7.7 7.7 -2.1952 7.3096 10.71 -0.01 65.15 0.0000 0.0000
1.592 2 -0.944600 -2.114560 -5.101797 -6.774902 52.604675 -8.087158 -1.00 1.00 -7.8 -7.4 13.0026 14.3858 10.85 -0.04 -7.30 0.0000 0.0000
1.597 2 -2.898530 -1.908379 -11.184155 -4.653931 -1.556396 -26.596069 -1.09 1.09 -8.2 -8.2 13.3888 14.2344 11.23 -0.02 -41.73 0.0000 0.0000
1.602 2 -0.318862 -0.522646 -9.436406 14.106750 -71.830750 -11.375427 -1.09 1.09 -7.6 -7.6 3.8200 -5.0084 10.63 0.04 -46.67 -0.0000 -0.0000
1.607 2 3.212598 -2.699541 -12.704145 13.130188 -87.738037 -12.512207 -1.09 1.09 -2.1 0.8 -11.0842 -12.8788 10.87 0.06 -4.54 0.0000 0.0000
1.612 2 4.368174 -0.759995 -14.907412 2.494812 -37.384033 -3.364563 -1.17 1.17 8.8 8.8 -10.9054 -9.4564 11.83 0.05 19.03 0.0000 0.0000
1.617 2 5.590879 -0.915830 -6.983803 -2.319336 33.248901 -18.905640 -1.09 1.09 7.6 7.6 -3.2585 4.3481 10.57 -0.01 70.00 0.0000 0.0000
1.622 2 0.129463 2.296767 -6.084756 -13.786316 55.801392 -2.937317 -1.09 1.09 4.5 6.9 13.6593 12.7573 10.85 -0.05 16.08 0.0000 0.0000
1.627 2 -4.905205 -2.764272 -9.640190 -14.205933 3.654480 -15.747070 -1.17 1.17 -8.3 -8.3 8.8384 11.0842 11.28 -0.03 -54.15 -0.0000 -0.0000
1.632 2 -3.977388 -8.383921 -7.863672 23.223877 -65.933228 -3.150940 -1.17 1.17 -7.7 -7.7 2.5563 -3.4062 10.74 0.04 -65.05 0.0000 0.0000
1.637 2 1.018921 6.597812 -14.873847 2.090454 -73.867798 -20.744324 -1.17 1.17 -3.6 -2.3 -13.0026 -12.8788 10.92 0.05 -9.26 -0.0000 -0.0000
1.642 2 3.416382 -4.979526 -13.691899 9.193420 -16.212463 -4.249573 -1.17 1.17 8.7 8.7 -10.1674 -11.4599 11.71 0.04 13.95 0.0000 0.0000
1.647 2 7.935596 2.769067 -7.786953 -8.972168 67.604065 -23.452759 -1.17 1.17 7.3 7.3 -2.6672 -2.6515 10.35 -0.02 70.00 0.0000 0.0000
1.652 2 0.016782 -0.414761 -6.394028 -13.381958 75.408936 -2.983093 -1.17 1.17 -0.8 1.5 12.8788 13.5227 10.88 -0.06 6.72 0.0000 0.0000
1.657 2 -4.267480 -4.365776 -7.633515 1.335144 11.932373 -18.531799 -1.17 1.17 -8.1 -8.1 7.9080 8.2455 11.06 -0.01 -70.00 0.0000 0.0000
1.662 2 -3.756821 -6.137500 -9.088774 21.774292 -58.654785 -5.653381 -1.34 1.34 -7.8 -7.8 -4.3066 -8.0974 10.79 0.05 -59.02 -0.0000 -0.0000
1.667 2 1.858032 2.656387 -14.739590 3.929138 -52.787781 -11.337280 -1.34 1.34 -2.8 -1.2 -12.7573 -12.8788 10.95 0.06 -7.83 -0.0000 -0.0000
1.672 2 5.099399 -1.095640 -14.243315 1.052856 16.944885 1.464844 -1.34 1.34 8.3 8.3 -5.9051 -6.4089 11.33 0.03 22.65 0.0000 0.0000
1.677 2 5.866587 1.210718 -6.986201 -13.549805 81.123352 -20.202637 -1.34 1.34 7.6 7.6 10.4827 9.1370 10.57 -0.03 70.00 0.0000 0.0000
1.682 2 0.496274 1.148384 -8.079443 -14.907837 64.231873 1.312256 -1.34 1.34 8.2 8.2 12.6380 14.0861 11.15 -0.04 29.24 0.0000 0.0000
1.687 2 -6.139897 -0.071924 -7.969160 5.043030 -29.220581 -9.986877 -1.34 1.34 -8.1 -8.1 8.3473 7.8166 11.07 0.03 -70.00 0.0000 0.0000
1.692 2 -0.608955 -1.467246 -10.963589 11.184692 -74.134827 -5.752563 -1.34 1.34 -7.8 -7.8 -8.0492 -7.5546 10.81 0.08 -39.15 -0.0000 -0.0000
1.697 2 0.695264 0.335645 -14.475868 5.821228 -43.586731 -5.691528 -1.34 1.34 4.0 6.3 -12.8788 -14.0861 11.69 0.06 3.21 0.0000 0.0000
1.702 2 8.134584 -3.428369 -12.186294 0.289917 25.871277 -4.417419 -1.34 1.34 8.1 8.1 -6.2317 -5.1417 11.07 0.04 37.71 0.0000 0.0000
1.707 2 3.831142 3.663320 -7.218755 -16.098022 68.794250 -11.215210 -1.26 1.26 7.8 7.8 10.4827 12.7573 10.76 -0.02 57.66 0.0000 0.0000
1.712 2 -6.468349 -1.776518 -8.709975 -6.019592 28.968811 -4.890442 -1.26 1.26 -9.7 -9.7 11.1758 13.2575 12.69 -0.02 -38.92 0.0000 0.0000
1.717 2 -5.598071 -0.527441 -7.283486 10.391235 -51.048279 -8.163452 -1.26 1.26 -7.7 -7.7 7.0799 6.9347 10.71 0.05 -70.00 -0.0000 -0.0000
1.722 2 0.246938 0.419556 -11.222514 11.161804 -81.657410 -9.559631 -1.26 1.26 -7.9 -7.9 -11.4599 -6.3190 10.88 0.09 -29.14 0.0000 0.0000
1.727 2 4.643882 -1.385732 -15.653022 5.935669 -42.396545 -7.873535 -1.17 1.17 -2.1 -0.8 -12.1826 -13.3888 12.40 0.07 -7.13 -0.0000 -0.0000
1.732 2 11.553364 -1.841250 -10.723843 1.129150 23.277283 -13.053894 -1.17 1.17 7.7 7.7 -4.5531 -4.8295 10.74 0.04 66.11 0.0000 0.0000
1.737 2 2.145727 3.399600 -6.988598 -11.856079 60.829163 -11.001587 -1.26 1.26 7.7 7.7 9.7286 7.1929 10.73 -0.02 59.15 0.0000 0.0000
1.742 2 -3.080737 -2.452602 -9.282969 -0.808716 28.266907 -7.057190 -1.17 1.17 -6.1 -5.8 6.5327 9.5906 11.30 -0.01 -6.58 0.0000 0.0000
1.747 2 -6.652954 9.990219 -10.325864 -5.630493 -46.249390 -7.659912 -1.17 1.17 -7.7 -7.7 2.7824 -4.2929 10.73 0.05 -70.00 -0.0000 -0.0000
1.752 2 1.932353 -6.844751 -10.508071 15.869141 -69.725037 -12.115479 -1.26 1.26 -7.9 -6.1 -12.4061 -13.9409 10.88 0.08 -17.28 0.0000 0.0000
1.757 2 5.636430 5.566904 -14.849873 2.357483 -19.813538 -9.445190 -1.26 1.26 8.7 8.7 -13.5227 -12.1826 11.68 0.06 36.04 0.0000 0.0000
1.762 2 6.238193 -0.875073 -9.971040 -6.721497 57.884216 -17.967224 -1.09 1.09 7.6 7.6 -6.2317 -3.5493 10.65 0.01 66.49 0.0000 0.0000
1.767 2 -0.944600 0.486685 -6.492324 -15.319824 87.333679 -12.504578 -1.09 1.09 -4.6 -4.5 9.7991 12.6380 10.81 -0.03 -4.39 0.0000 0.0000
1.772 2 -9.831987 4.454482 -9.956655 -20.408630 28.427124 -22.918701 -1.00 1.00 -9.0 -9.0 9.3260 10.3227 12.04 -0.00 -70.00 0.0000 0.0000
1.777 2 -3.035185 -2.397461 -8.405498 16.632080 -39.283752 -11.657715 -1.00 1.00 -7.6 -7.6 -6.4089 -4.4629 10.57 0.06 -67.39 -0.0000 -0.0000
1.782 2 1.819673 3.524267 -12.948686 -1.731873 -54.679871 -24.597168 -0.92 0.92 0.9 0.8 -15.0252 -11.6575 10.88 0.07 -3.26 0.0000 0.0000
1.787 2 6.612197 2.342319 -14.574164 6.027222 3.784180 -21.186829 -0.84 0.84 8.3 8.3 -8.3992 -8.2455 11.33 0.05 41.44 0.0000 0.0000
1.792 2 4.802114 1.901186 -9.762461 -6.011963 67.749023 -30.670166 -0.75 0.75 7.6 7.6 4.4629 2.0901 10.63 -0.00 63.18 0.0000 0.0000
1.797 2 4.305840 -1.747749 -7.561592 -14.144897 71.777344 -15.029907 -0.84 0.84 4.8 5.9 12.2934 12.1826 10.81 -0.02 17.95 0.0000 0.0000
1.802 2 -12.440424 -5.355927 -6.410810 7.293701 -17.150879 -27.992249 -0.75 0.75 -9.0 -9.0 9.7991 9.4564 11.96 0.03 -70.00 -0.0000 -0.0000
1.807 2 -2.968056 5.634033 -10.997153 5.889893 -81.077576 -15.426636 -0.75 0.75 -7.5 -7.5 -2.9786 -3.0733 10.49 0.10 -70.00 0.0000 0.0000
1.812 2 5.705957 -7.417744 -12.016074 16.456604 -60.028076 -23.246765 -0.75 0.75 7.9 7.9 -14.3858 -13.6593 10.95 0.08 23.39 0.0000 0.0000
1.817 2 4.878833 3.272534 -14.576562 -4.356384 0.274658 -17.768860 -0.67 0.67 9.6 9.6 -7.7273 -5.5195 12.62 0.06 25.44 0.0000 0.0000
1.822 2 3.553037 0.587378 -8.117803 -2.944946 51.719666 -26.809692 -0.67 0.67 7.3 7.3 7.7273 9.3908 10.28 0.01 43.63 0.0000 0.0000
1.827 2 1.666235 1.848442 -9.345303 -12.252808 39.421082 -14.976501 -0.59 0.59 6.5 6.8 12.5210 13.1288 11.11 -0.01 21.38 0.0000 0.0000
1.832 2 -7.326641 -3.524267 -8.638051 8.644104 -46.981812 -21.812439 -0.67 0.67 -8.0 -8.0 8.0016 6.8993 11.04 0.05 -70.00 0.0000 0.0000
1.837 2 -1.397720 0.378799 -9.808012 14.083862 -96.435547 -13.656616 -0.59 0.59 -7.9 -7.9 -7.3493 -5.4308 10.85 0.10 -52.28 -0.0000 -0.0000
1.842 2 1.527183 -2.109766 -13.768618 16.700745 -72.761536 -19.294739 -0.50 0.50 1.4 1.6 -13.3888 -12.7573 10.85 0.09 -2.14 0.0000 0.0000
1.847 2 5.286401 0.395581 -12.608247 -1.518250 -12.969971 -14.419556 -0.50 0.50 8.6 8.6 -7.9545 -6.3487 11.61 0.07 19.47 0.0000 0.0000
1.852 2 6.334092 1.973110 -7.257114 -6.713867 41.748047 -23.582458 -0.59 0.59 7.5 7.5 3.0457 2.0304 10.52 0.01 58.78 0.0000 0.0000
1.857 2 1.100435 -1.193936 -8.578115 -9.994507 29.632568 -14.572144 -0.59 0.59 -8.3 -7.8 11.6575 11.3636 11.33 0.00 -6.43 0.0000 0.0000
1.862 2 -9.110352 1.795698 -9.124736 5.783081 -41.519165 -21.392822 -0.59 0.59 -7.9 -7.9 3.5965 3.1969 10.92 0.05 -70.00 -0.0000 -0.0000
1.867 2 -1.090845 -0.115078 -9.661767 12.107849 -89.088440 -7.354736 -0.59 0.59 -7.9 -7.9 -11.4599 -11.7589 10.85 0.10 -49.77 0.0000 0.0000
1.872 2 10.512866 -5.701162 -14.243315 16.136169 -48.957825 -13.229370 -0.67 0.67 8.9 8.9 -13.5227 -14.2344 11.88 0.09 25.45 0.0000 0.0000
1.877 2 7.257114 2.335127 -12.682568 -7.820129 37.406921 -17.433167 -0.59 0.59 7.7 7.7 -9.3260 -7.5546 10.73 0.04 60.68 0.0000 0.0000
1.882 2 0.472300 0.596968 -6.578633 -7.530212 82.359314 -17.257690 -0.59 0.59 7.8 7.8 2.1229 2.2426 10.79 -0.01 29.35 0.0000 0.0000
1.887 2 -0.414761 1.769326 -8.851425 -9.284973 45.989990 -12.947083 -0.50 0.50 -8.9 -8.9 8.5587 11.1758 11.87 0.01 -35.23 0.0000 0.0000
1.892 2 -7.779760 -1.172358 -9.242211 0.915527 -34.523010 -16.906738 -0.34 0.34 -7.6 -7.6 -2.6672 2.9720 10.62 0.07 -70.00 -0.0000 -0.0000
1.897 2 2.642002 0.362017 -11.615698 10.589600 -55.030823 -22.018433 -0.33 0.33 -5.5 -5.6 -13.9409 -13.0026 10.87 0.09 -14.52 0.0000 0.0000
1.902 2 6.127910 2.011470 -14.231328 4.653931 -13.870239 -22.377014 -0.42 0.42 9.0 9.0 -14.2344 -15.1940 12.01 0.07 35.27 0.0000 0.0000
1.907 2 8.086636 -0.647314 -10.419365 -7.362366 59.722900 -25.596619 -0.42 0.42 7.3 7.3 -3.9656 -4.9899 10.30 0.03 70.00 0.0000 0.0000
1.912 2 -1.872417 -2.390269 -7.818120 -14.266968 86.975098 -25.924683 -0.25 0.25 -3.4 -5.0 1.9263 10.9941 11.03 -0.01 -5.31 0.0000 0.0000
1.917 2 -6.175859 -3.397202 -8.261650 0.663757 33.180237 -31.547546 -0.17 0.17 -9.2 -9.2 5.5649 8.3473 12.17 0.01 -70.00 -0.0000 -0.0000
1.922 2 -3.936631 -0.589775 -8.825053 17.272949 -50.392151 -26.771545 -0.08 0.08 -7.6 -7.6 -2.9333 2.3275 10.60 0.08 -70.00 0.0000 0.0000
1.927 2 4.272275 1.659043 -12.627426 1.495361 -63.209534 -24.818420 -0.00 0.00 1.2 0.8 -14.3858 -12.7573 10.88 0.10 -2.92 -0.0000 -0.0000
1.932 2 7.384180 -2.874556 -13.555243 0.846863 -6.362915 -27.648926 -0.00 0.00 8.0 8.0 -9.9432 -9.1370 10.96 0.07 40.36 0.0000 0.0000
1.937 2 5.955293 2.579668 -9.501138 -2.204895 59.791565 -32.844543 -0.00 0.00 7.8 7.8 3.8092 5.5879 10.79 0.02 66.44 0.0000 0.0000
1.942 2 1.965918 -1.742954 -8.242471 -12.481689 58.471680 -19.493103 0.08 -0.08 -5.3 -6.3 12.6380 13.3888 10.87 0.00 -0.83 -0.0000 -0.0000
1.947 2 -13.742246 -5.586084 -7.309858 9.193420 -26.672363 -29.296875 0.08 -0.08 -8.3 -8.3 8.1956 8.7810 11.31 0.05 -70.00 -0.0000 -0.0000
1.952 2 -2.116958 4.061299 -10.227568 11.909485 -93.353271 -16.929626 -0.00 0.00 -7.8 -7.8 -4.9716 -2.5135 10.79 0.12 -70.00 0.0000 0.0000
1.957 2 6.465952 -7.415347 -11.848251 15.808105 -76.278687 -18.783569 -0.00 0.00 8.2 8.2 -13.1288 -13.5227 11.17 0.11 16.36 0.0000 0.0000
1.962 2 4.634292 2.028252 -13.871709 -7.949829 -22.422791 -11.253357 -0.00 0.00 8.8 8.8 -7.1172 -6.2896 11.79 0.08 21.59 0.0000 0.0000
1.967 2 5.274414 -2.244023 -7.863672 3.837585 28.053284 -20.034790 -0.00 0.00 7.7 7.7 5.3875 5.7543 10.71 0.03 48.92 0.0000 0.0000
1.972 2 3.864707 2.718721 -9.134326 -11.932373 27.877808 -7.377625 -0.00 0.00 -1.8 -2.3 13.1288 13.9409 11.23 0.02 10.26 0.0000 0.0000
1.977 2 -10.028579 -10.920434 -7.460898 14.297485 -49.789429 -17.326355 0.00 -0.00 -8.5 -8.5 6.8296 7.1549 11.45 0.07 -70.00 -0.0000 -0.0000
1.982 2 -3.984580 8.798681 -10.345043 9.658813 -112.472534 -10.482788 -0.08 0.08 -7.7 -7.7 -3.5774 -7.4711 10.74 0.13 -70.00 0.0000 0.0000
1.987 2 4.250698 -12.694555 -11.718789 27.816772 -94.688416 -13.816833 -0.08 0.08 -0.8 -0.8 -12.4061 -12.0738 11.03 0.13 -4.38 -0.0000 -0.0000
1.992 2 5.840215 3.677705 -13.919658 -3.730774 -30.868530 -6.622314 -0.08 0.08 9.0 9.0 -10.9054 -10.0916 11.96 0.10 13.93 0.0000 0.0000
1.997 2 3.704077 0.851099 -7.010176 3.196716 28.038025 -14.419556 -0.00 0.00 7.4 7.4 -3.6947 -2.6778 10.41 0.04 54.37 0.0000 0.0000
2.002 2 -3.963003 -1.484028 -7.976352 -10.261536 26.573181 -2.220154 0.08 -0.08 -8.2 -8.2 9.0756 11.6575 11.18 0.03 -42.76 -0.0000 -0.0000
2.007 2 -4.727793 -3.476318 -9.505932 9.101868 -20.431519 -18.302917 0.08 -0.08 -7.7 -7.7 3.1303 4.1737 10.69 0.06 -70.00 0.0000 0.0000
2.012 2 -0.436338 -2.435820 -8.259253 15.975952 -74.867249 -6.698608 0.00 -0.00 -7.9 -7.9 -11.1758 -13.0026 10.85 0.11 -47.19 -0.0000 -0.0000
2.017 2 7.453706 0.958984 -15.027285 4.165649 -62.850952 -15.525818 0.00 -0.00 5.5 5.9 -15.7241 -16.4911 11.00 0.12 3.77 0.0000 0.0000
2.022 2 10.057348 1.958726 -14.087480 6.935120 20.759583 -10.482788 -0.00 0.00 8.2 8.2 -9.3260 -9.2621 11.22 0.08 57.12 0.0000 0.0000
2.027 2 2.311152 0.091104 -8.180137 -14.938354 88.829041 -17.524719 -0.00 0.00 7.4 7.4 2.9144 2.9397 10.39 0.02 46.26 0.0000 0.0000
2.032 2 -0.807944 2.802632 -9.484355 -17.044067 61.050415 -10.063171 -0.00 0.00 -8.7 -8.7 10.6478 9.1991 11.74 0.03 -48.43 0.0000 0.0000
2.037 2 -8.036289 0.412363 -7.189985 -0.419617 -32.989502 -8.766174 -0.00 0.00 -7.5 -7.5 -4.7282 2.7263 10.52 0.10 -70.00 -0.0000 -0.0000
2.042 2 2.649194 0.239746 -11.176963 10.765076 -61.950684 -10.543823 -0.08 0.08 -7.9 -7.9 -11.1758 -11.3636 10.93 0.14 -32.49 0.0000 0.0000
2.047 2 3.159853 -4.111645 -14.435112 4.783630 -23.162842 -11.108398 -0.08 0.08 2.6 4.1 -13.1288 -15.5433 12.01 0.12 -0.97 0.0000 0.0000
2.052 2 7.043740 -0.755200 -11.546171 -2.899170 40.130615 -14.411926 -0.08 0.08 7.7 7.7 -4.3204 -4.3204 10.68 0.08 33.27 0.0000 0.0000
2.057 2 -0.942202 0.961382 -8.606885 -13.618469 62.934875 -12.115479 -0.00 0.00 -1.3 -1.8 2.0582 8.3473 10.76 0.04 3.82 0.0000 0.0000
2.062 2 -6.748852 -5.566904 -8.614077 5.126953 22.994995 -10.772705 -0.00 0.00 -8.0 -8.0 4.5531 7.3895 11.00 0.06 -57.55 0.0000 0.0000
2.067 2 -3.078340 -2.339922 -5.991255 7.392883 -50.407410 -11.054993 -0.00 0.00 -7.8 -7.8 -8.4517 -7.6399 10.81 0.13 -70.00 -0.0000 -0.0000
2.072 2 1.730967 -0.251733 -11.342387 6.729126 -49.369812 -12.535095 -0.00 0.00 -0.8 -0.8 -15.5433 -15.1940 11.06 0.13 -6.71 0.0000 0.0000
2.077 2 2.428628 -1.299424 -13.687104 -0.846863 6.278992 -10.841370 -0.00 0.00 8.1 6.8 -15.5433 -13.2575 12.02 0.10 5.35 0.0000 0.0000
2.082 2 7.168408 -2.167305 -10.059746 -8.186340 77.003479 -21.156311 -0.00 0.00 7.3 7.3 -3.0320 -3.0457 10.27 0.05 45.54 0.0000 0.0000
2.087 2 2.498154 1.325796 -9.932680 -15.785217 81.703186 -10.208130 -0.00 0.00 1.7 1.7 9.8706 9.8706 10.90 0.03 10.66 0.0000 0.0000
2.092 2 -8.295215 -1.148384 -8.122598 -1.701355 -0.686646 -17.677307 -0.08 0.08 -8.8 -8.8 4.7117 3.3555 11.77 0.08 -70.00 -0.0000 -0.0000
2.097 2 -4.188364 3.787988 -8.630859 11.268616 -69.023132 -5.363464 -0.08 0.08 -7.7 -7.7 -5.6111 -9.1991 10.68 0.14 -70.00 0.0000 0.0000
2.102 2 6.135102 -7.863672 -9.525112 5.805969 -51.506042 -10.368347 -0.08 0.08 8.0 8.0 -15.0252 -15.9091 10.96 0.13 31.59 0.0000 0.0000
2.107 2 2.037842 7.511245 -15.008105 -13.206482 6.126404 -7.072449 -0.08 0.08 8.8 8.8 -9.3260 -8.8384 11.98 0.10 10.88 0.0000 0.0000
2.112 2 1.431284 -1.810083 -8.772309 0.595093 51.254272 -6.729126 -0.08 0.08 6.5 3.7 -2.0965 5.2823 11.12 0.06 13.82 0.0000 0.0000
2.117 2 2.613232 2.778657 -12.018472 -9.124756 41.969299 1.472473 -0.08 0.08 -8.5 -8.5 7.4711 8.3992 11.55 0.05 -10.77 0.0000 0.0000
2.122 2 -6.561851 -0.819932 -7.928403 1.121521 -39.245605 -8.270264 -0.00 0.00 -7.7 -7.7 -2.5563 -2.7767 10.69 0.10 -70.00 -0.0000 -0.0000
2.127 2 0.474697 -0.582583 -8.446255 6.423950 -81.214905 5.332947 0.08 -0.08 -8.1 -8.1 -13.1288 -10.9941 11.14 0.15 -40.13 0.0000 0.0000
2.132 2 9.256597 -0.239746 -12.696953 17.753601 -39.764404 -13.694763 0.00 -0.00 7.9 7.9 -17.3368 -17.7930 10.90 0.13 39.82 0.0000 0.0000
2.137 2 6.154282 -1.752544 -11.553364 -12.252808 33.340454 1.037598 -0.00 0.00 7.5 7.5 -6.3487 -5.9310 10.49 0.08 43.92 0.0000 0.0000
2.142 2 -1.460054 2.752285 -10.431353 -12.702942 74.050903 -8.766174 -0.00 0.00 -3.8 -3.8 9.2621 9.3260 10.87 0.04 -1.64 0.0000 0.0000
2.147 2 -11.889009 -8.980888 -8.487012 1.228333 29.449463 7.881165 0.00 -0.00 -8.2 -8.2 5.4308 7.9545 11.25 0.05 -70.00 -0.0000 -0.0000
2.152 2 -3.960605 -1.742954 -7.077304 14.724731 -58.456421 -10.627747 -0.00 0.00 -7.7 -7.7 -3.0525 -2.1602 10.73 0.13 -70.00 0.0000 0.0000
2.157 2 1.282642 2.476577 -10.232363 3.547668 -83.900452 5.615234 -0.08 0.08 -8.1 -8.1 -11.9670 -13.3888 11.11 0.16 -30.74 -0.0000 -0.0000
2.162 2 9.474766 -3.495498 -12.740107 13.160706 -31.295776 -7.804871 -0.00 0.00 8.4 8.4 -12.4061 -15.3667 11.42 0.12 31.07 0.0000 0.0000
2.167 2 6.492324 -0.081514 -11.141001 -2.807617 28.625488 1.037598 -0.00 0.00 8.3 8.3 -3.5774 -2.9917 11.34 0.08 44.95 0.0000 0.0000
2.172 2 -1.273052 -0.692866 -10.467314 -8.621216 46.348572 -2.754211 -0.00 0.00 -7.9 -7.9 9.1991 10.6478 10.92 0.06 -17.22 0.0000 0.0000
2.177 2 -9.381265 2.004277 -10.723843 3.890991 -10.337830 2.609253 -0.00 0.00 -8.4 -8.4 4.0366 3.7459 11.42 0.08 -70.00 0.0000 0.0000
2.182 2 -3.478716 0.839111 -7.082099 18.997192 -82.992554 2.044678 -0.00 0.00 -7.8 -7.8 -10.0916 -10.5646 10.81 0.15 -70.00 -0.0000 -0.0000
2.187 2 0.131860 -1.352168 -10.577598 -3.410339 -79.841614 6.080627 -0.08 0.08 -7.9 -7.9 -15.3667 -16.6947 10.95 0.16 -23.92 0.0000 0.0000
2.192 2 9.012055 5.305581 -14.200161 1.228333 0.038147 -2.792358 -0.08 0.08 8.1 8.1 -12.6380 -11.7589 11.09 0.11 24.70 0.0000 0.0000
2.197 2 5.339145 -2.279985 -8.968901 -0.358582 65.826416 3.250122 -0.00 0.00 7.5 7.5 -2.9144 6.9347 10.52 0.06 51.22 0.0000 0.0000
2.202 2 0.769585 4.142812 -13.147676 -11.169434 57.945251 -2.052307 -0.00 0.00 -0.8 -1.9 7.0799 9.5230 12.77 0.05 4.75 0.0000 0.0000
2.207 2 -10.160439 -2.354306 -7.959570 -0.709534 -33.462524 7.202148 0.08 -0.08 -7.5 -7.5 2.6884 3.5493 10.52 0.10 -70.00 0.0000 0.0000
2.212 2 -0.453120 -2.028252 -7.736606 11.764526 -89.569092 0.007629 0.17 -0.17 -7.9 -7.9 -12.4061 -9.5230 10.88 0.17 -70.00 -0.0000 -0.0000
2.217 2 6.631377 -4.389751 -10.889267 6.866455 -54.870605 -3.280640 0.17 -0.17 8.5 8.5 -17.5619 -16.6947 11.50 0.14 23.56 0.0000 0.0000
2.222 2 6.060781 5.144951 -13.293921 -5.264282 17.356873 -16.212463 0.25 -0.25 7.5 7.5 -6.6288 -5.2211 10.50 0.09 32.56 0.0000 0.0000
2.227 2 1.536772 2.069009 -10.769394 -5.683899 58.967590 1.396179 0.25 -0.25 -2.0 -3.5 6.0913 10.4827 10.79 0.06 2.78 0.0000 0.0000
2.232 2 -9.903911 -2.869761 -10.038169 0.411987 18.409729 1.419067 0.17 -0.17 -8.0 -8.0 6.3487 5.0837 11.00 0.07 -70.00 0.0000 0.0000
2.237 2 -5.156939 -5.511763 -6.981406 18.745422 -75.302124 1.762390 0.17 -0.17 -7.8 -7.8 -2.3235 -4.8995 10.81 0.14 -70.00 -0.0000 -0.0000
2.242 2 2.198472 3.354048 -9.258994 4.470825 -95.573425 -0.793457 0.25 -0.25 -0.8 -1.3 -16.0984 -15.0252 10.93 0.17 -7.84 0.0000 0.0000
2.247 2 3.579409 -3.529062 -11.613300 -1.350403 -32.424927 -14.350891 0.25 -0.25 9.1 9.1 -13.3888 -15.7241 12.06 0.12 19.47 0.0000 0.0000
2.252 2 6.123115 1.155576 -10.184414 -1.983643 53.726196 2.983093 0.25 -0.25 7.1 7.1 -3.4674 -3.2351 10.12 0.07 45.36 0.0000 0.0000
2.257 2 0.759995 -2.021060 -11.591723 -5.104065 53.642273 -6.912231 0.42 -0.42 -7.9 -7.9 8.3473 10.1674 10.92 0.05 -15.12 0.0000 0.0000
2.262 2 -10.961191 9.644985 -10.848511 -6.164551 -25.962830 -5.058289 0.50 -0.50 -7.8 -7.8 -3.3555 3.8200 10.82 0.10 -70.00 -0.0000 -0.0000
2.267 2 -1.469643 -8.594897 -6.950239 11.940002 -104.072571 0.251770 0.59 -0.59 -7.7 -7.7 -13.5227 -9.8706 10.74 0.17 -70.00 0.0000 0.0000
2.272 2 5.612456 -1.551157 -10.496083 16.677856 -65.071106 -13.175964 0.59 -0.59 7.9 7.9 -17.7930 -18.2739 10.95 0.15 33.61 0.0000 0.0000
2.277 2 6.691313 5.108989 -12.900737 -3.341675 13.404846 -17.669678 0.59 -0.59 7.6 7.6 -7.3895 -6.4702 10.55 0.10 32.89 0.0000 0.0000
2.282 2 0.246938 2.984839 -11.320810 -8.491516 59.997559 -6.370544 0.75 -0.75 -1.2 -3.3 5.5649 6.1747 10.77 0.05 0.06 0.0000 0.0000
2.287 2 -10.263530 -7.293076 -8.376728 -10.513306 16.708374 -3.387451 0.84 -0.84 -8.0 -8.0 5.5421 5.9571 11.01 0.07 -70.00 0.0000 0.0000
2.292 2 -4.850063 -4.670254 -7.559194 17.913818 -75.935364 -7.247925 0.75 -0.75 -7.9 -7.9 -2.0274 -5.9835 10.90 0.15 -70.00 -0.0000 -0.0000
2.297 2 2.857773 2.620425 -9.855962 3.158569 -105.262756 -3.387451 0.84 -0.84 -5.9 -7.8 -15.1940 -13.3888 10.98 0.18 -17.77 0.0000 0.0000
2.302 2 4.586343 4.540791 -13.332280 4.135132 -39.619446 -19.233704 0.75 -0.75 8.6 8.6 -16.4911 -16.6947 11.60 0.13 29.82 0.0000 0.0000
2.307 2 2.186484 2.694746 -10.438544 -3.135681 34.324646 0.770569 0.75 -0.75 7.7 7.7 -4.6311 -6.3786 10.71 0.09 27.76 0.0000 0.0000
2.312 2 -1.690210 -3.476318 -11.215322 -7.484436 44.509888 -5.668640 0.92 -0.92 -7.8 -7.8 8.2455 12.7573 10.81 0.07 -42.28 -0.0000 -0.0000
2.317 2 -8.223290 4.384956 -10.143657 19.584656 -16.151428 1.670837 1.00 -1.00 -7.7 -7.7 -8.1462 4.4483 10.74 0.11 -70.00 0.0000 0.0000
2.322 2 -4.739780 0.697661 -8.213701 11.283875 -95.474243 -2.899170 1.17 -1.17 -7.9 -7.9 -12.8788 -4.8818 10.87 0.19 -70.00 -0.0000 -0.0000
2.327 2 2.771465 1.481631 -10.858100 -1.914978 -90.751648 0.442505 1.17 -1.17 -8.0 -8.0 -18.0303 -16.2924 11.03 0.20 -33.30 0.0000 0.0000
2.332 2 7.679067 3.979785 -13.214805 1.777649 -14.328003 -30.937195 1.26 -1.26 8.1 8.1 -13.2575 -13.1288 11.11 0.15 37.30 0.0000 0.0000
2.337 2 3.538652 0.803149 -10.366621 2.914429 42.419434 1.602173 1.34 -1.34 7.3 7.3 -3.3555 4.4337 10.33 0.10 29.16 0.0000 0.0000
2.342 2 -0.479492 -3.394804 -10.812549 -7.690430 37.597656 -23.742676 1.42 -1.42 -8.9 -8.9 8.6684 7.9545 11.93 0.09 -26.87 0.0000 0.0000
2.347 2 -11.620493 6.053589 -9.556279 -5.775452 -49.942017 -3.463745 1.42 -1.42 -7.8 -7.8 -4.0008 2.5563 10.81 0.13 -70.00 -0.0000 -0.0000
2.352 2 -4.842871 -1.757339 -7.494462 12.344360 -110.542297 -9.201050 1.42 -1.42 -7.9 -7.9 -13.1288 -13.3888 10.90 0.20 -70.00 0.0000 0.0000
2.357 2 4.943564 -3.488306 -11.001948 16.990662 -74.645996 -10.131836 1.42 -1.42 -8.0 -8.0 -18.5242 -19.0460 10.96 0.20 -30.11 -0.0000 -0.0000
2.362 2 11.663647 1.690210 -13.478525 4.020691 11.016846 -1.647949 1.42 -1.42 8.1 8.1 -16.6947 -15.7241 11.09 0.14 42.41 0.0000 0.0000
2.367 2 4.720601 2.100176 -11.248886 -6.950378 64.956665 -8.338928 1.42 -1.42 7.4 7.4 5.9571 7.1172 10.36 0.09 36.62 0.0000 0.0000
2.372 2 -3.289316 -3.776001 -11.071474 -12.763977 43.190002 -5.668640 1.42 -1.42 -8.9 -8.9 6.9347 7.7273 11.90 0.09 -39.20 -0.0000 -0.0000
2.377 2 -7.693452 6.372451 -8.611679 0.671387 -32.646179 -1.052856 1.42 -1.42 -7.7 -7.7 -7.3895 -2.8895 10.73 0.14 -70.00 0.0000 0.0000
2.382 2 -5.276811 3.514678 -7.976352 5.432129 -81.153870 -0.534058 1.51 -1.51 -7.9 -7.9 -17.7930 -17.7930 10.95 0.20 -70.00 -0.0000 -0.0000
2.387 2 9.148710 -4.706216 -10.699868 7.240295 -41.854858 -16.845703 1.42 -1.42 8.1 7.8 -21.1292 -21.1292 11.09 0.19 3.95 0.0000 0.0000
2.392 2 8.731552 -0.855894 -12.023266 -2.197266 39.756775 2.365112 1.42 -1.42 7.7 7.7 -10.5646 -10.2445 10.66 0.13 47.41 0.0000 0.0000
2.397 2 1.167563 2.421435 -11.821879 -12.840271 86.021423 -8.361816 1.42 -1.42 7.6 7.6 -2.5709 -2.6778 10.65 0.08 22.07 0.0000 0.0000
2.402 2 0.652109 2.459795 -12.318154 -17.089844 42.129517 6.851196 1.51 -1.51 -8.7 -8.7 6.6944 6.9705 11.66 0.08 -27.22 0.0000 0.0000
2.407 2 -9.127133 -11.265669 -5.269619 14.999390 -45.608521 -9.193420 1.51 -1.51 -7.7 -7.7 -8.5587 -8.1462 10.74 0.15 -70.00 -0.0000 -0.0000
2.412 2 -0.213374 4.691831 -9.256597 2.975464 -84.297180 7.514954 1.42 -1.42 -8.0 -8.0 -17.5619 -19.5981 11.03 0.21 -70.00 0.0000 0.0000
2.417 2 11.884213 0.489082 -12.567490 0.358582 -21.530151 -10.566711 1.42 -1.42 8.5 8.5 -17.7930 -17.5619 11.49 0.17 43.44 0.0000 0.0000
2.422 2 7.242729 -0.994946 -10.982768 0.328064 52.726746 0.961304 1.42 -1.42 8.2 8.2 -8.0016 -6.7277 11.17 0.11 43.39 0.0000 0.0000
2.427 2 -2.351909 0.019180 -12.131152 -7.827759 66.680908 -1.159668 1.42 -1.42 -7.5 -7.5 7.0799 9.1991 10.54 0.08 -21.68 -0.0000 -0.0000
2.432 2 -10.620751 -6.511504 -8.810669 4.692078 -5.058289 6.744385 1.42 -1.42 -7.8 -7.8 3.6947 3.7459 10.82 0.11 -70.00 0.0000 0.0000
2.437 2 -5.339145 -3.720859 -6.847148 17.959595 -93.925476 16.082764 1.42 -1.42 -7.9 -7.9 -12.7573 -13.3888 10.87 0.19 -70.00 -0.0000 -0.0000
2.442 2 0.304478 -0.163027 -8.213701 -3.456116 -81.855774 5.744934 1.42 -1.42 -2.3 -2.9 -18.5242 -20.1831 11.23 0.20 -14.84 0.0000 0.0000
2.447 2 1.496016 -1.289834 -11.678032 4.852295 -5.714417 1.991272 1.42 -1.42 8.6 8.2 -16.6947 -18.0303 11.64 0.15 3.29 0.0000 0.0000
2.452 2 5.521352 0.875073 -10.256337 2.525330 56.198120 8.308411 1.42 -1.42 7.1 7.1 -6.8296 -4.4192 10.08 0.10 31.01 0.0000 0.0000
2.457 2 -3.071147 -2.541308 -12.414052 -9.872437 38.581848 4.791260 1.51 -1.51 -9.0 -9.0 5.9835 8.0016 12.02 0.09 -32.91 0.0000 0.0000
2.462 2 -13.490512 12.915122 -11.203335 -8.033752 -43.212891 8.293152 1.51 -1.51 -7.7 -7.7 -2.8290 -3.4148 10.71 0.13 -70.00 -0.0000 -0.0000
2.467 2 -0.510659 -8.323984 -6.242988 19.332886 -93.078613 15.899658 1.42 -1.42 -8.0 -8.0 -14.3858 -16.0984 10.98 0.19 -70.00 0.0000 0.0000
2.472 2 2.627617 -0.407568 -10.956396 13.771057 -62.324524 7.026672 1.42 -1.42 -6.5 -7.1 -19.5981 -21.4646 10.95 0.18 -24.38 -0.0000 -0.0000
2.477 2 7.144433 3.138276 -13.238779 4.730225 17.692566 14.892578 1.42 -1.42 8.0 8.0 -11.5579 -10.1674 10.96 0.13 29.20 0.0000 0.0000
2.482 2 2.769067 3.049570 -11.428696 -11.062622 58.258057 3.883362 1.42 -1.42 7.2 7.2 -3.0252 -2.7319 10.22 0.08 27.99 0.0000 0.0000
2.487 2 2.104971 -0.187002 -11.198540 -13.122559 26.763916 17.852783 1.42 -1.42 -8.6 -8.6 5.7789 6.2896 11.60 0.09 -22.55 0.0000 0.0000
2.492 2 -7.750991 -7.750991 -6.561851 13.984680 -65.170288 4.737854 1.42 -1.42 -7.8 -7.8 -9.4564 -9.7991 10.77 0.15 -70.00 -0.0000 -0.0000
2.497 2 -0.172617 4.672651 -8.587705 6.889343 -110.160828 18.112183 1.42 -1.42 -8.0 -8.0 -16.2924 -17.1173 11.04 0.21 -70.00 0.0000 0.0000
2.502 2 11.200937 -3.277329 -11.742764 12.023926 -49.491882 -5.996704 1.34 -1.34 9.3 9.3 -19.0460 -20.1831 12.29 0.18 31.66 0.0000 0.0000
2.507 2 8.916157 0.812739 -13.085341 -0.350952 29.212952 16.532898 1.34 -1.34 7.7 7.7 -7.4301 -9.3260 10.66 0.13 43.57 0.0000 0.0000
2.512 2 -1.309014 3.948618 -12.387680 -14.732361 54.496765 1.464844 1.34 -1.34 -5.3 -7.0 3.3891 2.4676 10.76 0.09 -6.52 0.0000 0.0000
2.517 2 -10.316274 -14.574164 -7.154023 19.241333 5.439758 19.012451 1.34 -1.34 -7.7 -7.7 3.6061 3.9310 10.74 0.10 -70.00 -0.0000 -0.0000
2.522 2 -7.916416 3.296509 -7.628720 7.469177 -103.416443 7.171631 1.42 -1.42 -8.0 -8.0 -11.2689 -11.1758 11.01 0.19 -70.00 0.0000 0.0000
2.527 2 1.388130 -3.097519 -7.760581 14.884949 -116.142273 11.604309 1.42 -1.42 -7.9 -7.9 -19.3181 -19.5981 10.90 0.22 -37.43 -0.0000 -0.0000
2.532 2 8.861015 5.056245 -12.941494 4.531860 -48.858643 -13.130188 1.42 -1.42 8.6 8.6 -19.8863 -20.1831 11.60 0.18 31.71 0.0000 0.0000
2.537 2 3.617769 -0.187002 -11.131411 10.490417 23.193359 18.089294 1.42 -1.42 7.0 7.0 -5.6111 -6.5644 10.01 0.13 22.22 0.0000 0.0000
2.542 2 -2.745093 -3.550640 -12.620234 -7.217407 27.503967 -0.869751 1.51 -1.51 -7.8 -7.8 2.1499 7.8166 10.84 0.11 -36.65 -0.0000 -0.0000
2.547 2 -11.150591 7.866069 -9.918296 -8.834839 -52.070618 9.132385 1.59 -1.59 -7.8 -7.8 -3.8636 3.0252 10.82 0.14 -70.00 0.0000 0.0000
2.552 2 -4.236313 -12.200678 -4.293852 31.532288 -141.052246 11.253357 1.51 -1.51 -7.9 -7.9 -13.6593 -14.3858 10.88 0.23 -70.00 -0.0000 -0.0000
2.557 2 -0.690469 6.770430 -9.990219 15.747070 -129.028320 9.056091 1.51 -1.51 -8.1 -8.1 -19.3181 -20.8041 11.11 0.24 -31.57 0.0000 0.0000
2.562 2 9.457983 3.087929 -13.296318 3.410339 -32.669067 4.867554 1.42 -1.42 8.8 8.8 -17.7930 -18.2739 11.77 0.19 15.21 0.0000 0.0000
2.567 2 4.672651 -0.175015 -11.318413 0.144958 33.706665 -2.807617 1.51 -1.51 7.3 7.3 -6.8993 -6.5013 10.28 0.13 29.71 0.0000 0.0000
2.572 2 -5.674790 3.413984 -12.948686 -26.298523 -5.325317 6.904602 1.59 -1.59 -9.7 -9.7 3.0185 6.4702 12.74 0.13 -63.15 -0.0000 -0.0000
2.577 2 -4.535996 -6.257373 -8.772309 20.591736 -90.522766 -4.341125 1.59 -1.59 -7.6 -7.6 -8.2455 -9.4564 10.63 0.18 -70.00 0.0000 0.0000
2.582 2 -1.380937 5.159336 -6.782417 14.381409 -139.205933 5.310059 1.59 -1.59 -8.0 -8.0 -18.5242 -18.0303 11.01 0.23 -64.51 -0.0000 -0.0000
2.587 2 6.799199 -3.893476 -9.417226 6.515503 -89.530945 -9.918213 1.67 -1.67 8.2 8.2 -21.1292 -21.4646 11.17 0.22 7.40 0.0000 0.0000
2.592 2 6.216616 -1.872417 -11.764340 7.514954 7.347107 -1.785278 1.67 -1.67 7.6 7.6 -9.4564 -12.5210 10.63 0.16 29.92 0.0000 0.0000
2.597 2 -2.330332 3.051968 -13.926850 -9.170532 32.127380 -4.974365 1.59 -1.59 -8.2 -8.2 -2.6938 -2.8231 11.23 0.14 -25.57 0.0000 0.0000
2.602 2 -10.951601 0.985356 -12.224653 2.746582 -27.923584 8.071899 1.59 -1.59 -7.8 -7.8 -5.0647 -1.5092 10.76 0.17 -70.00 -0.0000 -0.0000
2.607 2 -6.187847 -2.869761 -6.103935 14.732361 -103.515625 15.686035 1.51 -1.51 -7.9 -7.9 -15.5433 -16.4911 10.95 0.24 -70.00 0.0000 0.0000
2.612 2 -2.251216 2.308755 -8.510986 3.425598 -86.608887 15.922546 1.51 -1.51 -8.1 -8.1 -21.4646 -22.5378 11.09 0.27 -68.90 -0.0000 -0.0000
2.617 2 5.365518 -2.642002 -12.490771 9.712219 0.045776 13.542175 1.59 -1.59 9.1 8.0 -21.8108 -21.1292 12.06 0.23 3.54 0.0000 0.0000
2.622 2 2.363896 0.879868 -11.809893 -4.066467 59.265137 11.291504 1.51 -1.51 -2.6 -4.8 -8.7810 -8.8384 10.50 0.19 -10.95 -0.0000 -0.0000
2.627 2 -3.588999 -0.443530 -11.591723 -12.878418 53.359985 11.169434 1.51 -1.51 -7.9 -7.9 -7.3895 -6.6614 10.93 0.19 -58.77 0.0000 0.0000
2.632 2 -9.556279 0.098296 -11.260874 -1.708984 2.044678 11.344910 1.51 -1.51 -7.9 -7.9 -16.2924 -16.6947 10.88 0.23 -70.00 -0.0000 -0.0000
2.637 2 1.225103 -3.495498 -8.942529 10.032654 0.129700 0.053406 1.51 -1.51 -8.1 -8.1 -22.5378 -22.9198 11.11 0.26 -52.81 0.0000 0.0000
2.642 2 3.912656 3.018403 -11.078667 -5.805969 63.774109 12.641907 1.51 -1.51 8.1 8.1 -25.0420 -25.0420 11.12 0.24 10.85 0.0000 0.0000
2.647 2 1.790903 -3.363638 -10.814946 -13.694763 136.161804 3.265381 1.59 -1.59 7.5 7.5 -16.6947 -11.8620 10.54 0.18 19.44 0.0000 0.0000
2.652 2 -5.598071 -3.047173 -10.227568 -22.361755 151.977539 13.359070 1.59 -1.59 -9.6 -9.6 -6.5013 -4.4192 12.58 0.17 -52.84 0.0000 0.0000
2.657 2 -13.466537 4.663061 -10.431353 -23.063660 95.626831 -9.727478 1.59 -1.59 -7.7 -7.7 -13.7987 -13.6593 10.74 0.21 -70.00 -0.0000 -0.0000
2.662 2 -6.835161 -0.278105 -7.451308 2.250671 60.241699 -6.996155 1.59 -1.59 -8.0 -8.0 -22.9198 -24.5867 10.96 0.28 -70.00 0.0000 0.0000
2.667 2 -0.381196 0.925420 -12.308564 -6.057739 95.268250 -9.872437 1.59 -1.59 -8.2 -8.2 -27.5973 -27.5973 11.17 0.30 -59.57 -0.0000 -0.0000
2.672 2 2.342319 -1.536772 -10.275517 -26.626587 178.642273 5.271912 1.59 -1.59 -0.8 -2.6 -27.0454 -25.5145 11.77 0.27 -19.51 0.0000 0.0000
2.677 2 -1.956328 -4.183569 -8.856220 -32.539368 239.959717 -6.591797 1.67 -1.67 -2.0 -4.9 -20.8041 -19.3181 10.84 0.22 -20.54 0.0000 0.0000
2.682 2 -2.447808 0.644917 -11.251284 -33.218384 249.336243 4.631042 1.59 -1.59 -8.8 -8.8 -13.3888 -15.1940 11.80 0.21 -42.52 -0.0000 -0.0000
2.687 2 -5.583686 2.447808 -9.923091 -29.144287 229.034424 -12.992859 1.51 -1.51 -7.9 -7.9 -21.8108 -23.3150 10.90 0.22 -62.19 0.0000 0.0000
2.692 2 -4.394546 -1.014126 -7.086895 -22.941589 218.086243 -0.366211 1.51 -1.51 -8.1 -8.1 -28.7717 -30.0504 11.11 0.23 -58.63 -0.0000 -0.0000
2.697 2 -0.127065 -1.107627 -9.426816 -28.793335 249.267578 1.167297 1.59 -1.59 8.1 8.1 -32.1969 -32.1969 11.14 0.21 13.81 0.0000 0.0000
2.702 2 3.991772 0.855894 -8.741142 -41.511536 249.336243 10.459900 1.51 -1.51 7.3 7.3 -19.3181 -18.2739 10.30 0.14 51.06 0.0000 0.0000
2.707 2 3.095122 -0.076719 -8.861015 -46.913147 249.336243 -1.174927 1.59 -1.59 7.5 7.5 -9.1370 -8.0016 10.46 0.07 37.78 0.0000 0.0000
2.712 2 -7.254716 -0.817534 -9.314136 -36.506653 249.336243 -9.552002 1.67 -1.67 -7.1 -7.1 -2.9851 -2.1363 10.09 0.06 -48.18 0.0000 0.0000
2.717 2 -5.938510 5.466211 -5.562109 -14.434814 179.557800 -12.001038 1.59 -1.59 -7.7 -7.7 -7.3096 -9.3260 10.74 0.14 -70.00 -0.0000 -0.0000
2.722 2 4.195557 -7.966763 -11.078667 -9.971619 166.542053 -10.566711 1.59 -1.59 7.9 7.9 -18.7815 -20.8041 10.95 0.14 12.31 0.0000 0.0000
2.727 2 3.917451 0.179810 -14.936181 -32.737732 195.190430 -9.757996 1.59 -1.59 7.6 7.6 -15.3667 -16.6947 10.57 0.10 27.31 0.0000 0.0000
2.732 2 2.548501 4.794922 -11.443081 -34.629822 202.697754 -7.545471 1.51 -1.51 7.2 7.2 -5.1613 -5.0458 10.16 0.07 20.51 0.0000 0.0000
2.737 2 -4.557573 1.886802 -7.633515 -6.965637 158.920288 -13.465881 1.51 -1.51 -9.3 -9.3 -1.7746 -2.5856 12.31 0.07 -58.05 -0.0000 -0.0000
2.742 2 -4.377764 -1.203525 -7.645503 -3.448486 89.859009 -17.974854 1.42 -1.42 -7.7 -7.7 -8.6684 -12.6380 10.68 0.12 -70.00 0.0000 0.0000
2.747 2 2.543706 -5.068232 -10.229965 -14.129639 72.708130 -2.075195 1.34 -1.34 7.4 6.3 -19.0460 -20.8041 11.17 0.12 1.24 0.0000 0.0000
2.752 2 4.075684 9.182275 -13.950825 -25.718689 109.428406 -11.871338 1.34 -1.34 7.7 7.7 -13.7987 -16.2924 10.74 0.08 31.94 0.0000 0.0000
2.757 2 7.144433 3.109507 -11.565351 -12.550354 167.015076 19.134521 1.42 -1.42 7.4 7.4 -4.1102 -2.9917 10.41 0.03 68.71 0.0000 0.0000
2.762 2 -1.181948 -7.770171 -8.990479 -19.142151 180.541992 -4.707336 1.42 -1.42 7.8 7.8 5.8037 7.1172 10.79 -0.02 44.62 0.0000 0.0000
2.767 2 -7.906826 2.162510 -6.566645 -19.638062 92.475891 17.898560 1.42 -1.42 -8.1 -8.1 8.2455 6.6944 11.11 0.04 -70.00 0.0000 0.0000
2.772 2 -2.284780 -2.948877 -11.531787 -2.563477 17.631531 7.385254 1.42 -1.42 -7.8 -7.8 -2.6005 -2.2920 10.76 0.10 -59.08 -0.0000 -0.0000
2.777 2 4.842871 1.651851 -15.629047 -5.447388 32.287598 18.844604 1.34 -1.34 8.5 8.5 -14.3858 -15.9091 11.50 0.08 16.72 0.0000 0.0000
2.782 2 6.583427 2.033047 -14.113853 -13.053894 77.255249 7.026672 1.42 -1.42 7.5 7.5 -6.2031 -7.1549 10.50 0.05 27.71 0.0000 0.0000
2.787 2 3.150264 -1.167563 -7.271499 -16.418457 103.439331 18.165588 1.34 -1.34 7.8 7.8 3.4235 3.6847 10.77 0.01 49.48 0.0000 0.0000
2.792 2 -4.118838 -4.080478 -6.139897 -10.711670 85.021973 4.356384 1.42 -1.42 -8.0 -8.0 6.8643 9.7286 10.98 -0.01 -33.10 0.0000 0.0000
2.797 2 -3.783193 3.327676 -8.537358 -1.846313 31.562805 14.831543 1.34 -1.34 -7.7 -7.7 7.2314 5.4748 10.74 0.03 -44.11 -0.0000 -0.0000
2.802 2 0.460312 0.606558 -14.562178 -0.541687 -7.957458 3.105164 1.34 -1.34 -5.5 -7.6 -11.0842 -11.9670 10.84 0.06 -16.17 0.0000 0.0000
2.807 2 0.170220 -1.587119 -14.665268 1.075745 1.899719 13.275146 1.26 -1.26 5.1 2.7 -12.4061 -12.7573 11.94 0.05 0.35 0.0000 0.0000
2.812 2 9.364482 -2.857773 -9.153505 0.701904 73.890686 4.409790 1.26 -1.26 7.6 7.6 -3.1303 -3.6548 10.65 0.01 63.09 0.0000 0.0000
2.817 2 3.478716 8.045878 -5.873779 -24.581909 133.735657 9.490967 1.17 -1.17 7.8 7.8 12.0738 10.1674 10.79 -0.08 70.00 0.0000 0.0000
2.822 2 -9.048018 6.257373 -7.851684 -23.078918 87.066650 10.704041 1.17 -1.17 -8.0 -8.0 15.0252 14.6986 11.04 -0.07 -70.00 -0.0000 -0.0000
2.827 2 -6.770430 5.593276 -11.989702 -8.193970 -9.826660 13.336182 1.09 -1.09 -7.6 -7.6 7.5126 7.1549 10.63 0.01 -70.00 0.0000 0.0000
2.832 2 1.788506 -3.262944 -17.295282 0.122070 -24.757385 12.176514 0.92 -0.92 0.8 2.3 -3.1893 -11.1758 10.87 0.03 3.14 0.0000 0.0000
2.837 2 4.404136 2.423833 -16.556864 -1.174927 16.754150 18.188477 0.75 -0.75 8.0 8.0 -7.5126 -8.6132 11.04 0.00 30.55 0.0000 0.0000
2.842 2 6.053589 -4.188364 -9.419623 -7.446289 65.330505 42.953491 0.75 -0.75 7.6 7.6 2.7485 2.9851 10.65 -0.03 54.38 0.0000 0.0000
2.847 2 5.370312 -2.069009 -2.677964 -21.896362 76.103210 28.205872 0.75 -0.75 8.2 8.2 11.1758 12.2934 11.15 -0.08 70.00 0.0000 0.0000
2.852 2 -7.221152 0.136655 -5.171323 -15.426636 19.081116 38.169861 0.67 -0.67 -9.7 -9.7 15.9091 15.0252 12.74 -0.03 -70.00 -0.0000 -0.0000
2.857 2 -0.412363 0.666494 -13.557641 -9.017944 -26.237488 35.179138 0.67 -0.67 -7.3 -7.3 4.5226 4.9716 10.30 0.01 -24.66 0.0000 0.0000
2.862 2 4.516816 -0.764790 -17.072319 -4.394531 -26.390076 27.328491 0.59 -0.59 6.5 6.6 -7.5970 -9.0151 11.79 0.01 10.75 0.0000 0.0000
2.867 2 6.573838 -0.040757 -15.274223 -4.920959 5.325317 24.719238 0.50 -0.50 7.6 7.7 9.1991 -6.6944 10.73 -0.01 26.11 0.0000 0.0000
2.872 2 6.003242 -0.436338 -6.336489 -11.322021 53.672791 9.674072 0.50 -0.50 7.8 7.8 8.8384 10.0168 10.84 -0.05 70.00 0.0000 0.0000
2.877 2 0.383594 2.730708 -4.233916 -13.275146 58.105469 14.831543 0.50 -0.50 2.4 2.7 15.7241 14.3858 10.90 -0.09 10.56 0.0000 0.0000
2.882 2 -4.917192 -3.111904 -5.485391 4.592896 3.204346 10.902405 0.50 -0.50 -9.1 -9.1 17.1173 16.4911 12.09 -0.03 -70.00 -0.0000 -0.0000
2.887 2 -3.087929 5.619648 -15.693779 -6.011963 -48.553467 13.557434 0.42 -0.42 -7.3 -7.3 4.4337 3.2982 10.27 0.01 -29.00 0.0000 0.0000
2.892 2 5.379902 -5.279209 -17.165819 -0.526428 -36.453247 12.054443 0.42 -0.42 9.4 9.4 -9.3908 -11.3636 12.40 0.00 17.19 0.0000 0.0000
2.897 2 4.454482 1.385732 -12.620234 -8.338928 20.019531 9.307861 0.33 -0.33 8.3 8.3 8.2961 -2.9984 11.28 -0.02 44.60 0.0000 0.0000
2.902 2 4.883628 -5.180913 -1.531978 -7.743835 82.778931 20.919800 0.25 -0.25 7.9 7.9 13.9409 10.5646 10.92 -0.09 70.00 0.0000 0.0000
2.907 2 -2.040239 -6.276553 0.081514 5.599976 77.674866 15.869141 0.17 -0.17 7.9 7.9 19.5981 17.1173 10.93 -0.19 27.00 0.0000 0.0000
2.912 2 -1.536772 -3.507485 -7.875659 -9.719849 -2.738953 20.584106 0.08 -0.08 -8.1 -8.1 18.2739 15.7241 11.09 -0.08 -55.68 0.0000 0.0000
2.917 2 2.354306 -0.822329 -18.247074 5.119324 -29.273987 17.967224 0.00 -0.00 -4.1 -3.3 4.2524 3.5680 10.46 -0.06 1.31 0.0000 0.0000
2.922 2 4.799716 -0.831919 -19.639999 -5.638123 -15.090942 16.746521 0.00 -0.00 8.9 8.9 -5.9310 -6.0101 11.90 -0.06 24.99 0.0000 0.0000
2.927 2 5.240849 1.138794 -12.836005 -12.275696 28.305054 17.288208 0.00 -0.00 7.5 7.5 2.8055 2.1846 10.50 -0.08 44.63 0.0000 0.0000
2.932 2 4.780537 -0.170220 -0.172617 -11.230469 60.096741 17.013550 0.00 -0.00 8.1 8.1 14.0861 13.3888 11.07 -0.14 70.00 0.0000 0.0000
2.937 2 -6.039204 6.494721 -1.831660 -12.435913 33.226013 6.431580 0.00 -0.00 7.9 7.9 19.0460 20.1831 10.87 -0.17 70.00 0.0000 0.0000
2.942 2 -2.227241 -5.025078 -11.886611 -0.762939 -20.233154 23.971558 0.00 -0.00 -8.1 -8.1 11.6575 16.2924 11.06 -0.10 -21.84 0.0000 0.0000
2.947 2 2.951274 0.028770 -19.488960 -2.723694 -34.423828 14.442444 0.00 -0.00 0.8 1.1 4.0487 3.0664 11.14 -0.08 4.98 0.0000 0.0000
2.952 2 4.905205 -3.605781 -17.453516 1.792908 -24.635315 9.513855 0.08 -0.08 8.0 8.0 1.6214 1.5909 11.01 -0.08 21.55 0.0000 0.0000
2.957 2 4.722998 2.371089 -9.843974 -9.918213 11.978149 16.387939 0.08 -0.08 7.8 7.8 13.1288 13.0026 10.79 -0.09 44.65 0.0000 0.0000
2.962 2 -0.119873 -5.197695 0.412363 -1.434326 28.678894 -5.393982 0.08 -0.08 -8.1 -8.1 18.2739 18.2739 11.11 -0.12 -70.00 0.0000 0.0000
2.967 2 -3.387612 7.110869 -5.494980 4.493713 -12.504578 14.457703 0.08 -0.08 -9.2 -9.2 18.2739 16.2924 12.17 -0.04 -62.24 0.0000 0.0000
2.972 2 -0.841509 -4.581548 -13.663130 10.353088 -65.086365 -0.335693 0.00 -0.00 -7.3 -7.3 5.4091 4.8643 10.25 0.00 -31.47 -0.0000 -0.0000
2.977 2 5.396684 3.490703 -17.992945 2.159119 -57.029724 10.803223 -0.00 0.00 8.0 8.0 -7.9080 -8.2455 11.00 -0.01 24.56 0.0000 0.0000
2.982 2 10.138862 -6.521093 -11.198540 4.333496 14.892578 1.937866 -0.08 0.08 8.2 8.2 2.5466 3.3144 11.18 -0.03 69.26 0.0000 0.0000
2.987 2 7.043740 4.718203 -2.387871 -3.982544 99.082947 0.564575 -0.08 0.08 7.8 7.8 14.3858 15.9091 10.84 -0.13 70.00 0.0000 0.0000
2.992 2 -2.308755 1.356963 -1.476836 -19.630432 69.984436 2.738953 -0.08 0.08 8.0 8.0 21.1292 20.1831 10.98 -0.16 61.81 0.0000 0.0000
2.997 2 -4.411328 -4.919590 -7.695849 14.762878 -15.151978 9.323120 -0.08 0.08 -7.9 -7.9 11.6575 12.6380 10.85 -0.06 -70.00 0.0000 0.0000
3.002 2 3.572217 4.322622 -18.388525 -1.953125 -46.722412 -0.106812 -0.08 0.08 5.5 4.1 -7.6399 -3.2585 10.77 -0.04 10.07 0.0000 0.0000
3.007 2 8.292817 -2.100176 -18.278242 6.309509 -7.331848 0.457764 -0.17 0.17 7.9 7.9 -2.2024 -4.6470 10.90 -0.06 45.80 0.0000 0.0000
3.012 2 6.557055 0.330850 -11.512607 -7.537842 53.680420 7.354736 -0.17 0.17 8.0 8.0 10.4827 10.2445 11.00 -0.10 66.58 0.0000 0.0000
3.017 2 5.459018 5.490185 -0.879868 -16.914368 59.440613 -2.326965 -0.08 0.08 7.9 7.9 18.5242 18.5242 10.93 -0.18 70.00 0.0000 0.0000
3.022 2 -0.745610 -6.391631 -1.711787 6.141663 -1.617432 12.336731 -0.08 0.08 -8.0 -8.0 18.2739 17.3368 11.04 -0.04 -70.00 0.0000 0.0000
3.027 2 2.409448 3.505088 -13.094932 -4.211426 -47.187805 3.852844 -0.17 0.17 -7.8 -5.5 7.6399 4.7117 10.77 0.01 1.64 0.0000 0.0000
3.032 2 7.501655 -2.145727 -16.954844 0.778198 -34.095764 9.422302 -0.08 0.08 9.0 9.0 -2.8833 1.7183 12.02 -0.01 32.93 0.0000 0.0000
3.037 2 9.129531 2.119355 -16.635981 -0.839233 19.493103 -2.319336 -0.08 0.08 7.9 7.9 2.0004 1.1412 10.85 -0.04 52.61 0.0000 0.0000
3.042 2 6.058383 0.282900 -6.003242 -1.686096 59.974670 -9.819031 -0.08 0.08 7.9 7.9 16.2924 15.9091 10.87 -0.09 70.00 0.0000 0.0000
3.047 2 -0.616147 -6.777622 -0.834316 11.268616 39.947510 -5.401611 -0.00 0.00 -8.1 -8.1 20.8041 21.4646 11.06 -0.11 -66.48 0.0000 0.0000
3.052 2 -1.649453 -0.134258 -7.038945 -2.143860 -32.432556 -1.426697 0.00 -0.00 -7.7 -7.7 16.6947 16.6947 10.66 -0.03 -51.19 -0.0000 -0.0000
3.057 2 2.778657 -0.961382 -15.758511 8.003235 -59.661865 5.508423 -0.00 0.00 1.0 -3.6 -5.8287 3.3639 10.84 -0.01 3.07 0.0000 0.0000
3.062 2 5.168926 -2.632412 -15.509174 2.632141 -30.319214 -3.570557 -0.08 0.08 8.7 8.7 -5.0837 -6.2896 11.72 -0.03 31.46 0.0000 0.0000
3.067 2 6.919072 0.913433 -10.095708 -0.076294 32.684326 0.526428 -0.17 0.17 7.5 7.5 11.5579 7.2703 10.54 -0.06 57.62 0.0000 0.0000
3.072 2 3.555434 -1.318604 -2.169702 -1.136780 73.814392 0.640869 -0.17 0.17 8.1 8.1 17.3368 17.1173 11.09 -0.13 70.00 0.0000 0.0000
3.077 2 -8.520576 5.423057 -4.509624 -13.763428 24.322510 8.361816 -0.25 0.25 -8.0 -8.0 23.3150 22.5378 10.96 -0.14 -70.00 0.0000 0.0000
3.082 2 -3.421177 -5.765893 -10.870088 9.292603 -34.774780 7.240295 -0.17 0.17 -7.6 -7.6 13.3888 16.0984 10.65 -0.08 -18.15 -0.0000 -0.0000
3.087 2 1.553555 3.804770 -19.639999 5.218506 -54.389954 11.291504 -0.17 0.17 1.0 1.1 3.6061 3.7150 10.77 -0.06 8.48 0.0000 0.0000
3.092 2 3.176636 -4.473662 -14.396752 4.661560 -34.965515 0.473022 -0.25 0.25 8.4 8.4 -2.9984 -4.4483 11.36 -0.07 29.97 0.0000 0.0000
3.097 2 5.888164 5.348735 -8.045878 0.068665 22.064209 -2.738953 -0.25 0.25 7.7 7.7 11.9670 10.2445 10.74 -0.10 65.22 0.0000 0.0000
3.102 2 2.136138 1.141191 0.582583 -6.538391 65.483093 -2.471924 -0.33 0.33 8.0 8.0 19.5981 18.7815 11.04 -0.21 70.00 0.0000 0.0000
3.107 2 -5.940908 13.799785 -8.338368 -10.780334 30.166626 2.326965 -0.33 0.33 -8.0 -8.0 22.9198 19.8863 11.01 -0.20 -54.78 -0.0000 -0.0000
3.112 2 -7.211562 3.051968 -13.955620 8.514404 -39.222717 0.244141 -0.33 0.33 -7.6 -7.6 11.0842 9.5906 10.58 -0.14 -18.29 0.0000 0.0000
3.117 2 4.466470 -0.069526 -19.639999 -9.857178 -68.023682 11.947632 -0.25 0.25 6.8 4.9 -2.3682 2.2132 11.00 -0.11 12.02 0.0000 0.0000
