%  1    time 0.000 sec
%  2    mission (2) state 2
%  3  4  5 Acc x,y,z: -1.062075 -0.685674 -10.229965
%  6  7  8 Gyro x,y,z: -0.442505 4.516602 -0.282288
%  9 10 Motor velocity ref left, right: -0.00 0.00
% 11 12 Motor voltage [V] left, right: -8.9 -8.9
% 13 14 Wheel velocity [r/s] left, right: 0.0051 0.0000
% 15 16 17 18 Pose x,y,h,tilt [m,m,rad,rad]: 0.0000 0.0000 0.000000 -0.103124
% 19    Battery voltage [V]: 11.90
% 20 21 Get data time [us]: 490 +ctrl 810
% 22 23 24 25 Extra pt.: balE[0], balU[0], balUI[0], balUI[1]: 0.18 -70.0000 0.0000 0.0000
0.009 2 -0.467505 -0.268516 -11.131411 -3.196716 9.323120 -3.143311 0.08 -0.08 -7.9 -7.9 -5.7543 -5.5879 -0.0010 -0.0000 0.002595 -0.100377 10.87 490 870 0.18 -35.35 -0.0000 -0.0000
0.018 2 5.260029 -0.661699 -11.330400 -8.964539 98.289490 -7.484436 0.17 -0.17 7.8 7.8 -5.8287 -3.7985 -0.0028 -0.0000 0.005191 -0.032682 10.76 490 880 0.11 33.75 0.0000 0.0000
0.027 2 -7.765376 -2.414243 -6.720083 -39.291382 95.169067 -0.999451 0.25 -0.25 -7.9 -7.9 8.0974 8.0974 -0.0010 0.0000 0.007786 -0.000807 10.95 510 830 0.08 -66.84 -0.0000 -0.0000
0.036 2 -1.850840 2.227241 -9.599433 7.141113 -30.677795 -13.992310 0.50 -0.50 -7.7 -7.7 -15.3667 -10.4827 -0.0028 -0.0000 0.015573 -0.105486 10.73 490 800 0.19 -61.58 0.0000 0.0000
0.045 2 7.854082 1.062075 -12.162319 -21.087646 75.767517 -35.346985 0.50 -0.50 8.5 8.5 -9.3260 -8.0974 -0.0068 -0.0001 0.015573 -0.042434 11.55 490 810 0.12 36.16 0.0000 0.0000
0.054 2 2.553296 2.174497 -10.184414 -43.266296 112.754822 -35.217285 0.75 -0.75 -4.4 -7.4 8.2455 10.4827 -0.0054 -0.0001 0.023359 0.013037 12.66 490 800 0.07 -2.76 -0.0000 -0.0000
0.063 2 -5.051450 9.266186 -9.587446 13.458252 -30.113220 -24.627686 0.92 -0.92 -7.9 -7.9 -11.4599 -7.9080 -0.0062 -0.0001 0.028550 -0.093047 10.95 490 810 0.17 -70.00 0.0000 0.0000
0.072 2 1.639863 2.642002 -12.608247 -8.529663 52.543640 -38.452148 1.00 -1.00 7.5 7.5 -11.1758 -11.4599 -0.0101 -0.0002 0.031146 -0.040547 10.52 510 830 0.12 9.50 0.0000 0.0000
0.081 2 -0.457915 0.503467 -11.335195 -30.212402 108.695984 -31.959534 1.00 -1.00 -7.8 -7.8 10.0916 12.1826 -0.0088 -0.0002 0.031146 0.021979 10.84 490 800 0.06 -24.20 -0.0000 -0.0000
0.090 2 -6.094346 -4.643882 -7.990737 10.772705 -30.563354 -13.084412 1.09 -1.09 -7.8 -7.8 -12.4061 -8.0974 -0.0095 -0.0002 0.033741 -0.062109 10.79 490 810 0.14 -70.00 0.0000 0.0000
0.099 2 6.012832 4.979526 -14.044326 0.968933 36.277771 -34.172058 1.17 -1.17 7.9 7.9 -17.5619 -17.5619 -0.0137 -0.0003 0.036337 -0.035313 10.90 490 800 0.12 40.22 0.0000 0.0000
0.108 2 -0.246938 3.977388 -9.800820 -21.896362 133.956909 -38.940430 1.17 -1.17 7.8 7.8 2.1602 5.9835 -0.0145 -0.0004 0.036337 0.066277 10.81 490 880 0.01 24.35 0.0000 0.0000
0.117 2 -5.523750 -17.345629 -6.928662 8.453369 33.508301 -28.007507 1.42 -1.42 -7.7 -7.7 2.4722 4.9173 -0.0131 -0.0003 0.044123 0.014237 10.74 510 900 0.07 -70.00 -0.0000 -0.0000
0.126 2 2.864966 1.033306 -11.107436 -0.755310 -9.368896 -18.218994 1.42 -1.42 2.6 1.0 -16.2924 -16.2924 -0.0163 -0.0004 0.044123 -0.030705 10.96 490 800 0.11 -3.89 0.0000 0.0000
0.135 2 8.525371 -2.251216 -8.451050 -5.416870 90.950012 -28.686523 1.42 -1.42 7.6 7.6 -3.3225 -3.3722 -0.0183 -0.0005 0.044123 0.028647 10.57 490 860 0.05 69.55 0.0000 0.0000
0.144 2 -5.413466 1.615889 -8.482217 -4.966736 80.612183 -1.945496 1.34 -1.34 -8.9 -8.9 9.3908 10.0916 -0.0157 -0.0004 0.041528 0.078382 11.94 490 810 0.00 -15.73 0.0000 0.0000
0.153 2 -1.613491 2.697144 -10.591982 6.141663 -54.237366 -6.187439 1.34 -1.34 -7.9 -7.9 -10.6478 -10.7323 -0.0165 -0.0005 0.041528 -0.038628 10.85 490 800 0.12 -70.00 -0.0000 -0.0000
0.162 2 4.452085 0.865483 -14.111455 -6.668091 32.691956 -12.626648 1.34 -1.34 7.8 7.8 -8.5587 -11.0842 -0.0197 -0.0006 0.041528 -0.000290 10.77 510 810 0.08 22.05 0.0000 0.0000
0.171 2 -0.865483 0.297285 -8.019506 -13.435364 86.021423 -6.904602 1.26 -1.26 4.5 3.4 10.4021 9.1370 -0.0187 -0.0006 0.038932 0.096471 10.68 490 810 -0.02 9.27 0.0000 0.0000
0.180 2 -4.406533 -0.863086 -10.414570 3.623962 -32.836914 -7.339478 1.17 -1.17 -8.2 -8.2 4.9353 3.4763 -0.0165 -0.0005 0.036337 0.039940 11.15 490 870 0.04 -70.00 0.0000 0.0000
0.189 2 2.649194 -3.502690 -11.869829 21.354675 -67.001343 -2.021790 0.92 -0.92 6.6 7.3 -12.2934 -15.9091 -0.0191 -0.0006 0.028550 0.020800 11.39 490 810 0.06 7.00 0.0000 0.0000
0.198 2 9.211044 0.139053 -6.020024 2.281189 27.290344 -1.121521 0.84 -0.84 7.6 7.6 2.0489 3.2351 -0.0197 -0.0006 0.025955 0.101140 10.63 490 880 -0.02 70.00 0.0000 0.0000
0.207 2 -8.256855 -6.633774 -7.647900 12.565613 -28.717041 8.338928 0.84 -0.84 -9.7 -9.7 16.2924 17.1173 -0.0157 -0.0005 0.025955 0.124251 12.66 510 840 -0.04 -70.00 -0.0000 -0.0000
0.216 2 -2.289575 4.332212 -11.910585 15.022278 -159.393311 16.105652 0.92 -0.92 -7.3 -7.3 -2.6309 -3.5307 -0.0147 -0.0004 0.028550 0.019616 10.27 490 880 0.06 -47.73 0.0000 0.0000
0.225 2 3.787988 1.901186 -12.569887 13.298035 -94.085693 4.821777 0.84 -0.84 8.7 8.7 -6.1189 -8.4517 -0.0169 -0.0005 0.025955 0.033453 11.71 490 830 0.05 17.98 0.0000 0.0000
0.234 2 -0.011987 4.027734 -8.019506 1.785278 -34.515381 -0.198364 0.75 -0.75 2.4 1.7 12.8788 12.5210 -0.0155 -0.0005 0.023359 0.097173 10.65 490 790 -0.02 14.58 0.0000 0.0000
0.243 2 -5.312773 6.441978 -11.663647 -0.701904 -102.897644 7.377625 0.84 -0.84 -7.7 -7.7 -6.3786 3.9083 -0.0137 -0.0004 0.025955 0.049556 10.74 490 890 0.03 -69.08 -0.0000 -0.0000
0.252 2 5.638828 -6.554658 -12.234242 29.922485 -147.727966 -2.494812 0.75 -0.75 -7.9 -7.9 -11.8620 -13.0026 -0.0163 -0.0005 0.023359 -0.039021 10.87 510 830 0.12 -27.79 0.0000 0.0000
0.261 2 7.902031 -0.383594 -6.926264 5.569458 10.406494 -15.144348 0.67 -0.67 8.0 8.0 -4.4483 -6.0913 -0.0185 -0.0005 0.020764 0.063681 11.01 490 880 0.02 70.00 0.0000 0.0000
0.270 2 -1.973110 -9.074389 -7.537617 11.749268 -47.904968 -10.269165 0.67 -0.67 -8.0 -8.0 4.0609 5.5649 -0.0169 -0.0005 0.020764 0.030744 11.04 490 870 0.05 -36.37 0.0000 0.0000
0.279 2 -4.603125 1.738159 -11.951343 8.384705 -98.373413 1.068115 0.75 -0.75 -8.1 -8.1 -14.6986 -13.0026 -0.0195 -0.0006 0.023359 -0.026268 11.09 490 800 0.11 -57.09 -0.0000 -0.0000
0.288 2 5.984062 3.744834 -10.958794 -2.281189 12.634277 -18.508911 0.67 -0.67 7.7 7.7 -9.0151 -8.7810 -0.0229 -0.0006 0.020764 0.020888 10.74 490 810 0.06 48.56 0.0000 0.0000
0.297 2 0.290093 4.147607 -9.908706 -24.604797 28.602600 -10.520935 0.67 -0.67 -8.0 -8.0 9.3908 10.2445 -0.0213 -0.0006 0.020764 0.054774 11.00 510 820 0.03 -30.98 0.0000 0.0000
0.306 2 -6.441978 -5.705957 -9.124736 20.378113 -98.670959 -5.073547 0.75 -0.75 -7.7 -7.7 -10.4827 -9.3260 -0.0219 -0.0006 0.023359 -0.076020 10.71 490 810 0.16 -70.00 -0.0000 -0.0000
0.315 2 2.431025 0.376401 -14.399150 1.434326 -28.213501 -22.041321 0.84 -0.84 6.0 4.2 -17.7930 -16.2924 -0.0261 -0.0007 0.025955 -0.071371 11.04 490 810 0.15 0.24 0.0000 0.0000
0.324 2 -1.153179 2.819414 -10.716650 -14.663696 66.726685 -25.955200 0.92 -0.92 -6.0 -7.8 -2.7429 8.1462 -0.0275 -0.0008 0.028550 -0.013972 10.79 490 830 0.09 -9.27 0.0000 0.0000
0.333 2 -11.011538 4.293852 -8.709975 -5.714417 17.257690 -16.372681 1.00 -1.00 -7.9 -7.9 -11.6575 -9.4564 -0.0286 -0.0008 0.031146 -0.056549 10.88 490 810 0.14 -70.00 -0.0000 -0.0000
0.342 2 2.840991 -1.426489 -14.032338 -5.500793 -0.053406 -25.733948 1.09 -1.09 1.4 -0.8 -21.4646 -19.8863 -0.0332 -0.0010 0.033741 -0.113477 11.00 510 810 0.19 -10.59 0.0000 0.0000
0.351 2 5.499775 -0.035962 -9.937475 -20.782471 141.876221 -20.355225 1.17 -1.17 8.3 8.3 -9.6591 -7.2703 -0.0370 -0.0011 0.036337 -0.018552 11.30 490 800 0.10 59.40 0.0000 0.0000
0.360 2 -6.964624 -16.413017 -5.715547 0.091553 111.434937 -28.358459 1.34 -1.34 -9.7 -9.7 3.6947 7.2314 -0.0362 -0.0011 0.041528 -0.004908 12.70 490 840 0.08 -70.00 0.0000 0.0000
0.369 2 0.577788 -4.655869 -8.731552 12.573242 -0.129700 -25.001526 1.42 -1.42 -7.9 -7.9 -19.0460 -19.3181 -0.0396 -0.0012 0.044123 -0.109841 10.92 490 810 0.19 -32.53 -0.0000 -0.0000
0.378 2 7.472886 0.196592 -13.814170 -17.707825 102.073669 -35.140991 1.34 -1.34 7.6 7.6 -9.0756 -11.6575 -0.0442 -0.0014 0.041528 -0.051477 10.57 490 810 0.13 23.42 0.0000 0.0000
0.387 2 0.841509 4.643882 -11.021128 -39.154053 124.618530 -17.127991 1.42 -1.42 -5.1 -7.9 5.9310 7.4301 -0.0436 -0.0014 0.044123 0.006186 10.88 510 870 0.07 -6.70 -0.0000 -0.0000
0.396 2 -4.399341 -0.807944 -7.568784 5.485535 0.778198 -22.666931 1.34 -1.34 -7.8 -7.8 -13.5227 -12.5210 -0.0450 -0.0015 0.041528 -0.101166 10.84 490 800 0.18 -70.00 -0.0000 -0.0000
0.405 2 3.171841 -4.583945 -14.976938 -10.536194 66.383362 -17.723083 1.26 -1.26 9.0 8.4 -18.5242 -18.0303 -0.0501 -0.0017 0.038932 -0.075557 12.01 490 800 0.16 6.15 0.0000 0.0000
0.414 2 -2.071406 -0.326055 -8.460639 -21.430969 150.962830 -16.349792 1.17 -1.17 -7.6 -7.6 6.4702 3.0664 -0.0507 -0.0017 0.036337 -0.002856 10.63 490 880 0.08 -11.22 0.0000 0.0000
0.423 2 -9.364482 -1.131602 -6.547466 -4.241943 38.650513 -23.063660 1.17 -1.17 -7.8 -7.8 -1.8626 -1.8886 -0.0507 -0.0017 0.036337 -0.080630 10.77 490 890 0.16 -70.00 -0.0000 -0.0000
0.432 2 3.605781 -2.186484 -13.557641 0.656128 51.666260 -19.752502 1.17 -1.17 5.7 5.1 -18.0303 -19.3181 -0.0551 -0.0018 0.036337 -0.094420 11.87 510 830 0.17 -0.35 0.0000 0.0000
0.441 2 4.344199 1.227500 -8.549345 -19.660950 149.673462 -17.166138 1.09 -1.09 8.3 8.3 6.9705 -3.4497 -0.0569 -0.0019 0.033741 -0.017703 11.28 490 840 0.10 39.94 0.0000 0.0000
0.450 2 -12.234242 0.009590 -7.592759 -11.207581 91.125488 -15.983582 1.09 -1.09 -8.5 -8.5 4.8643 3.4585 -0.0557 -0.0018 0.033741 -0.028714 11.49 490 880 0.11 -70.00 -0.0000 -0.0000
0.459 2 2.934492 -1.201128 -12.222256 -6.149292 30.479431 -7.148743 0.84 -0.84 -3.9 -3.6 -14.3858 -16.6947 -0.0583 -0.0019 0.025955 -0.096588 10.88 490 810 0.18 -13.19 0.0000 0.0000
0.468 2 2.244023 -3.533857 -11.205732 -12.947083 117.317200 6.072998 0.84 -0.84 8.1 8.1 -6.4702 -9.0151 -0.0619 -0.0020 0.025955 -0.037570 11.11 490 830 0.12 17.78 0.0000 0.0000
0.477 2 -1.414502 1.071665 -7.933198 -22.056580 154.273987 6.385803 0.75 -0.75 7.9 7.9 10.6478 9.5906 -0.0605 -0.0020 0.023359 0.042023 10.85 510 830 0.04 27.27 0.0000 0.0000
0.486 2 -4.636689 4.058901 -10.750215 -10.688782 38.124084 4.425049 0.75 -0.75 -7.7 -7.7 -2.8833 -2.9526 -0.0593 -0.0020 0.023359 -0.060053 10.69 490 880 0.14 -70.00 0.0000 0.0000
0.495 2 0.167822 0.932612 -17.009985 -6.996155 57.907104 -0.419617 0.67 -0.67 -0.8 -1.1 -15.1940 -15.1940 -0.0627 -0.0020 0.020764 -0.042711 11.69 490 790 0.12 -8.75 0.0000 0.0000
0.504 2 3.279727 2.502949 -3.833540 -15.182495 141.502380 -4.592896 0.67 -0.67 8.1 8.1 4.7282 -2.4019 -0.0639 -0.0021 0.020764 0.039535 11.07 490 880 0.04 70.00 0.0000 0.0000
0.513 2 -7.223549 0.978164 -7.434526 -28.434753 114.517212 -4.974365 0.75 -0.75 -9.8 -9.8 11.2689 10.3227 -0.0617 -0.0020 0.023359 0.108401 12.85 490 810 -0.03 -52.70 0.0000 0.0000
0.522 2 0.035962 0.498672 -16.319515 -3.181458 12.268066 -6.820679 0.75 -0.75 -5.8 -7.9 -13.7987 -11.8620 -0.0629 -0.0020 0.023359 0.033971 10.90 510 820 0.05 -18.98 -0.0000 -0.0000
0.531 2 7.149228 2.279985 -12.749697 -9.994507 99.555969 -8.865356 0.75 -0.75 8.3 8.3 -3.8747 -5.6345 -0.0653 -0.0021 0.023359 0.075567 11.30 490 890 0.00 42.56 0.0000 0.0000
0.540 2 -0.388389 -12.366103 -1.558350 -6.965637 131.362915 -12.870789 0.67 -0.67 -7.9 -7.9 14.6986 15.5433 -0.0623 -0.0020 0.020764 0.228378 10.93 490 800 -0.15 -49.83 0.0000 0.0000
0.549 2 1.510400 -4.502431 -14.080288 1.258850 5.226135 -10.162354 0.50 -0.50 -4.9 -0.8 4.1354 -6.9705 -0.0603 -0.0020 0.015573 0.111556 10.76 490 840 -0.03 -1.55 -0.0000 -0.0000
0.558 2 4.456880 7.098882 -19.249214 -13.847351 35.659790 -3.433228 0.34 -0.34 7.6 7.6 2.4062 5.1222 -0.0611 -0.0020 0.010382 0.133561 10.62 490 880 -0.05 29.35 0.0000 0.0000
0.567 2 -1.222705 3.464331 -2.817017 -4.737854 14.999390 14.083862 0.67 -0.67 -8.0 -8.0 12.1826 15.5433 -0.0583 -0.0020 0.020764 0.132727 11.03 510 830 -0.05 -29.67 0.0000 0.0000
0.576 2 1.874814 2.143330 -13.646347 -1.579285 -62.492371 21.423340 0.67 -0.67 -7.7 -7.7 -7.9080 -2.6360 -0.0583 -0.0020 0.020764 0.014687 10.71 490 850 0.07 -18.12 -0.0000 -0.0000
0.585 2 9.932680 3.303701 -11.164975 -11.436462 36.209106 17.379761 0.67 -0.67 7.7 7.7 -2.6360 -3.3722 -0.0599 -0.0020 0.020764 0.072433 10.71 490 880 0.01 50.62 0.0000 0.0000
0.594 2 -4.018145 -5.928921 -8.017109 -16.746521 75.141907 8.644104 0.59 -0.59 6.2 6.5 17.3368 15.5433 -0.0565 -0.0019 0.018168 0.166748 10.81 490 800 -0.09 18.96 0.0000 0.0000
0.603 2 0.707251 -3.778398 -11.972919 10.856628 -56.205750 6.607056 0.42 -0.42 -7.7 -7.7 6.2896 -4.8295 -0.0537 -0.0019 0.012977 0.055387 10.71 490 880 0.02 -46.22 0.0000 0.0000
0.612 2 6.775224 1.704595 -15.859203 -5.722046 -8.689880 7.797241 0.33 -0.33 7.4 7.4 -4.6153 -4.0246 -0.0551 -0.0019 0.010382 0.085024 10.41 510 890 -0.01 35.59 0.0000 0.0000
0.621 2 6.386836 1.788506 -3.087929 -5.928040 40.534973 12.725830 0.42 -0.42 7.9 7.9 13.6593 15.9091 -0.0525 -0.0019 0.012977 0.167460 10.95 490 810 -0.09 70.00 0.0000 0.0000
0.630 2 -6.226206 10.428955 -13.039789 -5.844116 -45.242310 10.879517 0.59 -0.59 -7.7 -7.7 7.5970 7.9080 -0.0488 -0.0018 0.018168 0.109279 10.68 490 800 -0.03 -32.49 -0.0000 -0.0000
0.639 2 7.041343 -10.613559 -14.382368 19.416809 -58.601379 -1.625061 0.75 -0.75 9.2 9.2 -9.0756 -9.9432 -0.0509 -0.0019 0.023359 0.085195 12.17 490 800 -0.01 14.56 0.0000 0.0000
0.648 2 6.559453 0.409966 -1.069268 -10.795593 79.917908 -6.935120 0.59 -0.59 8.0 8.0 10.4827 8.7243 -0.0501 -0.0018 0.018168 0.206744 10.98 490 810 -0.13 70.00 0.0000 0.0000
0.657 2 -6.811186 10.141259 -10.927627 3.257751 -8.392334 -6.072998 0.59 -0.59 -7.5 -7.5 12.2934 9.0151 -0.0464 -0.0018 0.018168 0.141791 10.52 510 830 -0.06 -70.00 -0.0000 -0.0000
0.666 2 6.235795 -1.256269 -18.577925 5.027771 -53.085327 -1.197815 0.59 -0.59 8.3 8.3 -11.2689 -8.7810 -0.0476 -0.0018 0.018168 0.101773 11.33 490 800 -0.02 22.71 0.0000 0.0000
0.675 2 8.544551 -4.236313 -2.431025 1.831055 61.088562 -16.716003 0.75 -0.75 7.7 7.7 7.7273 12.5210 -0.0468 -0.0018 0.023359 0.170950 10.73 490 810 -0.09 70.00 0.0000 0.0000
0.684 2 -5.648418 2.548501 -5.921728 -15.693665 7.934570 -8.094788 0.75 -0.75 -8.5 -8.5 16.6947 17.3368 -0.0424 -0.0017 0.023359 0.204206 11.55 490 810 -0.12 -70.00 -0.0000 -0.0000
0.693 2 2.507744 4.641484 -19.639999 7.659912 -48.118591 -18.821716 0.84 -0.84 6.4 4.2 -10.4021 -9.2621 -0.0426 -0.0017 0.025955 0.135830 11.58 490 800 -0.06 7.33 0.0000 0.0000
0.702 2 8.355151 4.821294 -8.168149 -11.222839 34.820557 -8.850098 0.75 -0.75 7.8 7.8 7.5546 2.3600 -0.0428 -0.0017 0.023359 0.165197 10.82 510 860 -0.09 70.00 0.0000 0.0000
0.711 2 -9.635395 11.375952 -4.902807 -16.815186 41.358948 -9.750366 0.75 -0.75 -8.2 -8.2 22.1684 21.8108 -0.0380 -0.0016 0.023359 0.335192 11.17 490 780 -0.26 -70.00 0.0000 0.0000
0.720 2 4.329814 -6.437182 -19.153315 12.725830 -58.746338 -3.471375 0.67 -0.67 -0.9 -3.5 3.3807 4.7783 -0.0354 -0.0015 0.020764 0.208460 10.03 490 880 -0.13 3.48 0.0000 0.0000
0.729 2 4.713408 1.579927 -15.192710 4.096985 -16.784668 -6.637573 0.59 -0.59 7.5 7.5 6.5964 4.0487 -0.0356 -0.0015 0.018168 0.201437 10.52 490 880 -0.12 38.68 0.0000 0.0000
0.738 2 -0.719238 -4.080478 1.939546 5.592346 16.845703 -6.324768 0.75 -0.75 0.8 -2.0 19.5981 22.1684 -0.0311 -0.0014 0.023359 0.298703 10.87 490 790 -0.22 9.96 0.0000 0.0000
0.747 2 -2.119355 1.929956 -16.273964 -0.602722 -57.464600 5.271912 0.92 -0.92 -7.8 -7.8 4.0609 6.4089 -0.0279 -0.0014 0.028550 0.137443 10.81 510 890 -0.06 -21.82 0.0000 0.0000
0.756 2 5.693970 -1.752544 -15.123183 28.686523 -44.784546 -14.381409 1.09 -1.09 8.4 8.4 -6.6288 -6.2317 -0.0291 -0.0014 0.033741 0.122016 11.42 490 870 -0.04 25.54 0.0000 0.0000
0.765 2 2.445410 -6.295732 1.153179 -9.185791 85.319519 -8.842468 0.92 -0.92 7.9 7.9 15.5433 12.7573 -0.0271 -0.0013 0.028550 0.257714 10.95 490 810 -0.18 70.00 0.0000 0.0000
0.774 2 -5.358325 19.639400 -13.478525 -6.301880 -4.486084 -19.798279 0.75 -0.75 -7.6 -7.6 11.3636 11.3636 -0.0227 -0.0012 0.023359 0.169774 10.65 490 800 -0.09 -15.80 -0.0000 -0.0000
0.783 2 3.188623 -5.708354 -18.108023 7.827759 -34.576416 -4.524231 0.67 -0.67 8.7 8.7 -10.9054 -10.0916 -0.0241 -0.0013 0.020764 0.129649 11.71 490 800 -0.05 17.78 0.0000 0.0000
0.792 2 5.003501 4.396943 -0.472300 -11.421204 112.419128 -10.307312 0.67 -0.67 7.9 7.9 12.5210 10.4021 -0.0229 -0.0012 0.020764 0.235635 10.87 510 830 -0.16 70.00 0.0000 0.0000
0.801 2 -5.212080 -4.665459 -7.801338 12.527466 33.355713 -0.083923 0.59 -0.59 -9.5 -9.5 13.2575 12.2934 -0.0187 -0.0011 0.018168 0.156871 12.53 490 800 -0.08 -70.00 -0.0000 -0.0000
0.810 2 4.535996 -2.421435 -16.110937 -8.453369 -5.142212 9.605408 0.42 -0.42 8.3 8.3 -1.9429 -10.0916 -0.0191 -0.0012 0.012977 0.119873 11.30 490 830 -0.04 22.31 0.0000 0.0000
0.819 2 4.811704 -1.268257 -8.578115 -11.352539 91.323853 15.258789 0.50 -0.50 8.0 8.0 10.8182 13.3888 -0.0177 -0.0011 0.015573 0.168018 10.96 490 800 -0.09 61.91 0.0000 0.0000
0.828 2 -5.545327 2.059419 -4.360981 -11.657715 28.869629 15.525818 0.67 -0.67 -7.7 -7.7 12.6380 17.5619 -0.0133 -0.0011 0.020764 0.104269 10.71 490 810 -0.02 -70.00 0.0000 0.0000
0.837 2 5.032270 -3.378022 -15.478007 -3.486633 0.877380 0.175476 0.84 -0.84 8.8 7.9 -9.1991 -7.2314 -0.0137 -0.0011 0.025955 0.077859 11.75 510 820 0.00 16.55 0.0000 0.0000
0.846 2 6.195039 2.241626 -10.615956 -12.443542 91.964722 -7.606506 0.59 -0.59 7.6 7.6 14.0861 10.6478 -0.0126 -0.0010 0.018168 0.133688 10.58 490 810 -0.05 62.84 0.0000 0.0000
0.855 2 -0.635327 -3.541050 -4.207544 -23.399353 65.635681 -2.990723 0.59 -0.59 -8.0 -8.0 18.7815 18.5242 -0.0078 -0.0010 0.018168 0.139398 10.96 490 810 -0.06 -38.93 -0.0000 -0.0000
0.864 2 2.538911 2.872158 -17.374399 -4.135132 -22.224426 -0.892639 0.59 -0.59 -1.6 -2.5 -5.8540 -7.0431 -0.0074 -0.0010 0.018168 0.059733 10.92 490 840 0.02 -1.87 0.0000 0.0000
0.873 2 15.681791 -2.349512 -6.298130 -13.549805 87.165833 -8.438110 0.59 -0.59 7.9 7.9 2.5709 5.4970 -0.0082 -0.0010 0.018168 0.131086 10.93 490 890 -0.05 70.00 0.0000 0.0000
0.882 2 -6.621787 -1.738159 -5.468608 -13.389587 127.296448 1.686096 0.67 -0.67 -8.0 -8.0 18.2739 19.8863 -0.0040 -0.0009 0.020764 0.246756 11.03 510 840 -0.17 -46.11 0.0000 0.0000
0.891 2 0.215771 -7.609541 -18.503603 0.816345 -36.155701 13.420105 0.67 -0.67 -6.2 -7.7 3.2743 4.6153 -0.0016 -0.0008 0.020764 0.142352 10.74 490 860 -0.06 -6.61 -0.0000 -0.0000
0.900 2 10.040566 9.999809 -11.884213 -3.738403 43.029785 -8.995056 0.67 -0.67 7.8 7.8 3.4763 4.2929 -0.0024 -0.0009 0.020764 0.179785 10.76 490 880 -0.10 70.00 0.0000 0.0000
0.909 2 4.432905 -0.534634 -3.699282 -14.465332 96.786499 -5.828857 0.67 -0.67 7.9 7.9 18.2739 17.7930 0.0012 -0.0008 0.020764 0.317760 10.87 480 810 -0.24 64.60 0.0000 0.0000
0.918 2 -3.430767 3.869502 -19.498549 9.742737 -40.466309 -0.198364 0.75 -0.75 2.5 -0.8 5.7543 7.7717 0.0046 -0.0007 0.023359 0.225681 10.25 490 830 -0.15 6.71 0.0000 0.0000
0.927 2 7.156421 8.136982 -12.488374 11.306763 -20.233154 -7.530212 0.67 -0.67 7.8 7.8 1.3415 1.3015 0.0049 -0.0007 0.020764 0.237475 10.76 510 900 -0.16 70.00 0.0000 0.0000
0.936 2 -1.963520 -2.263203 -3.315688 2.899170 33.592224 -8.689880 0.75 -0.75 7.9 7.9 20.1831 21.8108 0.0095 -0.0006 0.023359 0.360448 10.93 490 790 -0.28 64.44 0.0000 0.0000
0.945 2 -2.140933 -4.058901 -15.657817 15.930176 -91.102600 -0.846863 0.84 -0.84 -0.8 -2.8 5.2414 6.5964 0.0133 -0.0005 0.025955 0.260940 10.55 490 880 -0.18 -1.18 -0.0000 -0.0000
0.954 2 9.045620 8.288022 -12.735312 22.262573 -51.315308 -13.160706 0.84 -0.84 7.7 7.7 2.8172 2.0458 0.0133 -0.0005 0.025955 0.253450 10.66 490 890 -0.17 70.00 0.0000 0.0000
0.963 2 1.706992 -1.740557 -4.905205 -16.311646 52.284241 -16.143799 0.75 -0.75 8.1 8.1 21.1292 21.4646 0.0179 -0.0004 0.023359 0.380394 11.12 490 760 -0.30 59.70 0.0000 0.0000
0.972 2 -2.771465 2.208061 -15.434853 10.688782 -121.810913 -8.262634 0.67 -0.67 -7.4 -7.4 9.8706 7.9080 0.0225 -0.0003 0.020764 0.249806 10.44 510 830 -0.17 -23.23 0.0000 0.0000
0.981 2 17.113075 3.979785 -14.396752 24.055481 -66.802979 -13.549805 0.67 -0.67 9.4 9.4 -2.7710 -2.1671 0.0221 -0.0003 0.020764 0.240376 12.40 490 870 -0.16 70.00 0.0000 0.0000
0.990 2 -0.424351 -0.841509 -1.798096 -11.558533 34.011841 -8.277893 0.67 -0.67 8.1 8.1 20.1831 21.1292 0.0262 -0.0002 0.020764 0.375876 11.09 490 770 -0.30 70.00 0.0000 0.0000
0.999 2 0.124668 -9.115147 -12.788056 27.305603 -100.189209 -1.472473 0.75 -0.75 -7.6 -7.6 12.6380 11.2689 0.0312 -0.0001 0.023359 0.249519 10.65 490 790 -0.17 -2.22 -0.0000 -0.0000
1.008 2 7.544809 -4.161992 -15.211889 17.524719 -95.901489 -3.646851 0.67 -0.67 7.8 7.8 4.1481 1.4401 0.0314 -0.0001 0.020764 0.227065 10.81 490 870 -0.15 44.90 0.0000 0.0000
1.017 2 4.126030 -3.874297 0.189399 6.340027 -2.716064 -1.037598 0.67 -0.67 7.9 7.9 21.4646 21.4646 0.0358 -0.0000 0.020764 0.356683 10.87 510 810 -0.28 70.00 0.0000 0.0000
1.026 2 -2.589258 -6.854341 -11.332797 5.592346 -117.767334 0.877380 0.67 -0.67 -9.3 -9.3 18.2739 19.3181 0.0419 0.0001 0.020764 0.296908 12.28 490 800 -0.22 -21.76 -0.0000 -0.0000
1.035 2 5.399082 2.052227 -15.008105 19.340515 -146.659851 -6.813049 0.67 -0.67 10.0 10.0 2.0677 1.9046 0.0427 0.0001 0.020764 0.247480 13.04 490 870 -0.17 39.33 0.0000 0.0000
1.044 2 7.194780 -1.474438 -0.582583 2.517700 -25.367737 5.485535 0.59 -0.59 7.9 7.9 20.8041 19.5981 0.0461 0.0002 0.018168 0.336039 10.92 490 790 -0.26 70.00 0.0000 0.0000
1.053 2 -7.957172 19.639400 -13.322690 -2.601624 -117.179871 -6.271362 0.59 -0.59 -7.9 -7.9 20.4889 22.5378 0.0525 0.0003 0.018168 0.260560 10.85 490 790 -0.18 -59.49 -0.0000 -0.0000
1.062 2 4.552778 -5.746714 -14.787539 17.692566 -173.698425 6.889343 0.59 -0.59 -0.8 2.3 2.2689 -6.0913 0.0537 0.0003 0.018168 0.177242 11.50 510 900 -0.10 5.78 0.0000 0.0000
1.071 2 8.156162 -7.894839 -3.181431 14.236450 -38.070679 1.983643 0.67 -0.67 8.2 8.2 9.7286 8.4517 0.0543 0.0003 0.020764 0.209976 11.20 490 800 -0.13 70.00 0.0000 0.0000
1.080 2 -1.251475 6.331694 -7.616733 -26.519775 -48.492432 8.857727 0.75 -0.75 -8.0 -8.0 19.5981 20.1831 0.0593 0.0004 0.023359 0.249014 11.00 490 790 -0.17 -38.04 -0.0000 -0.0000
1.089 2 1.889199 -6.231001 -13.039789 22.384644 -139.045715 -5.287170 0.67 -0.67 -7.8 -7.8 -4.0366 -2.3396 0.0604 0.0005 0.020764 0.143047 10.77 490 880 -0.06 -15.13 0.0000 0.0000
1.098 2 9.508329 4.641484 -11.387939 -3.143311 -16.807556 4.287720 0.67 -0.67 7.7 7.7 -4.7953 -3.6746 0.0591 0.0004 0.020764 0.158740 10.71 490 880 -0.08 70.00 0.0000 0.0000
1.107 2 -4.135620 -0.661699 -4.500034 -5.714417 30.593872 -2.548218 0.75 -0.75 -9.2 -9.2 18.5242 19.0460 0.0630 0.0005 0.023359 0.240274 12.18 510 840 -0.16 -70.00 -0.0000 -0.0000
1.116 2 -2.361499 1.783711 -11.562954 17.852783 -83.366394 5.577087 0.75 -0.75 -7.1 -7.1 2.5709 -6.2317 0.0646 0.0006 0.023359 0.120838 10.14 490 870 -0.04 -25.56 0.0000 0.0000
1.125 2 2.644399 3.550640 -15.199902 1.541138 6.385803 -10.787964 0.75 -0.75 8.0 8.0 2.7154 3.7150 0.0638 0.0005 0.023359 0.139843 10.98 490 880 -0.06 33.16 0.0000 0.0000
1.134 2 -0.961382 -9.155903 -5.701162 8.743286 57.159424 -3.540039 0.84 -0.84 8.0 8.0 18.5242 19.8863 0.0680 0.0006 0.025955 0.232316 11.00 490 800 -0.15 53.62 0.0000 0.0000
1.143 2 -8.244868 -0.992549 -11.047500 18.745422 -95.558167 -0.915527 0.75 -0.75 -7.6 -7.6 7.0066 4.0008 0.0714 0.0007 0.023359 0.090880 10.65 490 840 -0.01 -70.00 0.0000 0.0000
1.152 2 11.275258 2.785850 -16.276361 4.150391 -39.833069 -18.455505 0.84 -0.84 7.9 7.9 -6.9347 -8.2961 0.0696 0.0007 0.025955 0.086094 10.95 510 830 -0.01 23.95 0.0000 0.0000
1.161 2 1.781313 -1.098037 -4.440097 -5.096436 58.265686 -6.645203 0.84 -0.84 7.8 7.8 16.4911 17.5619 0.0724 0.0008 0.025955 0.168684 10.81 490 800 -0.09 64.46 0.0000 0.0000
1.170 2 -8.165751 -11.733173 -9.074389 16.639709 -61.958313 1.426697 0.84 -0.84 -8.7 -8.7 13.1288 14.2344 0.0772 0.0009 0.025955 0.098576 11.66 490 810 -0.02 -70.00 0.0000 0.0000
1.179 2 4.466470 3.876694 -12.219858 3.028870 -96.481323 2.975464 0.92 -0.92 7.9 7.9 -8.5587 -9.7991 0.0766 0.0009 0.028550 0.053017 10.87 490 800 0.03 15.06 0.0000 0.0000
1.188 2 7.837299 -1.836455 -6.036807 4.074097 18.653870 2.296448 0.92 -0.92 8.0 8.0 8.7810 9.3260 0.0770 0.0009 0.028550 0.117153 10.96 490 810 -0.04 70.00 0.0000 0.0000
1.197 2 -6.693711 -0.515454 -9.978232 12.741089 -0.915527 17.837524 0.84 -0.84 -8.9 -8.9 17.5619 17.5619 0.0817 0.0010 0.025955 0.148777 11.90 510 830 -0.07 -37.38 0.0000 0.0000
1.206 2 -1.450464 9.414829 -13.838144 6.210327 -123.786926 11.535645 0.75 -0.75 -7.4 -7.4 -3.0733 -2.5182 0.0827 0.0010 0.023359 0.043158 10.36 490 880 0.04 -48.79 -0.0000 -0.0000
1.215 2 8.995274 3.090327 -10.663906 -6.065369 -21.575928 15.579224 0.67 -0.67 8.2 8.2 -7.0066 -7.9080 0.0805 0.0010 0.020764 0.067054 11.22 490 800 0.01 47.30 0.0000 0.0000
1.224 2 -1.066870 -0.565801 -7.760581 -7.171631 46.302795 12.168884 0.75 -0.75 -7.0 -7.8 13.2575 13.9409 0.0823 0.0010 0.023359 0.167168 10.84 490 800 -0.09 -9.01 0.0000 0.0000
1.233 2 -4.231518 3.306098 -13.126099 3.761292 -51.849365 17.021179 0.67 -0.67 -7.9 -7.9 3.5033 -3.4497 0.0841 0.0011 0.020764 0.091342 10.93 490 880 -0.01 -56.57 0.0000 0.0000
1.242 2 4.782934 1.661440 -13.334678 12.443542 -16.014099 -1.548767 0.67 -0.67 8.2 8.2 -6.4394 -9.1991 0.0817 0.0010 0.020764 0.089187 11.15 510 860 -0.01 44.49 0.0000 0.0000
1.251 2 1.570337 3.447549 -5.504570 -16.021729 94.871521 5.531311 0.59 -0.59 7.6 7.6 13.3888 12.6380 0.0831 0.0010 0.018168 0.193619 10.65 490 800 -0.11 70.00 0.0000 0.0000
1.260 2 -6.123115 -10.313877 -11.764340 3.746033 -17.517090 19.439697 0.59 -0.59 -8.5 -8.5 8.6684 7.3493 0.0867 0.0011 0.018168 0.127768 11.55 490 810 -0.05 -70.00 -0.0000 -0.0000
1.269 2 2.085791 -2.232036 -11.958535 -2.136230 -53.184509 14.816284 0.59 -0.59 3.9 3.5 -11.8620 -12.6380 0.0847 0.0011 0.018168 0.073132 10.88 490 810 0.01 1.89 0.0000 0.0000
1.278 2 6.485132 4.229121 -6.067974 -7.575989 80.482483 11.680603 0.67 -0.67 7.8 7.8 6.2605 9.5906 0.0845 0.0011 0.020764 0.150254 10.76 490 840 -0.07 70.00 0.0000 0.0000
1.287 2 1.884404 -19.639999 -9.649780 19.866943 41.641235 -4.463196 0.75 -0.75 -7.9 -7.9 11.1758 12.8788 0.0879 0.0011 0.023359 0.155445 10.95 510 830 -0.08 -18.39 0.0000 0.0000
1.296 2 -0.206182 -2.133740 -11.203335 3.959656 -62.446594 11.665344 0.75 -0.75 -6.5 -6.8 -2.1329 -6.5964 0.0879 0.0011 0.023359 0.072805 10.77 490 880 0.01 -14.26 -0.0000 -0.0000
1.305 2 6.593018 3.128686 -11.968124 -2.792358 27.275085 7.637024 0.67 -0.67 8.2 8.2 3.0944 4.1996 0.0869 0.0011 0.020764 0.104062 11.18 490 880 -0.02 38.25 0.0000 0.0000
1.314 2 -1.977905 -3.004019 -9.335712 -9.727478 44.654846 16.998291 0.67 -0.67 5.1 4.0 18.0303 18.7815 0.0909 0.0012 0.020764 0.174434 10.93 490 800 -0.09 17.64 0.0000 0.0000
1.323 2 -5.142553 -5.679585 -12.179101 18.295288 -94.360352 21.003723 0.67 -0.67 -7.7 -7.7 3.1448 3.1743 0.0933 0.0012 0.020764 0.066628 10.71 490 870 0.01 -70.00 0.0000 0.0000
1.332 2 4.921987 5.986460 -13.655937 7.049561 -37.292480 1.724243 0.59 -0.59 7.8 7.8 -7.5970 -8.3473 0.0911 0.0012 0.018168 0.073654 10.79 510 810 0.01 43.58 0.0000 0.0000
1.341 2 0.342837 2.054624 -6.233398 -11.474609 53.100586 5.722046 0.50 -0.50 7.9 7.9 15.0252 13.2575 0.0929 0.0012 0.015573 0.177237 10.85 490 810 -0.10 34.40 0.0000 0.0000
1.350 2 -6.283745 -8.019506 -11.421504 5.249023 -57.563782 12.123108 0.59 -0.59 -9.2 -9.2 5.3449 7.7273 0.0959 0.0013 0.018168 0.118612 12.17 490 840 -0.04 -60.60 -0.0000 -0.0000
1.359 2 3.351650 -7.293076 -11.713994 12.702942 -87.448120 5.577087 0.59 -0.59 -0.8 -2.1 -10.9054 -9.9432 0.0939 0.0012 0.018168 0.078006 11.61 490 810 0.00 -9.41 -0.0000 -0.0000
1.368 2 10.018989 -1.352168 -5.708354 -0.877380 60.401917 -6.271362 0.59 -0.59 8.0 8.0 7.9545 10.2445 0.0943 0.0013 0.018168 0.180897 11.00 490 800 -0.10 70.00 0.0000 0.0000
1.377 2 -8.448652 12.289385 -13.643950 -7.926941 -22.529602 -12.863159 0.59 -0.59 -7.7 -7.7 11.1758 11.0842 0.0984 0.0013 0.018168 0.147108 10.73 510 830 -0.07 -31.16 0.0000 0.0000
1.386 2 3.624961 -2.543706 -11.270464 6.454468 -95.672607 -4.104614 0.67 -0.67 2.2 0.8 -11.3636 -8.7810 0.0974 0.0013 0.020764 0.062807 10.87 490 810 0.02 1.31 0.0000 0.0000
1.395 2 6.808789 -3.083135 -7.633515 6.004333 25.497437 -5.760193 0.59 -0.59 7.6 7.6 2.2804 2.5807 0.0968 0.0013 0.018168 0.120733 10.55 490 880 -0.04 70.00 0.0000 0.0000
1.404 2 -6.360464 -9.685741 -7.820518 17.951965 7.812500 6.477356 0.59 -0.59 -8.1 -8.1 10.8182 11.1758 0.1004 0.0014 0.018168 0.133387 11.07 490 800 -0.05 -59.47 0.0000 0.0000
1.413 2 -2.793042 4.221929 -11.817084 8.125305 -107.185364 3.242493 0.50 -0.50 -7.9 -7.9 -7.0799 -9.7991 0.1002 0.0014 0.015573 0.026551 10.85 490 810 0.05 -49.35 -0.0000 -0.0000
1.422 2 11.764340 -0.129463 -11.212924 -2.975464 -2.861023 8.728027 0.17 -0.17 7.6 7.6 -3.1595 -6.3786 0.0982 0.0013 0.005191 0.064488 10.55 510 900 0.02 61.59 0.0000 0.0000
1.431 2 -1.330591 -3.440356 -8.220893 -16.006470 40.245056 13.580322 0.00 -0.00 -8.0 -8.0 14.6986 13.5227 0.1010 0.0014 0.000000 0.119739 10.96 490 770 -0.04 -19.75 0.0000 0.0000
1.440 2 -1.462451 -10.292299 -7.595156 20.507812 -83.198547 25.527954 -0.00 0.00 -7.8 -7.8 -6.5644 -8.5587 0.1010 0.0014 0.000000 0.020982 10.81 490 840 0.06 -66.25 -0.0000 -0.0000
1.449 2 10.299492 5.353530 -14.180981 -11.726379 14.724731 15.563965 -0.08 0.08 8.3 8.3 -7.3895 -10.5646 0.0976 0.0014 -0.002595 0.048104 11.30 490 800 0.03 40.18 0.0000 0.0000
1.458 2 -1.433682 0.234951 -8.177739 -13.954163 97.854614 6.614685 -0.08 0.08 -6.1 -5.7 13.3888 13.5227 0.0996 0.0014 -0.002595 0.132455 11.06 490 800 -0.05 -6.02 0.0000 0.0000
1.467 2 -7.199575 6.012832 -8.635654 0.877380 -42.594910 8.438110 -0.17 0.17 -7.8 -7.8 -4.6470 -2.3477 0.1006 0.0014 -0.005191 0.021303 10.82 510 910 0.06 -70.00 -0.0000 -0.0000
1.476 2 6.652954 6.885508 -15.314980 1.945496 16.647339 -10.543823 -0.08 0.08 8.9 8.9 -7.0431 -8.9554 0.0976 0.0014 -0.002595 0.043970 11.93 490 800 0.04 47.43 0.0000 0.0000
1.485 2 -0.311670 -0.453120 -7.393769 -12.817383 92.086792 -1.228333 -0.08 0.08 7.9 7.9 12.8788 12.7573 0.0996 0.0014 -0.002595 0.112979 10.90 490 800 -0.03 22.53 0.0000 0.0000
1.494 2 -5.037066 -4.543189 -9.635395 22.941589 -33.561707 -5.249023 -0.08 0.08 -7.8 -7.8 7.9545 5.7058 0.1028 0.0014 -0.002595 0.022258 10.82 490 850 0.06 -70.00 0.0000 0.0000
1.503 2 3.133481 -5.142553 -10.680688 8.102417 -43.090820 2.319336 -0.25 0.25 9.0 9.0 -10.9941 -13.0026 0.1008 0.0014 -0.007786 0.010541 12.02 490 800 0.07 21.45 0.0000 0.0000
1.512 2 2.083394 -0.515454 -8.803476 1.358032 43.357849 7.560730 -0.50 0.50 7.9 7.9 10.5646 2.1952 0.1010 0.0014 -0.015573 0.066124 10.85 510 860 0.01 29.22 0.0000 0.0000
1.521 2 -4.629497 -0.402773 -11.404721 11.482239 -1.632690 13.557434 -0.50 0.50 -8.4 -8.4 8.2455 10.2445 0.1042 0.0013 -0.015573 0.054740 11.44 490 800 0.03 -70.00 0.0000 0.0000
1.530 2 0.306875 5.279209 -10.721445 -7.240295 -92.292786 15.609741 -0.42 0.42 -7.9 -7.9 -10.7323 -9.4564 0.1032 0.0013 -0.012977 -0.025236 10.88 490 800 0.11 -26.43 -0.0000 -0.0000
1.539 2 9.196660 0.314067 -11.054692 -2.609253 11.276245 10.383606 -0.42 0.42 7.8 7.8 -5.4748 -5.6818 0.1008 0.0014 -0.012977 0.028501 10.76 490 880 0.05 57.52 0.0000 0.0000
1.548 2 1.220308 -1.802891 -9.206249 -4.478455 49.575806 12.947083 -0.33 0.33 -0.8 -0.8 12.4061 13.2575 0.1034 0.0013 -0.010382 0.085991 11.90 490 800 -0.01 8.33 0.0000 0.0000
1.557 2 -5.701162 1.718979 -8.388716 5.599976 -68.855286 12.153625 -0.25 0.25 -7.9 -7.9 -5.2823 -2.2278 0.1036 0.0013 -0.007786 0.002658 10.85 510 900 0.08 -70.00 0.0000 0.0000
1.566 2 2.471782 4.828486 -15.027285 -0.846863 -5.355835 -5.233765 -0.25 0.25 8.1 8.1 -11.6575 -13.2575 0.1000 0.0013 -0.007786 0.017042 11.07 490 810 0.06 11.26 0.0000 0.0000
1.575 2 0.292490 1.613491 -8.705180 -15.846252 96.763611 -2.563477 -0.42 0.42 -0.8 3.1 13.2575 8.3992 0.1008 0.0013 -0.012977 0.108456 10.77 490 800 -0.03 5.41 0.0000 0.0000
1.584 2 -6.729672 -1.347373 -8.604487 3.646851 -11.695862 -8.430481 -0.50 0.50 -7.6 -7.6 4.4777 -8.8965 0.1022 0.0013 -0.015573 0.032149 10.55 490 850 0.05 -70.00 -0.0000 -0.0000
1.593 2 7.216357 -4.032529 -14.305649 -2.319336 -12.344360 2.418518 -0.67 0.67 8.8 8.8 -12.7573 -12.1826 0.0990 0.0014 -0.020764 0.018065 11.77 490 800 0.06 14.05 0.0000 0.0000
1.602 2 4.082876 2.006675 -7.374589 -13.084412 108.116150 -3.349304 -0.59 0.59 7.8 7.8 10.4021 12.0738 0.0996 0.0014 -0.018168 0.107108 10.84 510 830 -0.03 68.99 0.0000 0.0000
1.611 2 -5.818637 -3.123892 -8.103417 -5.920410 0.282288 4.623413 -0.59 0.59 -8.1 -8.1 9.8706 10.7323 0.1028 0.0013 -0.018168 0.047529 11.12 490 810 0.03 -70.00 0.0000 0.0000
1.620 2 7.568784 -0.932612 -12.133550 0.801086 -41.625977 3.799438 -0.67 0.67 7.9 7.9 -14.2344 -14.3858 0.1010 0.0013 -0.020764 -0.001627 10.90 490 810 0.08 32.00 0.0000 0.0000
1.629 2 6.094346 0.704853 -10.158042 0.877380 50.163269 7.293701 -0.59 0.59 7.7 7.7 5.1222 -2.4904 0.1000 0.0014 -0.018168 0.055063 10.68 490 890 0.02 58.66 0.0000 0.0000
1.638 2 -0.827124 1.841250 -10.321069 -15.655518 41.053772 2.159119 -0.59 0.59 -8.1 -8.1 11.5579 12.5210 0.1028 0.0013 -0.018168 0.087422 11.06 490 800 -0.01 -31.56 -0.0000 -0.0000
1.647 2 -2.960864 6.902290 -11.560556 0.541687 -71.182251 5.020142 -0.67 0.67 -7.9 -7.9 -2.1063 -2.1602 0.1030 0.0013 -0.020764 -0.011732 10.90 510 910 0.09 -48.65 0.0000 0.0000
1.656 2 3.284521 1.145986 -13.893286 -4.722595 -4.226685 6.561279 -0.59 0.59 6.5 7.8 -7.5126 -8.3992 0.1000 0.0014 -0.018168 0.020089 11.06 490 800 0.06 10.41 0.0000 0.0000
1.665 2 -1.297026 -1.807685 -7.120459 -10.314941 67.832947 9.567261 -0.59 0.59 -7.8 -7.8 11.6575 12.8788 0.1016 0.0013 -0.018168 0.096229 10.81 490 800 -0.02 -14.90 0.0000 0.0000
1.674 2 -2.145727 2.526924 -9.529907 16.754150 -36.788940 7.736206 -0.67 0.67 -7.7 -7.7 3.3063 2.5276 0.1030 0.0013 -0.020764 0.027386 10.74 490 870 0.05 -69.64 0.0000 0.0000
1.683 2 12.030458 -1.886802 -15.142363 12.481689 -32.135010 7.392883 -0.75 0.75 9.0 9.0 -13.2575 -12.1826 0.0996 0.0014 -0.023359 0.012742 11.98 490 810 0.07 17.78 0.0000 0.0000
1.692 2 2.052227 0.680879 -6.058383 -7.308960 96.115112 3.555298 -0.67 0.67 7.9 7.9 5.5649 10.6478 0.0998 0.0014 -0.020764 0.112446 10.85 510 860 -0.03 70.00 0.0000 0.0000
1.701 2 -11.601314 -3.605781 -9.139121 -15.609741 -8.216858 6.065369 -0.67 0.67 -8.8 -8.8 7.6399 5.7058 0.1022 0.0013 -0.020764 0.057626 11.85 490 840 0.02 -70.00 0.0000 0.0000
1.710 2 4.689434 -0.266118 -12.322948 -1.937866 -44.036865 -0.862122 -0.59 0.59 7.9 7.9 -13.7987 -13.0026 0.1000 0.0014 -0.018168 0.012007 10.92 490 800 0.07 17.62 0.0000 0.0000
1.719 2 3.358843 1.718979 -8.669218 -0.770569 62.362671 -0.251770 -0.67 0.67 8.1 8.1 7.9080 6.5013 0.0998 0.0014 -0.020764 0.075726 11.14 490 840 0.00 51.36 0.0000 0.0000
1.728 2 -10.819741 -3.267739 -7.961967 15.708923 6.530762 2.799988 -0.67 0.67 -8.1 -8.1 14.5405 13.2575 0.1034 0.0013 -0.020764 0.059970 11.07 490 810 0.02 -70.00 -0.0000 -0.0000
1.737 2 2.025854 -2.610835 -9.990219 -1.968384 -86.647034 12.962341 -0.92 0.92 -8.0 -8.0 -2.2060 -11.8620 0.1032 0.0013 -0.028550 -0.018218 11.03 510 860 0.10 -24.59 0.0000 0.0000
1.746 2 6.967021 -3.016006 -11.085859 1.106262 -1.129150 25.314331 -1.09 1.09 8.2 8.2 -2.5135 -3.3891 0.1016 0.0014 -0.033741 0.031533 11.25 490 880 0.05 34.87 0.0000 0.0000
1.755 2 3.852720 0.963779 -8.894580 -7.385254 25.909424 26.412964 -1.17 1.17 8.0 8.0 11.0842 11.8620 0.1042 0.0013 -0.036337 0.078602 11.03 490 810 0.00 32.15 0.0000 0.0000
1.764 2 -5.147348 1.738159 -10.150849 7.781982 -84.098816 23.788452 -1.00 1.00 -7.8 -7.8 -2.1846 -2.1671 0.1042 0.0013 -0.031146 -0.005465 10.77 490 880 0.09 -70.00 0.0000 0.0000
1.773 2 5.437441 6.065576 -15.255043 -0.495911 -18.241882 8.056641 -1.17 1.17 5.4 7.9 -10.0916 -12.5210 0.1010 0.0014 -0.036337 0.015133 10.93 490 810 0.06 7.13 0.0000 0.0000
1.782 2 -1.162768 -1.251475 -8.144175 -15.533447 75.164795 7.102966 -1.17 1.17 -9.0 -7.4 13.5227 12.8788 0.1026 0.0013 -0.036337 0.102058 11.98 510 820 -0.02 -8.95 0.0000 0.0000
1.791 2 -5.363120 10.589584 -10.618354 6.294250 -45.654297 5.981445 -1.26 1.26 -7.7 -7.7 -3.1230 -2.1602 0.1032 0.0013 -0.038932 0.008453 10.66 490 870 0.07 -70.00 -0.0000 -0.0000
1.800 2 5.490185 0.939805 -14.787539 5.462646 -5.195618 6.179810 -1.34 1.34 8.9 8.9 -10.4827 -11.8620 0.0998 0.0014 -0.041528 0.021973 11.91 490 800 0.06 34.40 0.0000 0.0000
1.809 2 -1.177153 -1.421694 -7.822915 -15.403748 101.631165 1.541138 -1.42 1.42 -6.1 -2.7 12.5210 10.3227 0.1008 0.0014 -0.044123 0.105971 10.88 490 810 -0.03 -4.21 0.0000 0.0000
1.818 2 -4.466470 2.380679 -8.563730 14.389038 -19.203186 -1.480103 -1.51 1.51 -7.8 -7.8 4.8643 -3.0525 0.1022 0.0013 -0.046719 0.007451 10.82 490 890 0.07 -70.00 -0.0000 -0.0000
1.827 2 5.164131 2.546103 -14.257700 7.049561 -10.925293 1.846313 -1.76 1.76 7.8 7.8 -12.5210 -15.5433 0.0992 0.0015 -0.054505 0.011442 10.84 510 820 0.07 22.17 0.0000 0.0000
1.836 2 1.546362 2.335127 -7.755786 -11.383057 91.049194 -1.266479 -1.76 1.76 7.7 7.7 12.0738 12.4061 0.1000 0.0014 -0.054505 0.089711 10.73 490 800 -0.01 44.61 0.0000 0.0000
1.845 2 -5.636430 -13.181240 -4.617510 3.303528 -18.341064 13.237000 -1.76 1.76 -8.1 -8.1 8.0016 7.9545 0.1032 0.0013 -0.054505 0.018520 11.07 490 800 0.06 -70.00 -0.0000 -0.0000
1.854 2 4.337007 2.279985 -12.330141 -1.281738 -46.508789 7.514954 -1.76 1.76 7.9 7.9 -13.5227 -14.2344 0.1012 0.0014 -0.054505 -0.012847 10.90 490 790 0.09 24.34 0.0000 0.0000
1.863 2 2.452602 0.023975 -9.071992 2.746582 49.919128 15.342712 -1.76 1.76 8.0 8.0 3.4852 5.5649 0.1004 0.0014 -0.054505 0.049061 11.00 490 870 0.03 40.28 0.0000 0.0000
1.872 2 -7.043740 -6.154282 -8.657231 3.150940 27.656555 9.262085 -1.67 1.67 -8.2 -8.2 8.0974 9.7286 0.1034 0.0013 -0.051910 0.059059 11.25 510 830 0.02 -65.43 -0.0000 -0.0000
1.881 2 0.369209 5.535737 -12.562695 -1.869202 -70.518494 -2.418518 -1.42 1.42 -7.8 -7.8 -13.5227 -6.8993 0.1024 0.0013 -0.044123 -0.025217 10.79 490 800 0.11 -40.37 0.0000 0.0000
1.890 2 5.118579 5.322363 -14.113853 -6.271362 18.592834 -18.043518 -1.51 1.51 7.8 7.8 -4.5226 -6.7953 0.0998 0.0014 -0.046719 0.026078 10.84 490 830 0.05 34.19 0.0000 0.0000
1.899 2 2.450205 -1.496016 -8.626064 -15.945435 66.108704 -12.237549 -1.42 1.42 1.4 3.4 14.2344 14.8601 0.1024 0.0013 -0.044123 0.090725 10.87 490 800 -0.01 14.07 0.0000 0.0000
1.908 2 -4.715806 3.881489 -11.390337 5.622864 -66.421509 -5.012512 -1.34 1.34 -7.8 -7.8 -2.8772 2.6106 0.1038 0.0012 -0.041528 -0.006013 10.79 490 880 0.09 -70.00 0.0000 0.0000
1.917 2 7.245127 10.241953 -15.782485 5.203247 -16.510010 -27.313232 -1.26 1.26 7.7 7.7 -11.6575 -10.0916 0.1008 0.0014 -0.038932 0.015177 10.73 510 830 0.06 33.24 0.0000 0.0000
1.926 2 -0.863086 1.726172 -7.506450 -10.353088 72.486877 -14.442444 -1.26 1.26 -1.6 0.8 13.3888 13.5227 0.1024 0.0013 -0.038932 0.093819 10.82 490 790 -0.01 6.60 0.0000 0.0000
1.935 2 -3.133481 -6.190244 -9.887129 20.141602 -45.967102 -14.335632 -1.17 1.17 -7.9 -7.9 4.4337 5.1811 0.1046 0.0012 -0.036337 0.009591 10.87 490 870 0.07 -70.00 -0.0000 -0.0000
1.944 2 8.002725 -4.912397 -13.044584 12.817383 -56.350708 -12.634277 -1.09 1.09 3.8 4.9 -11.9670 -11.4599 0.1016 0.0013 -0.033741 -0.003235 12.26 490 810 0.08 4.15 0.0000 0.0000
1.953 2 4.238711 0.491479 -7.084497 -4.112244 75.294495 -18.028259 -1.17 1.17 7.8 7.8 9.2621 9.1991 0.1018 0.0013 -0.036337 0.095216 10.77 490 810 -0.02 70.00 0.0000 0.0000
1.962 2 -7.396167 -4.145210 -9.215839 -10.749817 -24.139404 -14.312744 -1.17 1.17 -7.7 -7.7 4.7783 4.6954 0.1042 0.0012 -0.036337 0.031430 10.71 510 900 0.05 -70.00 0.0000 0.0000
1.971 2 -0.134258 -4.595932 -12.203075 0.213623 -61.416626 -13.343811 -1.17 1.17 -6.8 -4.5 -12.2934 -13.9409 0.1018 0.0013 -0.036337 -0.009784 10.88 490 800 0.09 -15.11 0.0000 0.0000
1.980 2 6.931059 3.636948 -7.930800 -3.936768 73.814392 -12.237549 -1.17 1.17 7.8 7.8 2.7997 2.5515 0.1010 0.0014 -0.036337 0.077614 10.81 490 890 0.00 70.00 0.0000 0.0000
1.989 2 -10.081323 17.968969 -12.248628 8.613586 25.100708 -23.376465 -1.17 1.17 -8.6 -8.6 7.2703 4.6311 0.1034 0.0013 -0.036337 0.057385 11.60 490 840 0.02 -46.74 0.0000 0.0000
1.998 2 5.149746 -6.473145 -10.512866 3.158569 -55.473328 -7.911682 -1.34 1.34 5.4 8.0 -11.7589 -13.7987 0.1014 0.0013 -0.041528 -0.007109 11.07 490 800 0.09 8.84 0.0000 0.0000
2.007 2 7.741401 -1.205923 -8.925747 -9.384155 76.927185 -9.284973 -1.34 1.34 7.8 7.8 2.6991 6.7953 0.1002 0.0014 -0.041528 0.074120 10.82 510 870 0.01 70.00 0.0000 0.0000
2.016 2 -4.423316 -12.984648 -6.087153 9.574890 45.234680 -10.139465 -1.26 1.26 -9.4 -9.4 12.6380 13.3888 0.1036 0.0013 -0.038932 0.060707 12.45 490 810 0.02 -70.00 0.0000 0.0000
2.025 2 0.565801 1.632671 -11.493427 -1.487732 -69.274902 4.631042 -1.26 1.26 -7.8 -7.8 -11.9670 -11.6575 0.1028 0.0013 -0.038932 -0.043048 10.84 490 810 0.12 -39.32 -0.0000 -0.0000
2.034 2 5.849804 2.033047 -13.397012 -5.050659 36.521912 -1.365662 -1.26 1.26 7.9 4.4 -3.4585 10.3227 0.1008 0.0014 -0.038932 0.017124 10.90 490 840 0.06 20.06 0.0000 0.0000
2.043 2 1.265859 1.987495 -10.126875 -15.357971 50.331116 3.501892 -1.26 1.26 9.1 9.1 13.0026 13.7987 0.1036 0.0013 -0.038932 0.079910 12.07 490 800 0.00 29.51 0.0000 0.0000
2.052 2 -3.497895 -1.385732 -10.829330 11.360168 -71.235657 1.640320 -1.17 1.17 -7.9 -7.9 -2.3682 -4.7117 0.1046 0.0012 -0.036337 -0.016710 10.87 510 900 0.10 -70.00 0.0000 0.0000
2.061 2 5.029873 3.553037 -14.437510 1.953125 -13.877869 -6.248474 -1.26 1.26 9.3 9.3 -9.2621 -9.3908 0.1012 0.0014 -0.038932 0.005042 12.31 490 800 0.07 29.73 0.0000 0.0000
2.070 2 0.793560 1.963520 -7.082099 -11.810303 74.363708 -5.950928 -1.17 1.17 7.7 7.7 11.9670 11.9670 0.1026 0.0013 -0.036337 0.094626 10.74 490 790 -0.01 32.89 0.0000 0.0000
2.079 2 -5.394287 -9.410034 -8.503794 13.237000 -25.253296 1.708984 -1.17 1.17 -8.0 -8.0 6.4089 7.9545 0.1050 0.0012 -0.036337 0.046690 11.03 490 840 0.03 -70.00 0.0000 0.0000
2.088 2 2.718721 -3.128686 -11.958535 -1.052856 -61.935425 -1.243591 -1.17 1.17 4.6 6.6 -13.7987 -15.0252 0.1022 0.0013 -0.036337 0.005008 11.07 490 800 0.07 4.59 0.0000 0.0000
2.097 2 6.242988 -3.135879 -6.012832 1.182556 65.254211 -8.415222 -1.09 1.09 7.7 7.7 -2.7319 4.0008 0.1008 0.0014 -0.033741 0.078771 10.74 510 910 0.00 70.00 0.0000 0.0000
2.106 2 -9.556279 -6.377246 -8.031494 18.928528 43.136597 -6.195068 -1.09 1.09 -8.0 -8.0 9.5230 9.5230 0.1040 0.0013 -0.033741 0.109230 11.03 490 800 -0.03 -42.18 0.0000 0.0000
2.115 2 -2.483769 9.839179 -13.790195 -4.188538 -69.465637 -8.193970 -1.17 1.17 -7.8 -7.8 -9.6591 -11.9670 0.1034 0.0013 -0.036337 0.019968 10.79 490 800 0.06 -43.28 -0.0000 -0.0000
2.124 2 4.325019 3.850322 -13.689502 -6.156921 14.038086 -8.880615 -1.17 1.17 8.5 8.5 -7.3493 -6.7953 0.1006 0.0014 -0.036337 0.046269 11.52 490 790 0.03 17.36 0.0000 0.0000
2.133 2 0.136655 -1.726172 -5.739522 -7.476807 71.952820 -1.228333 -1.17 1.17 -8.0 -6.1 13.9409 13.2575 0.1030 0.0013 -0.036337 0.128939 10.96 490 800 -0.05 -7.13 0.0000 0.0000
2.142 2 -4.073286 6.449170 -12.032856 9.109497 -58.654785 3.211975 -1.09 1.09 -7.2 -7.2 3.5493 5.1811 0.1052 0.0012 -0.033741 0.049822 10.19 510 890 0.03 -45.73 0.0000 0.0000
2.151 2 2.464590 -5.988857 -13.598398 12.550354 -39.321899 -9.376526 -1.09 1.09 -0.8 0.8 -11.9670 -10.7323 0.1024 0.0013 -0.033741 0.034672 11.01 490 800 0.05 -3.90 0.0000 0.0000
2.160 2 4.857256 0.505864 -5.015488 -0.053406 58.349609 -7.843018 -1.09 1.09 7.9 7.9 9.1370 7.1929 0.1028 0.0013 -0.033741 0.110229 10.92 490 810 -0.03 70.00 0.0000 0.0000
2.169 2 -4.015747 1.505605 -13.305908 -4.478455 -3.517151 -8.514404 -0.92 0.92 -8.6 -8.6 9.9432 12.8788 0.1060 0.0012 -0.028550 0.100013 11.56 490 800 -0.02 -48.11 0.0000 0.0000
2.178 2 0.311670 -2.057021 -10.637534 5.348206 -84.518433 -2.502441 -1.00 1.00 -7.9 -7.9 -10.8182 -11.7589 0.1050 0.0012 -0.031146 0.022298 10.93 490 800 0.06 -24.88 -0.0000 -0.0000
2.187 2 10.714252 -2.414243 -10.460122 -2.738953 13.687134 -10.917664 -0.84 0.84 7.6 7.6 -6.2317 -5.4308 0.1026 0.0013 -0.025955 0.061018 10.60 510 900 0.02 57.85 0.0000 0.0000
2.196 2 0.445928 -3.684897 -6.751250 -0.961304 54.191589 -6.263733 -0.67 0.67 1.0 0.9 12.7573 14.2344 0.1050 0.0012 -0.020764 0.134988 10.88 490 810 -0.05 8.42 0.0000 0.0000
2.205 2 -3.123892 9.644985 -11.553364 5.027771 -62.080383 -3.105164 -0.59 0.59 -8.1 -8.1 -2.4409 -2.9081 0.1060 0.0012 -0.018168 0.061388 11.06 490 870 0.02 -40.99 0.0000 0.0000
2.214 2 8.767514 4.754165 -16.542480 5.294800 -21.339417 -11.787415 -0.59 0.59 8.2 8.2 -10.7323 -10.9941 0.1032 0.0013 -0.018168 0.054028 11.25 490 800 0.03 36.45 0.0000 0.0000
2.223 2 -0.035962 3.011211 -4.384956 -9.422302 80.436707 -14.755249 -0.50 0.50 7.8 7.8 10.0916 11.5579 0.1038 0.0012 -0.015573 0.152941 10.84 490 790 -0.07 58.80 0.0000 0.0000
2.232 2 -7.041343 -1.428887 -10.318671 -1.152039 -20.423889 -9.719849 -0.50 0.50 -7.8 -7.8 5.2823 5.7789 0.1062 0.0012 -0.015573 0.088916 10.77 510 890 -0.01 -70.00 0.0000 0.0000
2.241 2 1.193936 -3.214995 -13.634360 2.883911 -46.821594 -15.342712 -0.42 0.42 3.3 4.2 -13.2575 -13.1288 0.1036 0.0012 -0.012977 0.044995 10.88 490 800 0.04 0.99 0.0000 0.0000
2.250 2 5.847407 -0.556211 -6.048794 -2.815247 77.537537 -23.834229 -0.50 0.50 7.7 7.7 2.2205 2.7319 0.1030 0.0012 -0.015573 0.111879 10.68 490 880 -0.03 70.00 0.0000 0.0000
2.259 2 -4.574355 -9.189467 -6.605005 9.109497 37.788391 -27.946472 -0.50 0.50 -8.9 -8.9 10.1674 10.9941 0.1062 0.0012 -0.015573 0.115411 11.87 490 810 -0.04 -70.00 -0.0000 -0.0000
2.268 2 0.877471 2.663579 -14.032338 -0.907898 -57.334900 -15.373230 -0.33 0.33 -7.9 -7.9 -12.1826 -6.5644 0.1054 0.0012 -0.010382 0.028315 10.92 490 840 0.05 -28.26 0.0000 0.0000
2.277 2 7.094087 0.819932 -13.356255 -0.717163 29.312134 -25.642395 -0.33 0.33 8.1 8.1 -3.7356 -4.8818 0.1034 0.0012 -0.010382 0.062718 11.09 510 900 0.02 25.14 0.0000 0.0000
2.286 2 6.298130 0.402773 -5.988857 -12.382507 62.103271 -16.708374 -0.25 0.25 7.9 7.9 12.8788 14.5405 0.1060 0.0012 -0.007786 0.132959 10.85 490 810 -0.05 62.69 0.0000 0.0000
2.295 2 -3.392407 14.228930 -13.600796 -0.976562 -50.270081 -11.688232 -0.25 0.25 -7.8 -7.8 3.5307 3.2743 0.1080 0.0012 -0.007786 0.043446 10.76 490 870 0.04 -48.78 -0.0000 -0.0000
2.304 2 3.972593 3.533857 -17.278500 5.500793 -34.828186 -6.988525 -0.25 0.25 -3.0 -3.1 -10.9054 -10.2445 0.1052 0.0012 -0.007786 0.034090 11.63 490 800 0.05 -8.37 -0.0000 -0.0000
2.313 2 6.931059 1.325796 -3.965400 -5.821228 71.342468 -14.999390 -0.17 0.17 7.8 7.8 6.2031 8.5048 0.1054 0.0012 -0.005191 0.124879 10.81 490 840 -0.04 70.00 0.0000 0.0000
2.322 2 -4.452085 -7.935596 -9.489150 9.208679 20.156860 -26.222229 -0.00 0.00 -7.9 -7.9 11.4599 13.1288 0.1086 0.0012 -0.000000 0.117102 10.87 510 800 -0.04 -26.17 -0.0000 -0.0000
2.331 2 1.186743 -8.446255 -13.116508 10.803223 -70.053101 -9.208679 0.08 -0.08 -7.8 -7.8 -9.8706 -7.3096 0.1080 0.0012 0.002595 0.043204 10.81 490 800 0.04 -24.94 0.0000 0.0000
2.340 2 4.140415 4.612715 -11.244091 2.609253 8.354187 -20.164490 0.00 -0.00 9.0 9.0 -5.0458 -5.7300 0.1058 0.0012 -0.000000 0.067929 12.01 490 870 0.01 26.25 0.0000 0.0000
2.349 2 -0.208579 -0.853496 -5.104194 -8.766174 56.396484 -11.039734 0.08 -0.08 -7.9 -7.9 13.3888 14.0861 0.1080 0.0012 0.002595 0.158746 10.93 490 800 -0.08 -26.50 0.0000 0.0000
2.358 2 -0.141450 -7.966763 -11.893804 21.781921 -36.811829 -10.528564 -0.00 0.00 -7.7 -7.7 4.5685 3.6647 0.1102 0.0012 -0.000000 0.089651 10.73 490 830 -0.01 -29.26 0.0000 0.0000
2.367 2 4.842871 -3.531460 -16.199642 12.504578 -56.243896 -4.302979 -0.00 0.00 -1.8 -2.4 -11.3636 -11.0842 0.1074 0.0012 -0.000000 0.054484 11.60 510 790 0.03 -7.11 -0.0000 -0.0000
2.376 2 7.067715 0.477095 -2.570078 -6.111145 74.279785 -5.386353 -0.00 0.00 7.6 7.6 2.4365 2.1567 0.1070 0.0012 -0.000000 0.174610 10.65 490 870 -0.09 70.00 0.0000 0.0000
2.385 2 -7.108471 10.369019 -12.373296 2.380371 12.077332 -6.790161 -0.00 0.00 -7.8 -7.8 6.7953 7.7717 0.1098 0.0012 -0.000000 0.131051 10.82 490 770 -0.05 -64.93 0.0000 0.0000
2.394 2 4.135620 -6.652954 -16.156488 5.966187 -45.799255 -6.095886 -0.00 0.00 5.7 5.4 -12.2934 -12.7573 0.1078 0.0012 -0.000000 0.069584 11.00 490 770 0.01 5.77 0.0000 0.0000
2.403 2 6.957431 -2.469385 -4.898013 -2.372742 76.675415 -14.434814 0.00 -0.00 7.7 7.7 2.4587 4.7953 0.1070 0.0012 -0.000000 0.132951 10.74 490 880 -0.05 70.00 0.0000 0.0000
2.412 2 -9.757666 3.344458 -6.614594 -0.740051 37.857056 -10.368347 -0.00 0.00 -8.5 -8.5 12.7573 12.4061 0.1106 0.0012 -0.000000 0.143581 11.52 510 790 -0.06 -70.00 -0.0000 -0.0000
2.421 2 1.395322 9.441201 -17.043549 -6.362915 -53.840637 -7.797241 -0.00 0.00 -5.7 -5.0 -10.7323 -11.9670 0.1102 0.0012 -0.000000 0.056741 10.76 490 770 0.02 -11.99 0.0000 0.0000
2.430 2 5.952895 -0.127065 -11.421504 1.373291 25.611877 -2.426147 -0.08 0.08 9.1 9.1 -4.4629 -6.3487 0.1080 0.0012 -0.002595 0.084292 12.13 490 870 -0.00 34.02 0.0000 0.0000
2.439 2 2.445410 -0.592173 -3.706475 -7.781982 75.019836 0.999451 0.08 -0.08 8.0 8.0 12.4061 13.5227 0.1104 0.0012 0.002595 0.164714 11.01 490 800 -0.08 24.56 0.0000 0.0000
2.448 2 -1.632671 8.132187 -15.442045 -2.929688 -36.666870 0.274658 0.08 -0.08 -7.7 -7.7 3.9425 4.2258 0.1124 0.0012 0.002595 0.085805 10.71 490 860 -0.01 -22.21 -0.0000 -0.0000
2.457 2 0.786367 1.795698 -15.897563 11.894226 -37.422180 0.617981 0.08 -0.08 -0.8 0.8 -9.6591 -11.3636 0.1100 0.0012 0.002595 0.068383 11.23 510 820 0.01 -3.76 0.0000 0.0000
2.466 2 5.077822 3.819155 -2.912915 -8.163452 57.479858 -0.007629 -0.08 0.08 7.9 7.9 12.1826 8.9554 0.1108 0.0012 -0.002595 0.159855 10.93 490 810 -0.08 70.00 0.0000 0.0000
2.475 2 -9.251801 -3.020801 -10.961191 4.898071 -2.952576 2.494812 -0.00 0.00 -8.2 -8.2 12.6380 11.4599 0.1147 0.0012 -0.000000 0.141146 11.17 490 810 -0.06 -70.00 -0.0000 -0.0000
2.484 2 3.155058 -11.886611 -11.584531 13.671875 -89.523315 9.353638 -0.17 0.17 -3.9 -1.0 -9.0151 -12.8788 0.1138 0.0012 -0.005191 0.069511 10.88 490 800 0.01 -8.08 0.0000 0.0000
2.493 2 8.525371 -1.402515 -6.214219 -2.632141 25.848389 2.670288 -0.33 0.33 7.7 7.7 -2.5758 -3.2743 0.1122 0.0012 -0.010382 0.119774 10.69 490 880 -0.04 70.00 0.0000 0.0000
2.502 2 -2.673169 1.553555 -8.048276 -20.156860 20.362854 14.556885 -0.50 0.50 -7.9 -7.9 12.2934 10.5646 0.1159 0.0012 -0.015573 0.151934 10.87 510 820 -0.07 -18.68 -0.0000 -0.0000
2.511 2 2.248818 -8.033892 -13.821362 14.686584 -72.845459 18.943787 -0.67 0.67 -7.8 -6.7 -9.1370 -12.7573 0.1151 0.0012 -0.020764 0.068165 10.82 490 810 0.01 -17.87 0.0000 0.0000
2.520 2 12.495566 -1.038101 -10.762202 -7.865906 48.309326 13.214111 -0.67 0.67 8.0 8.0 -5.3449 -5.0084 0.1126 0.0012 -0.020764 0.110026 11.03 490 870 -0.03 70.00 0.0000 0.0000
2.529 2 -3.536255 0.129463 -5.032270 -14.823914 77.270508 16.860962 -0.67 0.67 -8.9 -8.9 11.2689 12.6380 0.1151 0.0012 -0.020764 0.162969 11.94 490 810 -0.08 -23.11 0.0000 0.0000
2.538 2 0.985356 -5.933716 -12.644209 6.149292 -36.506653 16.319275 -0.67 0.67 -7.9 -6.0 -10.6478 -12.7573 0.1143 0.0012 -0.020764 0.058141 10.95 490 800 0.02 -16.54 -0.0000 -0.0000
2.547 2 9.666562 2.814619 -13.723066 -16.487122 75.401306 4.798889 -0.67 0.67 7.4 7.4 -3.6746 -4.1102 0.1122 0.0012 -0.020764 0.099073 10.43 510 900 -0.02 52.74 0.0000 0.0000
2.556 2 -5.135361 8.439062 -7.662285 -31.181335 96.343994 -2.319336 -0.59 0.59 -7.9 -7.9 12.2934 12.8788 0.1153 0.0012 -0.018168 0.157980 10.92 490 810 -0.08 -59.13 -0.0000 -0.0000
2.565 2 2.265600 -1.484028 -12.620234 8.361816 -28.862000 -2.914429 -0.59 0.59 -7.3 -7.3 2.1096 -2.4632 0.1161 0.0012 -0.018168 0.037422 10.35 490 880 0.04 -12.61 0.0000 0.0000
2.574 2 3.672910 3.327676 -16.051001 -14.732361 46.272278 -0.465393 -0.67 0.67 7.6 7.6 -4.9173 -5.3449 0.1138 0.0012 -0.020764 0.077634 10.62 490 870 0.00 38.36 0.0000 0.0000
2.583 2 2.337524 -0.184604 -3.473921 -17.997742 88.142395 -0.312805 -0.75 0.75 4.1 6.8 14.5405 12.4061 0.1161 0.0012 -0.023359 0.127248 10.93 490 810 -0.05 17.25 0.0000 0.0000
2.592 2 -2.433423 -7.185190 -10.740624 17.250061 -6.095886 3.952026 -0.75 0.75 -7.5 -7.5 6.6288 5.2010 0.1193 0.0011 -0.023359 0.065515 10.46 510 900 0.01 -46.07 0.0000 0.0000
2.601 2 -0.431543 -5.034668 -14.303251 2.235413 -24.787903 9.323120 -0.84 0.84 -2.7 -0.8 -12.4061 -11.9670 0.1171 0.0011 -0.025955 0.051409 10.95 490 800 0.03 -8.80 0.0000 0.0000
2.610 2 5.149746 3.459536 -4.078081 -8.445740 89.103699 -4.386902 -0.59 0.59 7.7 7.7 5.2617 9.7991 0.1169 0.0011 -0.018168 0.133503 10.68 490 850 -0.05 70.00 0.0000 0.0000
2.619 2 -3.301304 -19.639999 -4.847666 9.696960 47.218323 -15.884399 -0.42 0.42 -8.7 -8.7 12.5210 14.8601 0.1205 0.0011 -0.012977 0.149653 11.68 490 810 -0.07 -61.03 -0.0000 -0.0000
2.628 2 1.167563 -2.471782 -15.535546 6.866455 -40.687561 -4.898071 -0.59 0.59 -5.5 -4.3 -6.3786 -9.1370 0.1201 0.0011 -0.018168 0.078234 11.00 490 850 0.00 -9.54 0.0000 0.0000
2.637 2 10.007002 0.033564 -10.400186 -0.556946 49.827576 0.427246 -0.50 0.50 7.8 7.8 4.9716 5.3875 0.1191 0.0011 -0.015573 0.115897 10.81 510 900 -0.04 61.46 0.0000 0.0000
2.646 2 3.097519 0.294888 -5.255234 -11.718750 64.689636 -4.470825 -0.50 0.50 -7.9 -7.1 17.5619 17.1173 0.1231 0.0010 -0.015573 0.209812 11.06 490 810 -0.13 -4.45 -0.0000 -0.0000
2.655 2 -1.493618 -3.744834 -15.710561 6.752014 -52.192688 6.752014 -0.59 0.59 -7.7 -7.7 -4.3481 -2.7882 0.1245 0.0010 -0.018168 0.102828 10.73 490 870 -0.02 -20.94 0.0000 0.0000
2.664 2 3.219790 -1.874814 -14.713218 -0.122070 14.457703 3.105164 -0.59 0.59 8.2 8.2 -4.2929 -3.6351 0.1229 0.0010 -0.018168 0.119523 11.25 490 870 -0.04 34.49 0.0000 0.0000
2.673 2 2.701938 -1.402515 0.182207 -6.225586 79.551697 8.575439 -0.50 0.50 7.9 7.9 14.8601 16.0984 0.1259 0.0010 -0.015573 0.273224 10.92 490 810 -0.19 70.00 0.0000 0.0000
2.682 2 -0.903843 -7.228344 -12.445219 21.209717 -26.596069 5.172729 -0.50 0.50 -7.8 -7.8 7.7717 6.0101 0.1295 0.0009 -0.015573 0.163177 10.82 510 850 -0.08 -26.66 -0.0000 -0.0000
2.691 2 3.454741 -4.238711 -17.117870 0.297546 -26.588440 1.853943 -0.25 0.25 5.4 5.4 -6.2896 -6.6614 0.1281 0.0010 -0.007786 0.143609 11.77 490 880 -0.06 6.82 0.0000 0.0000
2.700 2 4.082876 -3.279727 -1.277847 -1.342773 60.043335 -12.557983 -0.33 0.33 7.9 7.9 16.6947 13.9409 0.1307 0.0009 -0.010382 0.204792 10.88 490 800 -0.12 70.00 0.0000 0.0000
2.709 2 2.095381 -10.392993 -7.096484 14.190674 -7.820129 -18.325806 -0.42 0.42 -8.5 -8.5 16.0984 13.3888 0.1354 0.0009 -0.012977 0.170721 11.53 490 800 -0.09 -8.08 -0.0000 -0.0000
2.718 2 2.555693 1.400117 -17.666889 -1.693726 -56.869507 -3.684998 -0.42 0.42 7.3 6.3 -8.3992 -2.0123 0.1354 0.0009 -0.012977 0.129715 11.75 490 830 -0.05 8.82 0.0000 0.0000
2.727 2 7.504053 6.943047 -8.053071 -2.578735 27.053833 -8.468628 -0.33 0.33 7.8 7.8 10.6478 8.8384 0.1360 0.0009 -0.010382 0.163859 10.79 510 830 -0.08 70.00 0.0000 0.0000
2.736 2 -2.253613 12.917520 -6.796802 -13.854980 32.150269 -10.261536 -0.25 0.25 -7.9 -7.9 20.8041 21.1292 0.1406 0.0008 -0.007786 0.262453 10.93 490 770 -0.18 -53.59 -0.0000 -0.0000
2.745 2 -1.018921 -0.702456 -19.208456 9.254456 -83.976746 -4.013062 -0.17 0.17 -7.7 -7.6 -3.3144 -7.7273 0.1424 0.0008 -0.005191 0.150647 10.69 490 840 -0.07 -13.33 0.0000 0.0000
2.754 2 2.579668 3.855117 -12.068818 8.110046 0.305176 -19.371033 -0.08 0.08 8.3 8.3 -4.5685 4.7615 0.1414 0.0008 -0.002595 0.162826 11.34 490 870 -0.08 39.68 0.0000 0.0000
2.763 2 -0.194194 -2.224844 -0.256528 -13.046265 54.489136 -14.152527 -0.08 0.08 -9.4 -9.4 17.1173 17.5619 0.1446 0.0008 -0.002595 0.200921 12.40 490 810 -0.12 -70.00 0.0000 0.0000
2.772 2 0.733623 4.610317 -17.858686 11.741638 -47.729492 -12.145996 -0.00 0.00 -7.5 -7.9 -5.9310 -2.7209 0.1456 0.0008 -0.000000 0.094157 10.88 510 870 -0.01 -11.86 -0.0000 -0.0000
2.781 2 7.559194 8.201714 -15.492393 -0.442505 38.894653 -16.212463 -0.00 0.00 8.5 8.5 -3.9656 -4.0127 0.1440 0.0008 -0.000000 0.118297 11.49 490 830 -0.04 44.29 0.0000 0.0000
2.790 2 -1.627876 -4.936372 -0.151040 -15.457153 112.709045 -13.168335 0.00 -0.00 -8.0 -8.0 15.0252 15.3667 0.1468 0.0008 -0.000000 0.181216 10.96 490 800 -0.10 -70.00 -0.0000 -0.0000
2.799 2 -1.956328 4.123633 -15.151953 -3.059387 -10.299683 -11.032104 0.08 -0.08 -7.8 -7.8 -3.1087 -6.7613 0.1482 0.0008 0.002595 0.059786 10.81 490 870 0.02 -20.64 0.0000 0.0000
2.808 2 6.159077 6.645761 -17.729223 -4.043579 60.630798 -15.968323 0.08 -0.08 7.4 7.4 -4.2929 -3.5586 0.1466 0.0008 0.002595 0.094794 10.44 490 870 -0.01 44.60 0.0000 0.0000
2.817 2 0.016782 -2.555693 -0.165425 -17.402649 110.206604 -9.254456 0.08 -0.08 7.9 7.9 14.3858 15.3667 0.1499 0.0008 0.002595 0.212740 10.93 510 830 -0.13 70.00 0.0000 0.0000
2.826 2 -4.022939 -2.478975 -14.444702 0.839233 1.419067 -3.662109 0.17 -0.17 -7.7 -7.7 6.3190 3.5774 0.1525 0.0008 0.005191 0.077407 10.68 490 880 0.00 -39.71 0.0000 0.0000
2.835 2 7.818120 0.829521 -14.885835 0.709534 31.524658 -7.377625 0.08 -0.08 8.3 8.3 -6.0369 -6.6614 0.1507 0.0008 0.002595 0.093434 11.28 490 880 -0.01 36.03 0.0000 0.0000
2.844 2 2.661181 -2.852978 -0.441133 -18.653870 134.040833 -4.165649 0.08 -0.08 7.9 7.9 14.6986 13.6593 0.1531 0.0008 0.002595 0.228829 10.95 490 800 -0.15 70.00 0.0000 0.0000
2.853 2 -5.264824 -0.577788 -11.474248 -19.508362 21.018982 5.180359 0.08 -0.08 -7.7 -7.7 9.1991 8.4517 0.1567 0.0008 0.002595 0.154025 10.68 490 790 -0.07 -54.49 0.0000 0.0000
2.862 2 2.021060 1.352168 -16.206835 2.090454 15.357971 0.358582 0.08 -0.08 7.8 7.8 -7.9545 -9.4564 0.1551 0.0008 0.002595 0.140557 10.82 510 820 -0.06 33.50 0.0000 0.0000
2.871 2 3.375625 -0.191797 -1.261064 -20.683289 127.349854 2.784729 -0.00 0.00 7.8 7.8 14.6986 13.5227 0.1573 0.0008 -0.000000 0.244088 10.79 490 770 -0.16 70.00 0.0000 0.0000
2.880 2 -6.844751 6.959829 -9.347700 -5.195618 26.206970 12.413025 -0.08 0.08 -7.8 -7.8 10.2445 10.9054 0.1615 0.0008 -0.002595 0.137998 10.76 490 800 -0.06 -65.99 0.0000 0.0000
2.889 2 7.213960 -4.538393 -15.444443 -3.578186 17.921448 10.238647 -0.00 0.00 8.9 8.9 -9.2621 -7.7273 0.1605 0.0008 -0.000000 0.127716 11.94 490 770 -0.05 45.17 0.0000 0.0000
2.898 2 2.884145 1.649453 -4.878833 -16.326904 120.208740 -2.334595 -0.08 0.08 7.9 7.9 14.6986 11.9670 0.1623 0.0008 -0.002595 0.202754 10.93 490 810 -0.12 70.00 0.0000 0.0000
2.907 2 -0.501069 -3.013608 -4.979526 -8.094788 50.788879 -0.488281 -0.17 0.17 -7.7 -7.7 11.4599 10.4021 0.1665 0.0008 -0.005191 0.131298 10.66 510 820 -0.05 -69.73 -0.0000 -0.0000
2.916 2 6.487529 0.759995 -16.839766 -6.065369 20.477295 8.537292 -0.33 0.33 7.8 7.8 -5.8287 -9.7991 0.1657 0.0008 -0.010382 0.112378 10.84 490 840 -0.03 29.18 0.0000 0.0000
2.925 2 9.060004 -2.267998 -5.751509 -14.953613 121.917725 11.718750 -0.25 0.25 8.0 8.0 10.5646 13.7987 0.1671 0.0008 -0.007786 0.189512 11.00 490 800 -0.11 70.00 0.0000 0.0000
2.934 2 -1.846045 -7.715029 -2.946479 -32.196045 70.701599 22.232056 -0.08 0.08 -8.0 -8.0 15.1940 18.0303 0.1716 0.0008 -0.002595 0.166710 11.03 490 810 -0.09 -70.00 0.0000 0.0000
2.943 2 5.569302 4.540791 -17.532631 -3.288269 23.185730 4.158020 0.08 -0.08 9.3 9.3 -10.0168 -9.3260 0.1712 0.0008 0.002595 0.130984 12.32 490 800 -0.05 34.83 0.0000 0.0000
2.952 2 8.983286 -3.581806 -4.411328 -17.143250 140.289307 -1.022339 -0.17 0.17 7.9 7.9 13.3888 7.6833 0.1722 0.0008 -0.005191 0.214372 10.88 510 830 -0.13 70.00 0.0000 0.0000
2.961 2 -6.676929 -16.149296 -1.913174 -32.440186 87.028503 4.341125 -0.17 0.17 -7.9 -7.9 18.5242 17.7930 0.1770 0.0008 -0.005191 0.197737 10.93 490 810 -0.12 -70.00 -0.0000 -0.0000
2.970 2 0.946997 0.565801 -12.457207 -19.737244 2.655029 6.378174 -0.08 0.08 5.7 4.3 -7.9545 -3.5680 0.1772 0.0008 -0.002595 0.138265 10.84 490 840 -0.06 10.72 0.0000 0.0000
2.979 2 14.955360 1.014126 -7.650298 -13.465881 86.494446 -2.021790 -0.17 0.17 7.6 7.6 8.8384 2.1397 0.1774 0.0008 -0.005191 0.219470 10.63 490 850 -0.14 70.00 0.0000 0.0000
2.988 2 2.260806 -2.227241 -10.023784 -16.387939 84.281921 23.262024 -0.34 0.34 8.0 8.0 18.2739 17.1173 0.1818 0.0007 -0.010382 0.369915 11.00 490 800 -0.29 54.78 0.0000 0.0000
2.997 2 -3.531460 0.822329 -19.639999 -7.286072 -72.982788 36.804199 -0.33 0.33 -5.0 -5.1 12.6380 13.5227 0.1859 0.0007 -0.010382 0.312294 11.82 510 820 -0.23 -4.25 0.0000 0.0000
3.006 2 7.144433 -3.799975 -6.837558 19.432068 -102.783203 16.754150 -0.42 0.42 8.8 8.8 3.5774 -2.6360 0.1865 0.0007 -0.012977 0.270094 11.80 490 880 -0.19 70.00 0.0000 0.0000
3.015 2 5.473403 3.624961 0.793560 -8.476257 1.953125 13.786316 -0.59 0.59 8.1 8.1 22.1684 17.3368 0.1901 0.0006 -0.018168 0.446655 11.06 490 800 -0.37 70.00 0.0000 0.0000
3.024 2 -6.521093 5.559712 -15.655419 8.995056 -87.783813 22.476196 -0.67 0.67 -3.2 -2.3 21.4646 21.4646 0.1963 0.0005 -0.020764 0.409383 11.82 490 780 -0.33 8.32 0.0000 0.0000
3.033 2 4.634292 -2.958467 -18.400513 5.218506 -171.920776 5.699158 -0.67 0.67 8.7 8.7 4.3204 4.9899 0.1987 0.0004 -0.020764 0.318455 11.69 490 880 -0.24 25.18 0.0000 0.0000
3.042 2 9.033632 5.701162 0.254131 3.128052 -49.514771 9.056091 -0.67 0.67 8.0 8.0 21.8108 22.1684 0.2028 0.0004 -0.020764 0.407397 11.01 510 810 -0.33 70.00 0.0000 0.0000
3.051 2 0.479492 -11.594121 -6.101538 32.394409 -138.175964 9.025574 -0.59 0.59 -8.0 -8.0 27.5973 25.5145 0.2102 0.0002 -0.018168 0.479579 11.03 490 780 -0.40 -2.43 0.0000 0.0000
3.060 2 4.833281 2.450205 -19.639999 6.118774 -220.726013 2.288818 -0.59 0.59 9.0 9.0 11.5579 11.1758 0.2138 0.0002 -0.018168 0.382967 11.96 490 790 -0.30 28.52 0.0000 0.0000
3.069 2 8.184932 -0.781572 -2.634809 19.210815 -130.836487 7.438660 -0.67 0.67 8.2 8.2 26.5151 25.0420 0.2192 0.0001 -0.020764 0.394718 11.18 490 780 -0.31 70.00 0.0000 0.0000
3.078 2 -2.308755 -1.047690 -1.064473 22.865295 -205.513000 15.136719 -0.59 0.59 -8.9 -8.9 31.4481 33.8067 0.2275 -0.0001 -0.018168 0.416383 11.87 490 780 -0.34 -70.00 0.0000 0.0000
3.087 2 4.612715 -3.876694 -17.935404 29.609680 249.343872 11.535645 -0.50 0.50 7.9 7.9 13.1288 13.1288 0.2321 -0.0002 -0.015573 0.359337 10.87 510 820 -0.28 66.72 0.0000 0.0000
3.096 2 6.561851 -1.136396 -8.918554 26.908875 -207.328796 14.884949 -0.59 0.59 7.9 7.9 27.5973 27.0454 0.2383 -0.0003 -0.018168 0.369388 10.93 490 780 -0.29 70.00 0.0000 0.0000
3.105 2 -7.010176 -5.861792 1.059678 33.050537 249.343872 12.031555 -0.59 0.59 -8.2 -8.2 32.1969 32.1969 0.2464 -0.0004 -0.018168 0.272072 11.23 490 780 -0.19 -70.00 -0.0000 -0.0000
3.114 2 5.286401 -1.817275 -13.013417 43.174744 249.343872 11.970520 -0.67 0.67 7.8 7.8 8.1462 7.2703 0.2506 -0.0005 -0.020764 0.186259 10.81 490 800 -0.11 60.99 0.0000 0.0000
3.123 2 10.069336 -4.648676 -7.825312 32.310486 -188.201904 23.384094 -0.67 0.67 8.0 8.0 25.5145 24.5867 0.2554 -0.0006 -0.020764 0.238807 10.96 490 780 -0.16 70.00 0.0000 0.0000
3.132 2 -8.371933 -7.492065 -4.794922 41.572571 -209.472656 14.213562 -0.59 0.59 -7.7 -7.7 28.1723 28.7717 0.2633 -0.0008 -0.018168 0.208151 10.71 510 810 -0.13 -70.00 -0.0000 -0.0000
3.141 2 -1.371348 3.740039 -11.898599 34.004211 249.343872 5.393982 -0.67 0.67 -3.3 -1.3 7.4301 5.9051 0.2667 -0.0008 -0.020764 0.099694 10.73 490 830 -0.02 11.12 0.0000 0.0000
3.150 2 9.232622 0.733623 -9.484355 18.440247 -171.455383 7.637024 -0.67 0.67 7.8 7.8 14.6986 15.5433 0.2691 -0.0009 -0.020764 0.167557 10.77 490 800 -0.09 68.19 0.0000 0.0000
3.159 2 -3.313291 4.157197 -8.602090 -3.196716 -186.683655 8.407593 -0.75 0.75 -8.0 -8.0 20.1831 22.9198 0.2758 -0.0010 -0.023359 0.139526 10.98 490 780 -0.06 -67.43 -0.0000 -0.0000
3.168 2 1.599106 -7.465693 -6.935854 38.383484 249.343872 11.337280 -0.67 0.67 6.4 7.7 2.9851 2.6360 0.2776 -0.0011 -0.020764 0.054078 10.79 490 870 0.03 21.59 0.0000 0.0000
3.177 2 6.751250 -1.778916 -10.848511 23.681641 -139.076233 15.754700 -0.67 0.67 8.1 8.1 1.2745 0.9708 0.2780 -0.0011 -0.020764 0.083122 11.06 510 910 -0.00 51.81 0.0000 0.0000
3.186 2 -2.510142 0.913433 -12.145536 3.524780 -98.320007 12.290955 -0.75 0.75 -9.0 -9.0 11.3636 13.7987 0.2810 -0.0011 -0.023359 0.083066 12.02 490 810 -0.00 -42.74 0.0000 0.0000
3.195 2 -2.550898 2.179292 -11.992099 16.082764 -143.135071 12.443542 -0.67 0.67 -7.9 -7.9 -5.0084 1.9127 0.2816 -0.0011 -0.020764 -0.005603 10.87 490 870 0.09 -62.07 -0.0000 -0.0000
3.204 2 8.235278 -3.989375 -12.637016 10.116577 -24.162292 13.267517 -0.42 0.42 8.1 8.1 -5.4748 3.2506 0.2810 -0.0011 -0.012977 0.026542 11.07 490 880 0.05 42.75 0.0000 0.0000
3.213 2 -3.382817 1.721377 -9.956655 -17.303467 -6.958008 12.870789 -0.25 0.25 -7.8 -7.8 11.2689 12.4061 0.2838 -0.0012 -0.007786 0.037000 10.82 490 800 0.04 -50.87 0.0000 0.0000
3.222 2 -2.653989 -1.838853 -6.528286 18.043518 -113.655090 -8.682251 -0.08 0.08 -7.9 -7.9 -10.5646 -7.7717 0.2830 -0.0012 -0.002595 -0.072450 10.87 510 810 0.15 -70.00 -0.0000 -0.0000
3.231 2 7.563989 -4.583945 -12.011279 -2.372742 -14.892578 -13.481140 -0.08 0.08 9.0 9.0 -7.2703 -9.9432 0.2802 -0.0012 -0.002595 -0.035937 12.01 490 800 0.12 26.02 0.0000 0.0000
3.240 2 -5.897754 0.994946 -12.936699 -30.258179 26.283264 -3.128052 -0.08 0.08 -9.0 -9.0 10.0916 11.6575 0.2818 -0.0012 -0.002595 -0.003142 12.04 490 810 0.08 -58.60 0.0000 0.0000
3.249 2 -4.545586 -5.085014 -4.547983 19.996643 -89.530945 -2.365112 -0.00 0.00 -7.8 -7.8 -12.0738 -12.1826 0.2808 -0.0012 -0.000000 -0.105007 10.81 490 760 0.19 -70.00 -0.0000 -0.0000
3.258 2 12.042446 -3.802373 -11.718789 7.743835 3.715515 -0.457764 -0.08 0.08 8.9 8.9 -10.9054 -10.8182 0.2770 -0.0012 -0.002595 -0.077764 11.88 490 790 0.16 50.84 0.0000 0.0000
3.267 2 -6.638569 4.420918 -13.389819 -39.352417 45.394897 -2.563477 -0.08 0.08 -7.9 -7.9 10.0168 9.1991 0.2778 -0.0012 -0.002595 -0.026670 10.92 510 820 0.11 -56.74 -0.0000 -0.0000
3.276 2 -3.879092 -0.354824 -5.912138 12.779236 -76.210022 -5.722046 -0.00 0.00 -7.8 -7.8 -13.3888 -11.9670 0.2764 -0.0012 -0.000000 -0.124637 10.79 490 780 0.20 -70.00 0.0000 0.0000
3.285 2 7.698247 -2.359102 -10.584789 -2.212524 26.412964 -8.674622 -0.00 0.00 9.3 9.3 -13.3888 -13.6593 0.2719 -0.0012 -0.000000 -0.108861 12.32 490 770 0.19 26.99 0.0000 0.0000
3.294 2 -1.424092 -11.239297 -10.155644 -3.128052 97.763062 -7.987976 0.08 -0.08 -8.4 -8.4 -1.9886 4.0854 0.2713 -0.0012 0.002595 -0.069246 11.39 490 870 0.15 -33.22 0.0000 0.0000
3.303 2 -9.122338 1.546362 -8.592500 2.151489 0.114441 -2.990723 -0.00 0.00 -8.1 -8.1 -15.0252 -14.3858 0.2683 -0.0012 -0.000000 -0.154472 11.09 490 780 0.23 -70.00 -0.0000 -0.0000
3.312 2 5.178515 -2.100176 -10.354633 -16.777039 131.500244 -22.682190 0.08 -0.08 7.9 7.9 -15.9091 -18.5242 0.2637 -0.0012 0.002595 -0.104401 10.90 510 820 0.18 45.58 0.0000 0.0000
3.321 2 -5.717944 -4.236313 -8.820258 -19.905090 180.229187 -6.072998 -0.00 0.00 -7.9 -7.9 -2.2881 -2.0804 0.2627 -0.0012 -0.000000 -0.064182 10.90 490 850 0.14 -67.16 0.0000 0.0000
3.330 2 -3.994170 0.846304 -6.178257 -6.668091 61.531067 2.548218 -0.00 0.00 -7.9 -7.9 -20.1831 -19.8863 0.2587 -0.0012 -0.000000 -0.155318 10.87 490 760 0.24 -70.00 -0.0000 -0.0000
3.339 2 10.498481 -4.768549 -12.639414 -13.923645 168.029785 -9.193420 -0.00 0.00 8.0 8.0 -17.1173 -19.5981 0.2530 -0.0012 -0.000000 -0.100885 10.96 490 780 0.18 43.10 0.0000 0.0000
3.348 2 -3.970195 5.343940 -11.586928 -53.329468 209.831238 -0.122070 -0.08 0.08 -9.9 -9.9 2.7882 3.0525 0.2524 -0.0012 -0.002595 -0.021160 12.89 490 870 0.10 -28.02 0.0000 0.0000
3.357 2 -5.183311 -6.583427 -4.073286 6.034851 50.483704 -10.932922 -0.08 0.08 -8.3 -8.3 -15.7241 -14.6986 0.2500 -0.0012 -0.000000 -0.131492 11.31 510 840 0.21 -70.00 -0.0000 -0.0000
3.366 2 7.388974 4.260288 -12.327744 -22.743225 133.659363 -23.933411 -0.00 0.00 8.2 8.2 -13.2575 -10.4827 0.2454 -0.0012 -0.000000 -0.065426 11.25 490 810 0.15 67.11 0.0000 0.0000
3.375 2 -0.611353 11.805098 -15.329365 -56.518555 154.930115 -14.289856 0.08 -0.08 -3.4 -4.1 6.4089 7.9080 0.2460 -0.0012 0.002595 0.007341 10.82 490 840 0.07 -4.71 -0.0000 -0.0000
3.384 2 -6.633774 6.144692 -6.516299 6.858826 -9.414673 -15.846252 0.08 -0.08 -7.8 -7.8 -12.1826 -11.7589 0.2452 -0.0012 0.002595 -0.118529 10.81 490 790 0.20 -70.00 0.0000 0.0000
3.393 2 8.760322 3.797578 -11.248886 -8.308411 67.695618 -21.347046 0.00 -0.00 7.4 7.4 -8.2961 -7.9080 0.2414 -0.0012 -0.000000 -0.053017 10.39 490 800 0.13 64.76 0.0000 0.0000
3.402 2 -2.752285 8.717168 -13.922055 -43.693542 80.619812 -12.084961 0.08 -0.08 -7.8 -7.8 8.8965 9.5230 0.2428 -0.0012 0.002595 0.004835 10.84 510 810 0.08 -19.02 -0.0000 -0.0000
3.411 2 -4.727793 7.707837 -9.062402 1.716614 -65.284729 -14.366150 0.08 -0.08 -7.9 -7.9 -14.3858 -14.6986 0.2408 -0.0012 0.002595 -0.105256 10.85 490 810 0.19 -70.00 0.0000 0.0000
3.420 2 12.356513 6.290937 -12.454809 -8.537292 56.091309 -7.949829 0.08 -0.08 8.3 8.3 -12.8788 -10.4021 0.2367 -0.0012 0.002595 -0.030849 11.34 490 800 0.11 68.18 0.0000 0.0000
3.429 2 -3.665718 2.315947 -9.422021 -34.523010 73.356628 -5.943298 0.17 -0.17 -9.8 -9.8 6.7613 7.3493 0.2373 -0.0012 0.005191 0.015224 12.81 490 830 0.06 -49.14 -0.0000 -0.0000
3.438 2 -0.381196 -0.774380 -9.040825 13.114929 -47.012329 -11.772156 0.33 -0.33 -8.0 -8.0 -14.6986 -13.0026 0.2357 -0.0012 0.010382 -0.062167 10.98 490 800 0.14 -42.33 0.0000 0.0000
3.447 2 4.816499 1.973110 -11.711596 -5.012512 39.924622 -17.845154 0.33 -0.33 7.3 7.3 -8.3992 -7.4301 0.2321 -0.0012 0.010382 -0.007671 10.28 510 810 0.09 25.92 0.0000 0.0000
3.456 2 3.493100 2.752285 -11.632480 -31.120300 82.038879 -18.974304 0.59 -0.59 -0.8 -3.3 7.2703 11.0842 0.2335 -0.0012 0.018168 0.051459 10.93 490 800 0.03 2.47 0.0000 0.0000
3.465 2 -5.456621 0.640122 -8.700385 11.291504 -79.368591 -16.929626 0.75 -0.75 -7.7 -7.7 -12.5210 -8.0974 0.2327 -0.0012 0.023359 -0.071911 10.71 490 810 0.15 -70.00 0.0000 0.0000
3.474 2 3.416382 1.961123 -12.931904 -2.136230 8.850098 -30.685425 0.75 -0.75 8.3 8.3 -12.5210 -10.6478 0.2287 -0.0013 0.023359 -0.023457 11.31 490 800 0.10 28.10 0.0000 0.0000
3.483 2 -1.742954 -1.752544 -11.109834 -18.257141 68.481445 -21.980286 0.84 -0.84 -8.0 -8.0 9.3908 11.3636 0.2297 -0.0013 0.025955 0.040462 10.96 490 800 0.04 -30.82 -0.0000 -0.0000
3.492 2 -5.972075 -7.834902 -7.758183 12.397766 -66.894531 -5.828857 0.84 -0.84 -8.0 -8.0 -5.9310 -7.5970 0.2297 -0.0013 0.025955 -0.048119 11.03 510 860 0.13 -70.00 0.0000 0.0000
3.501 2 9.716908 8.832246 -15.319775 -1.541138 -18.302917 -20.179749 0.84 -0.84 7.9 7.9 -15.0252 -15.3667 0.2257 -0.0014 0.025955 -0.034831 10.95 490 800 0.11 40.04 0.0000 0.0000
3.510 2 0.009590 2.078598 -9.760063 -11.299133 79.910278 -11.062622 0.84 -0.84 4.2 2.9 7.8620 7.9080 0.2257 -0.0014 0.025955 0.044572 10.76 490 790 0.04 11.47 0.0000 0.0000
3.519 2 -9.601830 -10.982768 -5.415864 9.651184 -32.806396 -9.880066 0.84 -0.84 -7.7 -7.7 2.7100 2.4676 0.2269 -0.0014 0.025955 -0.031765 10.69 490 880 0.11 -70.00 -0.0000 -0.0000
3.528 2 -0.239746 -3.634551 -11.963329 10.162354 -61.027527 -4.562378 0.75 -0.75 -4.5 -4.7 -15.7241 -16.9034 0.2235 -0.0015 0.023359 -0.070949 12.15 490 800 0.15 -16.36 0.0000 0.0000
3.537 2 4.418520 2.984839 -9.220634 -5.722046 71.754456 0.671387 0.75 -0.75 7.7 7.7 4.1737 6.2031 0.2218 -0.0015 0.023359 0.013842 10.73 510 910 0.07 43.05 0.0000 0.0000
3.546 2 -15.336557 19.639400 -11.208130 -18.165588 5.935669 -5.874634 0.75 -0.75 -8.2 -8.2 4.8818 5.7789 0.2239 -0.0014 0.023359 -0.000596 11.23 490 880 0.08 -70.00 0.0000 0.0000
3.555 2 3.752026 -3.308496 -10.690278 6.324768 -79.711914 2.899170 0.67 -0.67 -0.8 -0.8 -12.8788 -13.9409 0.2216 -0.0015 0.020764 -0.092481 11.15 490 810 0.17 -4.56 -0.0000 -0.0000
3.564 2 6.866328 -0.855894 -11.368759 1.091003 29.251099 9.757996 0.59 -0.59 7.9 7.9 -5.3030 -6.2317 0.2186 -0.0016 0.018168 -0.030474 10.93 490 870 0.11 35.74 0.0000 0.0000
3.573 2 2.783452 4.730190 -11.452670 -24.452209 48.454285 5.966187 0.75 -0.75 -1.4 -2.0 9.0151 8.2455 0.2202 -0.0015 0.023359 0.016708 11.04 490 800 0.06 8.26 0.0000 0.0000
3.582 2 -4.368174 0.292490 -9.081582 16.372681 -81.016541 1.312256 0.75 -0.75 -8.0 -8.0 -11.6575 -10.9054 0.2190 -0.0015 0.023359 -0.097196 11.04 510 830 0.18 -70.00 0.0000 0.0000
3.591 2 2.493359 -0.834316 -13.857324 1.266479 -13.069153 -15.235901 0.75 -0.75 8.7 8.7 -15.5433 -15.7241 0.2150 -0.0016 0.023359 -0.059894 11.71 490 790 0.14 10.09 0.0000 0.0000
3.600 2 -0.884663 0.508262 -9.913501 -17.707825 73.341370 -10.627747 0.75 -0.75 -7.8 -7.8 2.0335 10.4827 0.2154 -0.0016 0.023359 0.016267 10.77 490 840 0.06 -13.15 0.0000 0.0000
3.609 2 -7.981147 -1.378540 -7.748593 16.571045 -54.634094 -5.378723 0.84 -0.84 -7.9 -7.9 -3.2044 -4.2258 0.2160 -0.0016 0.025955 -0.066786 10.92 490 870 0.15 -70.00 -0.0000 -0.0000
3.618 2 8.805874 -1.268257 -13.174047 14.198303 -46.241760 -10.269165 0.84 -0.84 9.0 9.0 -17.3368 -17.5619 0.2116 -0.0017 0.025955 -0.080326 12.01 490 800 0.16 10.58 0.0000 0.0000
3.627 2 2.270396 0.700059 -9.911103 -7.926941 86.387634 -6.576538 0.92 -0.92 7.9 7.9 -2.3766 2.6463 0.2106 -0.0018 0.028550 0.016121 10.92 510 900 0.06 36.67 0.0000 0.0000
3.636 2 -7.911621 -14.981733 -6.278950 6.202698 -30.876160 -7.186890 1.09 -1.09 -7.8 -7.8 -2.2096 2.4019 0.2114 -0.0017 0.033741 -0.052356 10.81 490 890 0.13 -70.00 -0.0000 -0.0000
3.645 2 1.798096 -5.387094 -11.107436 7.766724 -57.731628 -9.864807 0.92 -0.92 -3.6 -5.1 -17.5619 -16.6947 0.2074 -0.0019 0.028550 -0.090632 11.15 490 800 0.17 -16.74 0.0000 0.0000
3.654 2 3.986977 0.347632 -10.719048 -6.889343 91.781616 -5.088806 1.00 -1.00 7.5 7.5 4.5685 4.5840 0.2060 -0.0019 0.031146 0.015313 10.49 490 870 0.06 37.99 0.0000 0.0000
3.663 2 -6.780019 -15.842422 -6.437182 6.240845 -26.657104 5.027771 0.92 -0.92 -7.7 -7.7 2.6463 -3.0733 0.2070 -0.0019 0.028550 -0.038407 10.74 490 890 0.12 -70.00 -0.0000 -0.0000
3.672 2 2.289575 2.912915 -12.445219 -4.821777 -63.560486 4.394531 0.92 -0.92 -1.7 -1.4 -16.4911 -18.7815 0.2033 -0.0020 0.028550 -0.085637 11.68 510 820 0.17 -12.04 0.0000 0.0000
3.681 2 3.344458 4.226724 -10.445737 -5.424500 75.996399 8.445740 0.92 -0.92 7.7 7.7 -2.4722 5.2414 0.2017 -0.0020 0.028550 0.009764 10.68 490 870 0.07 32.83 0.0000 0.0000
3.690 2 -8.853823 -7.772568 -9.273378 -9.971619 -26.428223 10.719299 1.00 -1.00 -7.8 -7.8 3.7773 4.8123 0.2035 -0.0020 0.031146 -0.030326 10.81 490 880 0.11 -70.00 0.0000 0.0000
3.699 2 -0.194194 6.633774 -12.145536 -5.668640 -82.229614 -7.766724 1.17 -1.17 -8.1 -8.1 -16.9034 -16.2924 0.2003 -0.0021 0.036337 -0.096650 11.11 490 800 0.18 -27.34 -0.0000 -0.0000
3.708 2 5.643623 -0.700059 -9.580254 6.317139 46.524048 -15.121460 1.26 -1.26 7.6 7.6 -4.5531 -4.4048 0.1977 -0.0022 0.038932 -0.010050 10.58 490 880 0.09 40.31 0.0000 0.0000
3.717 2 -7.959570 -0.163027 -9.831987 16.433716 13.496399 -23.147583 1.51 -1.51 -7.7 -7.7 2.7710 4.3066 0.1991 -0.0021 0.046719 -0.015425 10.74 510 900 0.10 -70.00 0.0000 0.0000
3.726 2 3.315688 -8.228086 -7.827710 12.176514 -98.724365 -16.372681 1.67 -1.67 -8.1 -8.1 -17.3368 -15.0252 0.1963 -0.0023 0.051910 -0.105906 11.09 490 810 0.19 -30.82 -0.0000 -0.0000
3.735 2 10.479301 -2.078598 -10.539238 5.043030 39.207458 -23.857117 1.67 -1.67 8.0 8.0 -10.7323 -7.3096 0.1923 -0.0025 0.051910 -0.023976 11.03 490 790 0.10 67.98 0.0000 0.0000
3.744 2 0.496274 -2.814619 -8.240073 -32.653809 44.776917 -29.800415 1.84 -1.84 -8.5 -8.5 7.1549 9.0756 0.1935 -0.0024 0.057101 0.007763 11.49 490 790 0.07 -26.57 0.0000 0.0000
3.753 2 -3.401997 11.541377 -10.661509 17.608643 -78.910828 -23.880005 1.84 -1.84 -7.9 -7.9 -15.9091 -15.5433 0.1911 -0.0025 0.057101 -0.093350 10.90 490 800 0.17 -54.93 -0.0000 -0.0000
3.762 2 10.213183 -0.424351 -12.035254 -1.258850 26.573181 -27.244568 1.93 -1.93 7.6 7.6 -16.2924 -13.0026 0.1865 -0.0028 0.059696 -0.038093 10.58 510 830 0.12 41.84 0.0000 0.0000
3.771 2 -4.066093 0.911035 -9.872744 -25.039673 78.422546 -36.529541 2.09 -2.09 -7.8 -7.8 6.1747 9.7286 0.1869 -0.0028 0.064887 0.018305 10.84 490 840 0.06 -48.32 0.0000 0.0000
3.780 2 -0.529839 -15.336557 -6.935854 24.620056 -68.435669 -26.084900 2.18 -2.18 -7.9 -7.9 -14.2344 -12.6380 0.1855 -0.0029 0.067483 -0.088873 10.87 490 800 0.17 -70.00 -0.0000 -0.0000
3.789 2 2.471782 -2.500552 -12.313359 -2.868652 14.686584 -38.146973 2.26 -2.26 8.8 8.8 -13.1288 -15.0252 0.1809 -0.0032 0.070078 -0.041973 11.75 490 800 0.12 20.03 0.0000 0.0000
3.798 2 -2.534116 -5.260029 -9.690536 -14.213562 77.072144 -29.640198 2.18 -2.18 -7.9 -7.9 5.3661 6.5013 0.1811 -0.0032 0.067483 0.017992 10.88 490 880 0.06 -44.54 -0.0000 -0.0000
3.807 2 -8.204111 -6.180654 -7.400962 8.819580 -56.411743 -25.276184 2.26 -2.26 -8.1 -8.1 -9.3260 -7.6399 0.1805 -0.0032 0.070078 -0.063623 11.07 510 830 0.14 -70.00 0.0000 0.0000
3.816 2 7.597553 2.524526 -14.089877 9.269714 -19.630432 -35.087585 2.34 -2.34 8.2 8.2 -15.9091 -16.6947 0.1758 -0.0036 0.072674 -0.047118 11.20 490 810 0.13 28.36 0.0000 0.0000
3.825 2 2.088188 4.078081 -9.959052 -13.282776 63.758850 -29.418945 2.26 -2.26 6.9 3.7 2.2352 2.8957 0.1752 -0.0036 0.070078 0.019926 10.84 490 880 0.06 16.22 0.0000 0.0000
3.834 2 -7.818120 -9.177480 -7.163613 -4.196167 -37.742615 -20.149231 2.43 -2.43 -7.6 -7.6 -6.5964 -2.6672 0.1752 -0.0036 0.075269 -0.044274 10.65 490 890 0.12 -70.00 0.0000 0.0000
3.843 2 7.333833 3.390010 -14.168994 6.790161 -52.642822 -18.424988 2.43 -2.43 3.7 1.0 -19.3181 -19.3181 0.1708 -0.0039 0.075269 -0.076004 11.15 490 810 0.16 -5.84 -0.0000 -0.0000
3.852 2 5.298388 2.589258 -9.616216 -16.235352 78.842163 -27.633667 2.34 -2.34 7.8 7.8 -3.1087 -3.5215 0.1686 -0.0041 0.072674 0.021722 10.84 510 900 0.06 45.55 0.0000 0.0000
3.861 2 -11.515004 10.476904 -10.270722 -18.402100 -4.653931 -26.557922 2.51 -2.51 -8.1 -8.1 3.3063 -5.9571 0.1694 -0.0040 0.077865 -0.025141 11.12 490 880 0.11 -70.00 0.0000 0.0000
3.870 2 2.908120 3.922246 -12.416450 14.526367 -66.787720 -13.839722 2.43 -2.43 7.3 4.5 -18.5242 -18.2739 0.1660 -0.0043 0.075269 -0.082374 10.96 490 800 0.16 1.61 0.0000 0.0000
3.879 2 5.502172 0.522646 -10.021386 -4.348755 50.163269 -23.574829 2.34 -2.34 7.7 7.7 -4.8995 -6.1747 0.1630 -0.0045 0.072674 -0.006531 10.68 490 870 0.09 49.93 0.0000 0.0000
3.888 2 -7.053330 -14.171391 -5.123374 9.468079 25.764465 -6.095886 2.43 -2.43 -7.8 -7.8 3.3555 4.4777 0.1640 -0.0045 0.075269 -0.011131 10.79 490 880 0.09 -70.00 -0.0000 -0.0000
3.897 2 1.757339 -1.318604 -10.438544 6.118774 -80.245972 -9.971619 2.43 -2.43 -7.9 -7.9 -17.5619 -18.5242 0.1608 -0.0047 0.075269 -0.102052 10.95 510 820 0.18 -25.80 0.0000 0.0000
3.906 2 9.364482 -0.292490 -12.519541 -0.244141 35.049438 -21.942139 2.34 -2.34 9.0 9.0 -10.8182 -10.4827 0.1566 -0.0050 0.072674 -0.036997 12.01 490 800 0.12 50.56 0.0000 0.0000
3.915 2 -0.549019 3.205405 -8.594897 -20.767212 54.145813 -11.756897 2.43 -2.43 -8.9 -8.9 4.8643 7.3096 0.1572 -0.0050 0.075269 -0.002328 11.90 490 830 0.08 -36.84 -0.0000 -0.0000
3.924 2 -1.366553 -3.378022 -9.690536 17.845154 -60.699463 2.792358 2.43 -2.43 -8.0 -8.0 -14.3858 -15.1940 0.1548 -0.0052 0.075269 -0.101816 10.98 490 800 0.18 -64.89 0.0000 0.0000
3.933 2 5.926523 -2.229639 -14.511830 -4.478455 19.599915 -3.097534 2.34 -2.34 7.9 7.9 -11.0842 -15.9091 0.1502 -0.0055 0.072674 -0.054706 10.88 490 800 0.13 9.29 0.0000 0.0000
3.942 2 -2.385473 2.900928 -8.741142 -18.280029 76.751709 -4.898071 2.43 -2.43 -9.9 -9.9 1.7161 7.5126 0.1504 -0.0055 0.075269 0.021655 12.94 510 860 0.06 -30.43 -0.0000 -0.0000
3.951 2 -5.358325 0.266118 -9.604228 11.062622 -65.544128 -15.647888 2.34 -2.34 -7.7 -7.7 -8.3473 -13.3888 0.1494 -0.0056 0.072674 -0.082790 10.69 490 810 0.16 -70.00 0.0000 0.0000
3.960 2 3.037583 1.289834 -15.293403 5.882263 -19.409180 0.732422 2.26 -2.26 3.9 1.6 -17.3368 -18.0303 0.1447 -0.0059 0.070078 -0.075059 11.72 490 800 0.16 -5.33 0.0000 0.0000
3.969 2 0.829521 3.792783 -9.294956 -14.617920 64.071655 -10.704041 2.26 -2.26 -3.2 -6.6 2.0004 7.6399 0.1443 -0.0059 0.070078 0.003292 10.79 490 840 0.08 -2.03 0.0000 0.0000
3.978 2 -7.441719 -6.473145 -5.840215 16.510010 -49.850464 -13.442993 2.26 -2.26 -7.9 -7.9 -8.0492 -6.6944 0.1443 -0.0059 0.070078 -0.080618 10.87 490 850 0.16 -70.00 -0.0000 -0.0000
3.987 2 5.617251 -1.567939 -14.327226 10.795593 -45.249939 -12.893677 2.18 -2.18 3.4 1.4 -19.5981 -20.4889 0.1397 -0.0062 0.067483 -0.104510 11.58 510 810 0.18 -6.53 0.0000 0.0000
3.996 2 5.890561 2.567681 -9.309340 -14.152527 69.076538 -18.554688 2.01 -2.01 8.2 8.2 -3.0525 -6.4089 0.1373 -0.0064 0.062292 -0.013007 11.23 490 880 0.09 43.04 0.0000 0.0000
4.005 2 -9.453188 9.537099 -8.335972 -4.432678 -14.114380 -19.752502 1.93 -1.93 -7.8 -7.8 2.7824 2.1602 0.1383 -0.0063 0.059696 -0.054071 10.79 490 880 0.13 -70.00 -0.0000 -0.0000
4.014 2 3.140674 -3.972593 -11.606108 12.077332 -55.892944 -7.186890 1.84 -1.84 -7.3 -8.2 -18.7815 -19.8863 0.1341 -0.0066 0.057101 -0.114881 11.18 490 800 0.19 -24.91 0.0000 0.0000
4.023 2 7.460898 0.994946 -11.908188 -5.065918 57.106018 -16.174316 1.76 -1.76 7.9 7.9 -5.6580 -7.5546 0.1303 -0.0068 0.054505 -0.039472 10.88 490 840 0.12 47.96 0.0000 0.0000
4.032 2 -4.207544 -0.390786 -8.228086 -12.123108 40.435791 -2.517700 1.51 -1.51 -8.2 -8.2 6.1747 2.6778 0.1313 -0.0067 0.046719 -0.002816 11.23 510 890 0.08 -36.74 0.0000 0.0000
4.041 2 -1.680620 -3.214995 -8.278432 13.519287 -79.345703 -7.781982 1.51 -1.51 -8.0 -8.0 -15.7241 -14.8601 0.1289 -0.0068 0.046719 -0.138670 11.04 490 800 0.22 -70.00 -0.0000 -0.0000
4.050 2 1.778916 2.896133 -16.238003 -9.574890 6.973267 -6.477356 1.51 -1.51 -2.7 -2.3 -12.1826 -16.2924 0.1241 -0.0071 0.046719 -0.087422 11.56 490 800 0.17 -12.25 0.0000 0.0000
4.059 2 -1.517593 -1.371348 -8.642846 -11.840820 66.184998 -1.289368 1.42 -1.42 -7.7 -7.7 2.2060 2.1567 0.1239 -0.0071 0.044123 -0.016988 10.71 490 870 0.10 -30.91 -0.0000 -0.0000
4.068 2 -6.341284 -2.833799 -4.938769 14.328003 -55.900574 -1.274109 1.42 -1.42 -7.9 -7.9 -11.8620 -12.2934 0.1231 -0.0071 0.044123 -0.115347 10.90 490 800 0.20 -70.00 0.0000 0.0000
4.077 2 8.055469 -0.935010 -16.271566 5.653381 -20.469666 -1.976013 1.42 -1.42 8.9 8.9 -21.1292 -20.4889 0.1178 -0.0073 0.044123 -0.106058 11.91 510 790 0.19 7.71 0.0000 0.0000
4.086 2 2.260806 3.080737 -9.227827 -14.320374 81.626892 -22.102356 1.26 -1.26 8.1 8.1 -2.6884 -4.3622 0.1158 -0.0074 0.038932 -0.015267 11.12 490 870 0.10 32.44 0.0000 0.0000
4.095 2 -7.957172 7.259511 -7.954775 -5.615234 -23.330688 -12.649536 1.17 -1.17 -7.8 -7.8 -5.3030 -1.2031 0.1156 -0.0074 0.036337 -0.066762 10.79 490 870 0.15 -70.00 -0.0000 -0.0000
4.104 2 4.483252 -2.994429 -12.222256 8.934021 -40.779114 -21.934509 1.00 -1.00 6.8 6.0 -20.1831 -20.8041 0.1112 -0.0076 0.031146 -0.106871 11.58 490 780 0.19 0.49 0.0000 0.0000
4.113 2 6.360464 -6.410810 -9.908706 -2.586365 60.188293 -30.509949 0.92 -0.92 7.9 7.9 -6.7277 -5.9051 0.1078 -0.0077 0.028550 -0.033159 10.92 490 880 0.11 45.57 0.0000 0.0000
4.122 2 -5.950498 -9.347700 -7.693452 2.830505 26.794434 -24.810791 1.00 -1.00 -7.8 -7.8 2.1602 3.8308 0.1084 -0.0077 0.031146 -0.014192 10.77 510 900 0.09 -70.00 -0.0000 -0.0000
