%  1    time 0.012 sec
%  2    mission (2) state 2
%  3  4  5 Acc x,y,z: 0.582583 0.338042 -11.102641
%  6  7  8 Gyro x,y,z: -2.876282 14.709473 -3.532410
%  9 10 Motor velocity ref left, right: 0.00 0.00
% 11 12 Motor voltage [V] left, right: -7.8 -7.8
% 13 14 Wheel velocity [r/s] left, right: -10.2445 -11.0842% 15 16 17 18 Pose x,y,h,tilt [m,m,rad,rad]: -0.0020 0.0000 0.000000 -0.109011% 19    Battery voltage [V]: 10.81
% 20 21 Get data time [us]: 490 +ctrl 770
% 22 23 24 25 Extra pt.: balE[0], balU[0], balUI[0], balUI[1]: 0.19 -24.5740 0.0000 0.0000
0.027 2 -1.169961 -1.596709 -10.587187 -12.550354 82.794189 -3.753662 0.08 -0.08 -8.9 -8.9 3.6548 1.8886 -0.0042 0.0000 0.002595 -0.024899 11.91 490 870 0.10 -22.23 -0.0000 -0.0000
0.042 2 -0.537031 2.852978 -10.668701 -9.117126 38.497925 -11.810303 0.08 -0.08 -4.1 -4.2 -19.5981 -19.5981 -0.0099 -0.0000 0.002595 -0.070309 10.98 490 810 0.15 -18.41 0.0000 0.0000
0.057 2 1.603901 -0.580186 -11.433491 -9.513855 83.084106 -9.567261 0.33 -0.33 -1.5 -5.1 2.1296 5.8037 -0.0117 -0.0000 0.010382 0.015481 11.30 490 870 0.06 -3.47 0.0000 0.0000
0.072 2 1.205923 3.306098 -11.047500 -5.714417 50.590515 -1.518250 0.08 -0.08 7.8 9.0 -18.2739 -20.4889 -0.0175 -0.0001 0.002595 -0.036192 11.99 490 790 0.12 4.24 0.0000 0.0000
0.087 2 -6.211821 -0.608955 -12.454809 -5.233765 55.999756 -4.394531 0.17 -0.17 -7.8 -7.8 2.6567 4.2524 -0.0181 -0.0001 0.005191 0.012369 10.79 490 870 0.07 -70.00 0.0000 0.0000
0.102 2 8.259253 -1.997085 -9.935078 -9.696960 71.487427 -8.293152 -0.00 0.00 8.0 8.0 -15.3667 -15.5433 -0.0249 -0.0001 -0.000000 -0.014515 10.98 490 780 0.09 53.74 0.0000 0.0000
0.117 2 -5.535737 -1.929956 -11.963329 -5.966187 13.999939 -14.411926 0.25 -0.25 -7.4 -7.4 -7.9545 -3.2822 -0.0251 -0.0001 0.007786 0.000682 10.41 490 850 0.08 -61.05 0.0000 0.0000
0.132 2 3.224585 2.445410 -9.709717 -9.239197 98.541260 -9.010315 0.25 -0.25 7.1 7.1 -5.7300 -6.5013 -0.0316 -0.0001 0.007786 0.038213 10.12 490 880 0.04 36.27 0.0000 0.0000
0.147 2 -1.309014 -3.375625 -10.057348 3.623962 -4.966736 -15.922546 0.42 -0.42 -7.9 -7.9 -12.5210 -12.0738 -0.0320 -0.0001 0.012977 -0.017455 10.88 490 800 0.10 -43.76 -0.0000 -0.0000
0.162 2 4.082876 0.115078 -8.463037 -11.070251 103.630066 -23.971558 0.25 -0.25 7.2 7.2 -3.0457 -3.7563 -0.0376 -0.0002 0.007786 0.057848 10.16 490 870 0.02 42.96 0.0000 0.0000
0.177 2 0.350029 -2.052227 -9.457983 3.677368 -7.675171 -13.526917 0.33 -0.33 -7.9 -7.9 -15.0252 -13.6593 -0.0390 -0.0002 0.010382 -0.006318 10.95 490 800 0.09 -36.09 -0.0000 -0.0000
0.192 2 0.937407 0.652109 -9.951860 -14.343262 114.990234 -26.176453 0.08 -0.08 7.4 7.4 5.8794 8.0016 -0.0436 -0.0003 0.002595 0.096030 10.38 490 840 -0.02 24.55 0.0000 0.0000
0.207 2 1.241885 1.407310 -10.649521 1.525879 -23.406982 -6.332397 0.25 -0.25 -5.3 -6.8 -14.5405 -12.1826 -0.0441 -0.0003 0.007786 0.018402 11.03 490 800 0.06 -18.08 -0.0000 -0.0000
0.222 2 0.311670 0.491479 -11.342387 -6.828308 70.892334 -19.996643 0.25 -0.25 3.9 3.2 10.0916 10.9054 -0.0461 -0.0003 0.007786 0.092836 10.88 490 800 -0.01 11.37 0.0000 0.0000
0.237 2 1.136396 1.879609 -10.369019 -0.053406 -52.330017 4.226685 0.08 -0.08 -5.0 -4.4 -12.2934 -13.6593 -0.0465 -0.0003 0.002595 -0.000875 10.87 490 800 0.08 -12.46 0.0000 0.0000
0.252 2 -0.920625 0.513057 -11.030718 -3.776550 53.672791 -3.700256 -0.08 0.08 -7.7 -7.7 8.2455 6.5964 -0.0493 -0.0003 -0.002595 0.071996 10.69 490 840 0.01 -14.22 -0.0000 -0.0000
0.267 2 0.112681 1.807685 -10.448134 -3.684998 -28.144836 -2.212524 0.08 -0.08 2.5 2.6 -14.2344 -14.5405 -0.0509 -0.0003 0.002595 0.021070 10.90 490 790 0.06 -0.55 0.0000 0.0000
0.282 2 -0.937407 -0.613750 -10.673495 -4.943848 55.091858 -6.919861 -0.00 0.00 -7.8 -7.8 11.4599 13.3888 -0.0523 -0.0003 -0.000000 0.090174 10.84 490 770 -0.01 -5.57 0.0000 0.0000
0.297 2 -1.385732 2.109766 -10.666304 -2.136230 -30.418396 -0.221252 0.08 -0.08 -4.7 -4.5 -12.6380 -13.1288 -0.0537 -0.0003 0.002595 0.015045 10.95 490 800 0.06 -12.31 -0.0000 -0.0000
0.312 2 1.292231 0.023975 -11.510210 -7.743835 75.393677 -11.924744 -0.00 0.00 -1.7 -2.1 10.7323 11.6575 -0.0555 -0.0003 -0.000000 0.085591 10.50 490 770 -0.01 5.18 0.0000 0.0000
0.327 2 2.620425 -0.465107 -10.527250 1.937866 -18.920898 -6.324768 0.08 -0.08 -4.8 -4.9 -13.6593 -13.5227 -0.0565 -0.0003 0.002595 0.010982 10.85 490 790 0.07 -13.32 -0.0000 -0.0000
0.342 2 -0.220566 0.805547 -12.176703 -13.175964 83.312988 -14.549255 -0.00 0.00 -2.5 -1.9 10.4827 9.7991 -0.0587 -0.0003 -0.000000 0.104133 10.81 490 770 -0.02 -0.02 0.0000 0.0000
0.357 2 2.526924 0.649712 -11.416709 2.761841 -30.418396 -2.296448 0.08 -0.08 0.8 0.8 -12.2934 -14.0861 -0.0585 -0.0003 0.002595 0.033944 10.81 490 800 0.05 -4.97 0.0000 0.0000
0.372 2 -1.273052 0.057539 -11.493427 -8.712769 66.062927 -15.769958 -0.08 0.08 -3.0 -2.7 12.8788 13.0026 -0.0593 -0.0003 -0.002595 0.118072 10.88 490 800 -0.04 0.29 0.0000 0.0000
0.387 2 0.980561 2.212856 -11.814687 4.760742 -64.933777 3.936768 -0.00 0.00 -0.8 -0.8 -11.1758 -11.5579 -0.0579 -0.0003 -0.000000 0.031535 10.81 490 780 0.05 -2.60 -0.0000 -0.0000
0.402 2 -1.618286 0.124668 -11.095448 -5.592346 41.854858 -17.959595 -0.00 0.00 -4.4 -4.1 13.2575 13.3888 -0.0587 -0.0003 -0.000000 0.117546 10.82 490 770 -0.04 0.19 0.0000 0.0000
0.417 2 3.401997 1.018921 -11.328003 6.996155 -79.734802 1.251221 0.08 -0.08 4.1 3.8 -11.9670 -11.6575 -0.0581 -0.0003 0.002595 0.036318 10.77 490 810 0.04 4.78 0.0000 0.0000
0.432 2 -0.668892 -1.280244 -10.299492 -1.907349 20.477295 -11.718750 -0.08 0.08 -7.9 -7.9 13.7987 13.5227 -0.0581 -0.0003 -0.002595 0.124610 10.88 490 800 -0.04 -10.17 0.0000 0.0000
0.447 2 -0.592173 -2.817017 -11.256079 7.919312 -81.237793 3.684998 -0.00 0.00 -3.1 -3.2 -10.7323 -10.1674 -0.0591 -0.0003 -0.000000 0.058299 11.98 490 770 0.02 -12.11 -0.0000 -0.0000
0.462 2 -0.836714 -2.490962 -11.208130 6.568909 -19.760132 1.853943 0.08 -0.08 -2.9 -2.3 13.1288 11.7589 -0.0565 -0.0003 0.002595 0.128576 12.58 490 800 -0.05 0.33 0.0000 0.0000
0.477 2 7.851684 5.936113 -13.049379 7.553101 -61.927795 -11.550903 0.08 -0.08 9.2 9.2 -10.4021 -11.3636 -0.0589 -0.0003 0.002595 0.054852 12.17 490 810 0.03 38.11 0.0000 0.0000
0.492 2 -4.461675 -4.833281 -10.433750 18.234253 -35.957336 8.010864 -0.00 0.00 -7.8 -7.8 5.7058 5.7300 -0.0567 -0.0003 -0.000000 0.082162 10.77 490 840 -0.00 -44.47 -0.0000 -0.0000
0.507 2 9.366879 0.381196 -9.743281 -2.159119 -7.896423 -2.006531 -0.08 0.08 8.0 8.0 -9.1991 -8.8384 -0.0609 -0.0003 -0.002595 0.063041 11.03 490 800 0.02 70.00 0.0000 0.0000
0.522 2 -4.034926 -1.253872 -10.690278 6.668091 -59.974670 7.598877 -0.17 0.17 -7.3 -7.3 2.7541 -6.9347 -0.0587 -0.0003 -0.005191 0.037418 10.30 490 830 0.04 -70.00 0.0000 0.0000
0.537 2 4.102056 0.057539 -8.110610 -3.036499 23.796082 -0.312805 -0.33 0.33 7.6 7.6 -4.4048 -3.1669 -0.0628 -0.0003 -0.010382 0.078949 10.55 490 870 0.00 56.76 0.0000 0.0000
0.552 2 0.501069 -2.716323 -8.889785 14.091492 -70.838928 -4.875183 0.08 -0.08 -7.8 -7.8 -8.6132 -2.7374 -0.0613 -0.0003 0.002595 0.025986 10.76 490 830 0.05 -41.36 0.0000 0.0000
0.567 2 2.687554 -2.033047 -7.235537 1.167297 23.872375 -1.159668 0.33 -0.33 7.5 7.5 -2.5042 4.9716 -0.0648 -0.0003 0.010382 0.095872 10.52 490 880 -0.02 41.93 0.0000 0.0000
0.582 2 -2.205664 1.977905 -10.337852 16.357422 -100.135803 -15.594482 0.67 -0.67 -7.7 -7.7 -10.5646 -2.5088 -0.0632 -0.0003 0.020764 0.011064 10.73 490 840 0.07 -45.21 0.0000 0.0000
0.597 2 4.624702 -1.467246 -7.520835 3.913879 18.478394 -12.809753 0.75 -0.75 7.6 7.6 8.1462 4.5685 -0.0670 -0.0004 0.023359 0.070481 10.57 490 850 0.01 43.66 0.0000 0.0000
0.612 2 -1.846045 -1.318604 -9.398046 11.291504 -71.441650 -9.185791 0.75 -0.75 -7.9 -7.9 -12.1826 -13.5227 -0.0674 -0.0004 0.023359 -0.012359 10.95 490 790 0.09 -44.25 -0.0000 -0.0000
0.627 2 -2.819414 -2.128945 -9.870346 -11.428833 66.764832 -11.947632 0.75 -0.75 -7.2 -7.2 4.0487 6.1747 -0.0706 -0.0005 0.023359 0.067317 10.22 490 880 0.01 -15.05 0.0000 0.0000
0.642 2 -3.387612 -0.992549 -10.989961 7.904053 -50.903320 -2.395630 0.75 -0.75 -7.9 -7.9 -16.4911 -17.7930 -0.0730 -0.0005 0.023359 -0.037130 10.92 490 800 0.12 -39.82 -0.0000 -0.0000
0.657 2 -0.220566 -1.344976 -10.877280 -12.145996 92.536926 -15.197754 0.84 -0.84 -1.7 -3.2 2.1811 5.0647 -0.0760 -0.0006 0.025955 0.072721 10.84 490 870 0.01 -5.32 -0.0000 -0.0000
0.672 2 -1.100435 -0.067129 -12.013677 12.969971 -31.112671 -8.728027 0.59 -0.59 -6.7 -6.4 -15.7241 -17.3368 -0.0786 -0.0006 0.018168 -0.032715 10.98 490 810 0.11 -19.42 0.0000 0.0000
0.687 2 -2.646797 -0.994946 -11.807495 -13.473511 81.077576 -5.760193 0.67 -0.67 -7.9 -7.9 10.7323 11.5579 -0.0805 -0.0007 0.020764 0.071749 10.85 490 800 0.01 -23.00 -0.0000 -0.0000
0.702 2 0.659302 -1.028511 -12.485976 5.027771 -46.447754 -3.425598 0.50 -0.50 -8.1 -8.1 -16.4911 -17.7930 -0.0837 -0.0007 0.015573 -0.038374 11.07 490 810 0.12 -24.11 0.0000 0.0000
0.717 2 -1.692607 0.457915 -12.090395 -12.130737 61.416626 -7.965088 0.67 -0.67 -7.0 -7.9 7.7273 10.2445 -0.0853 -0.0007 0.020764 0.083129 10.87 490 810 -0.00 -14.11 0.0000 0.0000
0.732 2 -0.649712 3.675308 -11.697211 0.106812 -41.267395 -14.472961 0.67 -0.67 1.7 0.8 -17.7930 -17.1173 -0.0889 -0.0008 0.020764 -0.002834 10.88 490 800 0.08 -8.01 0.0000 0.0000
0.747 2 2.474180 -0.330850 -12.263012 -4.615784 39.749146 -11.291504 0.75 -0.75 -1.6 -4.4 10.8182 12.5210 -0.0887 -0.0008 0.023359 0.084306 10.87 490 790 -0.00 1.35 0.0000 0.0000
0.762 2 0.716841 -3.075942 -10.402583 13.504028 -81.939697 -10.704041 0.67 -0.67 -4.8 -5.0 -14.2344 -15.1940 -0.0909 -0.0009 0.020764 -0.036503 10.93 490 800 0.12 -14.56 -0.0000 -0.0000
0.777 2 -0.606558 -0.505864 -12.912724 -5.638123 53.039551 -7.659912 0.67 -0.67 -7.9 -7.9 12.1826 13.0026 -0.0925 -0.0009 0.020764 0.057994 10.85 490 800 0.02 -11.89 -0.0000 -0.0000
0.792 2 1.618286 1.798096 -12.150331 4.753113 -76.469421 -3.211975 0.67 -0.67 -7.9 -7.9 -15.5433 -15.9091 -0.0945 -0.0009 0.020764 -0.084435 10.93 490 800 0.16 -30.12 0.0000 0.0000
0.807 2 -0.026372 -1.997085 -12.658593 -12.268066 101.455688 -19.813538 0.59 -0.59 -1.6 -4.5 -2.1811 3.3639 -0.0984 -0.0010 0.018168 0.034178 10.60 490 870 0.05 -6.84 0.0000 0.0000
0.822 2 1.198730 -0.198989 -10.716650 1.899719 -14.518738 -8.827209 0.67 -0.67 -7.9 -7.9 -17.1173 -16.9034 -0.1010 -0.0011 0.020764 -0.066304 10.92 490 790 0.15 -33.53 -0.0000 -0.0000
0.837 2 -0.465107 0.769585 -12.557900 -19.966125 115.493774 -9.719849 0.50 -0.50 2.2 -0.8 -2.0063 7.3096 -0.1054 -0.0012 0.015573 0.040935 10.58 490 840 0.04 2.58 0.0000 0.0000
0.852 2 1.153179 0.544224 -10.352236 -1.754761 2.655029 -4.814148 0.50 -0.50 -4.8 -4.4 -14.6986 -16.4911 -0.1070 -0.0012 0.015573 -0.047257 10.92 490 800 0.13 -14.85 0.0000 0.0000
0.867 2 -1.424092 1.929956 -11.735571 -13.732910 100.936890 0.625610 0.17 -0.17 -5.3 -1.8 12.5210 1.8448 -0.1098 -0.0012 0.005191 0.053958 10.82 490 840 0.03 0.25 0.0000 0.0000
0.882 2 2.256011 0.354824 -11.316015 -2.456665 -8.033752 9.628296 -0.17 0.17 -5.2 -2.9 -12.5210 -16.4911 -0.1114 -0.0012 -0.005191 -0.038618 11.09 490 810 0.12 -12.71 0.0000 0.0000
0.897 2 -0.592173 -1.488823 -10.985166 -9.567261 94.062805 -1.464844 -0.25 0.25 -2.3 -3.9 8.7243 12.4061 -0.1128 -0.0012 -0.007786 0.063499 10.73 490 800 0.02 2.15 0.0000 0.0000
0.912 2 2.097778 -1.946738 -11.515004 4.989624 -27.343750 -7.591248 0.00 -0.00 -6.9 -6.8 -14.8601 -15.0252 -0.1142 -0.0012 0.000000 -0.043971 11.00 490 770 0.12 -18.37 0.0000 0.0000
0.927 2 0.287695 -1.654248 -10.738227 -14.419556 92.254639 -14.648438 0.00 -0.00 0.8 1.0 9.5906 9.2621 -0.1163 -0.0012 0.000000 0.070481 10.87 490 770 0.01 5.65 0.0000 0.0000
0.942 2 2.723516 -1.225103 -10.786177 6.660461 -16.708374 -9.819031 0.00 -0.00 6.2 7.3 -13.6593 -15.5433 -0.1179 -0.0012 0.000000 -0.003717 11.01 490 770 0.08 7.01 0.0000 0.0000
0.957 2 -1.759736 -0.990151 -9.625805 -11.459351 73.745728 1.068115 0.00 -0.00 -8.0 -8.0 9.2621 11.1758 -0.1187 -0.0012 0.000000 0.091206 10.96 490 770 -0.01 -22.78 -0.0000 -0.0000
0.972 2 2.723516 -4.488047 -10.855702 11.154175 -5.363464 -7.080078 -0.08 0.08 1.4 2.3 -14.0861 -15.3667 -0.1213 -0.0012 -0.002595 0.012136 11.03 490 800 0.07 -2.71 0.0000 0.0000
0.987 2 -1.110024 2.680361 -9.884731 -17.234802 60.997009 12.062073 0.00 -0.00 -9.9 -9.9 10.7323 10.4827 -0.1207 -0.0012 0.000000 0.086213 12.94 490 770 -0.01 -29.28 -0.0000 -0.0000
1.002 2 6.008037 4.080478 -11.618095 -0.450134 30.044556 -10.337830 -0.17 0.17 9.0 9.0 -11.4599 -12.5210 -0.1243 -0.0012 -0.005191 0.035659 11.96 490 810 0.04 45.10 0.0000 0.0000
1.017 2 -6.334092 4.044517 -10.251543 -0.579834 20.591736 10.139465 -0.08 0.08 -9.0 -9.0 9.3908 10.4827 -0.1213 -0.0012 -0.002595 0.080263 12.04 490 810 -0.00 -70.00 0.0000 0.0000
1.032 2 5.068232 1.541567 -10.318671 -2.342224 24.673462 -16.044617 -0.08 0.08 7.7 7.7 -5.2010 -5.4970 -0.1241 -0.0012 -0.002595 0.062959 10.66 490 880 0.02 46.25 0.0000 0.0000
1.047 2 -6.305322 2.745093 -11.304028 4.806519 -41.595459 -10.391235 -0.08 0.08 -7.8 -7.8 10.1674 7.1549 -0.1193 -0.0012 -0.002595 0.059057 10.84 490 800 0.02 -70.00 0.0000 0.0000
1.062 2 2.632412 3.097519 -10.625546 -6.866455 -4.943848 -6.858826 -0.08 0.08 7.7 7.7 -3.4148 -2.9461 -0.1209 -0.0012 -0.002595 0.060082 10.73 490 870 0.02 28.06 0.0000 0.0000
1.077 2 -3.555434 4.106851 -11.920176 6.439209 -79.925537 -13.961792 0.00 -0.00 -7.7 -7.7 7.6833 8.7810 -0.1154 -0.0012 0.000000 0.058962 10.73 490 770 0.02 -62.30 0.0000 0.0000
1.092 2 6.744057 1.937148 -8.702783 -0.175476 -37.078857 0.389099 -0.00 0.00 7.8 7.8 -3.9425 8.0492 -0.1171 -0.0012 0.000000 0.084734 10.77 490 840 -0.00 56.63 0.0000 0.0000
1.107 2 1.143589 1.071665 -11.889009 8.911133 -98.464966 -5.752563 0.00 -0.00 -7.8 -7.8 6.3487 4.5840 -0.1126 -0.0012 0.000000 0.077499 10.79 490 840 0.00 -25.91 -0.0000 -0.0000
1.122 2 5.715547 -2.138535 -8.194521 6.408691 -44.158936 4.142761 -0.00 0.00 7.8 7.8 6.0369 3.8636 -0.1138 -0.0012 0.000000 0.105415 10.76 490 880 -0.03 62.31 0.0000 0.0000
1.137 2 -6.017627 3.689692 -11.105039 10.459900 -115.928650 -9.124756 0.08 -0.08 -7.6 -7.6 3.3307 4.8643 -0.1096 -0.0012 0.002595 0.070404 10.62 490 880 0.01 -66.74 -0.0000 -0.0000
1.152 2 5.262426 0.743213 -9.359687 -0.068665 -28.404236 -0.968933 -0.08 0.08 7.7 7.7 -4.2658 -6.2317 -0.1128 -0.0012 -0.002595 0.103921 10.69 490 870 -0.02 54.38 0.0000 0.0000
1.167 2 -1.105229 4.272275 -11.570147 8.171082 -94.535828 -0.663757 -0.33 0.33 -7.8 -7.8 2.7154 -2.4321 -0.1098 -0.0012 -0.010382 0.058941 10.81 490 880 0.02 -38.68 0.0000 0.0000
1.182 2 5.861792 -1.692607 -9.172686 -1.846313 -17.578125 8.468628 -0.42 0.42 7.1 7.1 -2.8772 -2.6360 -0.1132 -0.0012 -0.012977 0.113519 10.08 490 870 -0.03 56.58 0.0000 0.0000
1.197 2 -1.822070 1.685415 -10.457725 13.229370 -106.864929 -2.273560 -0.59 0.59 -7.8 -7.8 -4.1737 -9.4564 -0.1108 -0.0012 -0.018168 0.047931 10.77 490 840 0.03 -58.67 -0.0000 -0.0000
1.212 2 5.653213 -3.018403 -9.354893 -1.953125 -3.837585 4.158020 -0.84 0.84 7.1 7.1 -3.0733 -3.6157 -0.1146 -0.0011 -0.025955 0.104217 10.14 490 870 -0.02 61.33 0.0000 0.0000
1.227 2 -1.776518 -1.220308 -10.172426 11.627197 -92.369080 17.814636 -1.09 1.09 -7.9 -7.9 -6.8993 -10.7323 -0.1132 -0.0011 -0.033741 0.026933 10.85 490 800 0.05 -38.88 0.0000 0.0000
1.242 2 6.003242 -4.476059 -9.899116 -8.003235 29.182434 13.511658 -1.17 1.17 7.6 7.6 -2.7485 -3.1521 -0.1175 -0.0010 -0.036337 0.083706 10.62 490 870 -0.00 60.66 0.0000 0.0000
1.257 2 -4.818896 -4.826089 -9.491548 13.610840 -99.151611 13.130188 -1.42 1.42 -7.8 -7.8 -9.0756 -12.7573 -0.1165 -0.0010 -0.044123 -0.023367 10.82 490 800 0.10 -70.00 -0.0000 -0.0000
1.272 2 4.900410 -4.660664 -9.251801 -15.693665 61.363220 16.639709 -1.51 1.51 7.3 7.3 -2.7263 3.2982 -0.1203 -0.0009 -0.046719 0.058523 10.35 490 880 0.02 57.87 0.0000 0.0000
1.287 2 -1.505605 -1.493618 -9.582651 14.923096 -104.232788 5.294800 -1.34 1.34 -8.2 -8.2 -12.4061 -12.8788 -0.1207 -0.0008 -0.041528 -0.066823 11.22 490 800 0.15 -70.00 0.0000 0.0000
1.302 2 0.551416 -2.677964 -9.225430 -27.465820 61.248779 7.446289 -1.34 1.34 1.7 2.5 8.5587 11.0842 -0.1227 -0.0008 -0.041528 0.047763 10.81 490 810 0.03 9.95 0.0000 0.0000
1.317 2 0.652109 0.347632 -12.438027 17.280579 -112.243652 25.512695 -1.42 1.42 -8.0 -8.0 -13.1288 -16.0984 -0.1245 -0.0007 -0.044123 -0.097703 10.98 490 800 0.18 -40.98 0.0000 0.0000
1.332 2 -3.615371 -1.122012 -11.351977 -23.986816 45.822144 16.906738 -1.51 1.51 -8.0 -8.0 9.5230 10.3227 -0.1255 -0.0006 -0.046719 0.033166 11.03 490 790 0.05 -46.87 0.0000 0.0000
1.347 2 6.087153 -3.787988 -8.789091 -1.495361 -48.286438 42.724609 -1.67 1.67 8.2 8.2 -13.5227 -18.2739 -0.1291 -0.0005 -0.051910 -0.082079 11.23 490 800 0.16 34.13 0.0000 0.0000
1.362 2 -3.636948 3.680102 -10.752612 -22.529602 -37.857056 56.793213 -1.76 1.76 -7.7 -7.7 3.2585 -6.0640 -0.1289 -0.0005 -0.054505 -0.063182 10.69 490 870 0.14 -70.00 -0.0000 -0.0000
1.377 2 5.384697 -1.081255 -8.702783 -43.083191 48.171997 57.739258 -2.26 2.26 7.6 7.6 -4.2391 -8.1956 -0.1341 -0.0002 -0.070078 -0.029128 10.58 490 840 0.11 49.04 0.0000 0.0000
1.392 2 -5.439839 -2.064214 -7.650298 -23.651123 -83.168030 73.287964 -2.60 2.60 -7.9 -7.9 -12.7573 -13.7987 -0.1349 -0.0001 -0.080460 -0.117458 10.90 490 820 0.20 -70.00 -0.0000 -0.0000
1.407 2 -0.256528 -0.644917 -8.760322 -69.908142 109.436035 66.825867 -3.01 3.01 -7.3 -7.3 6.4702 4.2524 -0.1391 0.0003 -0.093437 -0.007908 10.33 490 880 0.09 -21.29 -0.0000 -0.0000
1.422 2 2.651592 1.093242 -9.899116 -47.904968 -31.326294 70.175171 -3.43 3.43 -4.1 4.2 -13.6593 -22.1684 -0.1429 0.0007 -0.106415 -0.122878 10.98 490 800 0.20 -8.53 0.0000 0.0000
1.437 2 -10.814946 1.392925 -15.988667 -42.350769 75.485229 46.417236 -3.85 3.85 -8.7 -8.7 7.2703 2.4321 -0.1443 0.0008 -0.119392 -0.004867 11.69 490 840 0.08 -70.00 0.0000 0.0000
1.452 2 4.792524 3.598589 -10.402583 -41.770935 55.160522 66.551208 -4.27 4.27 9.2 9.2 -12.0738 -17.1173 -0.1497 0.0015 -0.132370 -0.069718 12.15 490 810 0.15 30.42 0.0000 0.0000
1.467 2 -9.062402 4.154799 -7.902031 -3.196716 -5.432129 30.281067 -4.35 4.35 -7.7 -7.7 -11.5579 -8.1462 -0.1511 0.0017 -0.134965 -0.133234 10.74 490 810 0.21 -70.00 -0.0000 -0.0000
1.482 2 -2.809824 -1.088447 -9.527510 -14.358521 163.246155 17.257690 -4.35 4.35 -7.3 -7.3 2.8589 -2.1031 -0.1547 0.0022 -0.134965 -0.032751 10.33 490 880 0.11 -30.87 0.0000 0.0000
1.497 2 8.518178 7.163613 -13.183638 0.259399 -9.162903 5.683899 -4.52 4.52 7.0 8.1 -15.1940 -17.3368 -0.1583 0.0027 -0.140156 -0.119756 11.09 490 810 0.20 11.60 0.0000 0.0000
1.512 2 -10.390595 -1.455259 -7.307461 -7.682800 51.254272 25.062561 -4.77 4.77 -7.9 -7.9 4.9173 3.7048 -0.1593 0.0028 -0.147943 -0.053794 10.85 490 890 0.13 -70.00 -0.0000 -0.0000
1.527 2 7.393769 -2.174497 -10.110092 -2.441406 59.410095 17.730713 -4.77 4.77 8.9 8.9 -11.9670 -9.7286 -0.1641 0.0035 -0.147943 -0.063922 11.88 490 810 0.14 26.83 0.0000 0.0000
1.542 2 -11.865034 0.261323 -10.714252 -1.022339 14.549255 -16.632080 -4.61 4.61 -7.8 -7.8 -1.0810 -7.0799 -0.1645 0.0036 -0.142752 -0.044118 10.82 490 850 0.12 -70.00 0.0000 0.0000
1.557 2 5.307978 0.879868 -11.984907 -15.281677 114.685059 -3.852844 -4.69 4.69 7.7 7.7 -5.1222 -6.1747 -0.1694 0.0043 -0.145347 0.012426 10.74 490 870 0.07 47.22 0.0000 0.0000
1.572 2 -2.375884 -2.320742 -6.046396 14.343262 -24.406433 -19.454956 -4.69 4.69 -7.8 -7.8 -8.6132 -9.7286 -0.1694 0.0043 -0.145347 -0.042794 10.76 490 800 0.12 -69.64 0.0000 0.0000
1.587 2 -4.054106 2.704336 -12.097588 -1.548767 39.222717 -38.002014 -4.77 4.77 -7.9 -7.9 -4.6630 -5.3030 -0.1744 0.0050 -0.147943 0.003320 10.88 490 870 0.08 -37.58 -0.0000 -0.0000
1.602 2 5.346338 -0.580186 -9.436406 17.822266 26.588440 -5.767822 -4.35 4.35 8.3 8.3 -15.5433 -8.0016 -0.1778 0.0055 -0.134965 0.007204 11.26 490 810 0.07 31.54 0.0000 0.0000
1.617 2 -1.999482 1.172358 -9.755268 21.682739 1.319885 -15.388489 -3.77 3.77 -7.4 -7.4 -6.5013 -3.1969 -0.1788 0.0056 -0.116797 0.021515 10.38 490 880 0.06 -37.80 0.0000 0.0000
1.632 2 -0.196592 0.966177 -10.534443 15.907288 16.273499 -45.928955 -3.77 3.77 -4.9 0.8 -15.7241 -17.1173 -0.1856 0.0064 -0.116797 0.005323 12.06 490 800 0.07 -12.57 0.0000 0.0000
1.647 2 6.084756 -1.563144 -9.040825 23.506165 41.015625 -4.531860 -3.10 3.10 7.5 7.5 -9.1370 -3.1521 -0.1912 0.0071 -0.096033 0.057622 10.47 490 850 0.02 56.59 0.0000 0.0000
1.662 2 -7.746196 -7.393769 -8.381523 51.849365 -54.054260 -45.997620 -2.51 2.51 -7.3 -7.3 -3.5307 -4.3066 -0.1886 0.0068 -0.077865 0.025997 10.31 490 880 0.05 -70.00 -0.0000 -0.0000
1.677 2 4.181172 -4.085273 -7.424936 8.674622 40.771484 -2.861023 -2.26 2.26 8.0 8.0 -12.5210 -5.1029 -0.1932 0.0072 -0.070078 0.016033 11.01 490 850 0.06 28.22 0.0000 0.0000
1.692 2 -0.678481 -0.642520 -14.504639 49.819946 -24.459839 -39.825439 -1.84 1.84 -8.7 -8.6 8.9554 6.7613 -0.1894 0.0070 -0.057101 0.078494 11.66 490 830 0.00 -12.31 0.0000 0.0000
1.707 2 1.404912 -1.402515 -7.185190 43.487549 -36.590576 -42.846680 -2.01 2.01 -7.9 -7.9 -16.4911 -19.8863 -0.1930 0.0072 -0.062292 -0.041287 10.95 490 800 0.12 -30.38 -0.0000 -0.0000
1.722 2 1.318604 0.592173 -11.740366 29.953003 -58.746338 -67.001343 -2.34 2.34 4.4 7.7 -34.6736 -35.5860 -0.2054 0.0081 -0.072674 -0.078415 11.14 490 790 0.16 -15.14 0.0000 0.0000
1.737 2 -4.363379 -0.855894 -10.030976 43.266296 -84.556580 -60.516357 -2.18 2.18 -8.2 -8.2 -35.5860 -29.3972 -0.2191 0.0090 -0.067483 -0.090003 11.22 490 780 0.17 -70.00 -0.0000 -0.0000
1.752 2 -2.673169 -1.903584 -9.002465 51.788330 -84.091187 -55.023193 -1.93 1.93 -8.6 -8.6 -50.0841 -48.2953 -0.2374 0.0102 -0.059696 -0.135269 11.60 490 780 0.22 -69.05 0.0000 0.0000
1.767 2 -1.042895 -3.157456 -9.371675 48.896790 -93.635559 -53.543091 -1.84 1.84 -6.2 -9.0 -56.3446 -46.6300 -0.2600 0.0115 -0.057101 -0.155911 11.99 490 780 0.24 -57.10 -0.0000 -0.0000
1.782 2 -0.944600 -0.724033 -11.313618 51.872253 -109.786987 -50.491333 -1.76 1.76 -8.5 -5.2 -58.7943 -61.4668 -0.2835 0.0128 -0.054505 -0.182738 11.53 490 780 0.26 -63.59 0.0000 0.0000
1.797 2 -2.145727 0.031167 -9.160698 50.598145 -109.352112 -40.931702 -1.76 1.76 -8.5 -7.1 -61.4668 -64.3938 -0.3097 0.0142 -0.054505 -0.205922 11.53 490 780 0.29 -70.00 -0.0000 -0.0000
1.812 2 -2.045034 -0.973369 -11.301631 41.259766 -107.528687 -35.049438 -1.59 1.59 -5.2 -7.2 -71.1721 -64.3938 -0.3374 0.0157 -0.049314 -0.222808 11.90 490 780 0.30 -70.00 0.0000 0.0000
1.827 2 -1.565542 -2.368691 -10.870088 35.995483 -105.072021 -28.007507 -1.59 1.59 -7.1 -5.4 -67.6135 -67.6135 -0.3651 0.0171 -0.049314 -0.240643 11.77 490 760 0.32 -70.00 -0.0000 -0.0000
1.842 2 -3.080737 0.414761 -10.589584 14.511108 -96.992493 -20.820618 -1.51 1.51 -7.1 -7.2 -67.6135 -64.3938 -0.3930 0.0184 -0.046719 -0.255947 11.83 490 770 0.34 -70.00 0.0000 0.0000
1.857 2 -2.431025 -2.807427 -10.623149 6.454468 -84.999084 -13.481140 -1.34 1.34 -7.0 -5.6 -67.6135 -67.6135 -0.4212 0.0196 -0.041528 -0.268816 11.75 490 770 0.35 -70.00 -0.0000 -0.0000
1.872 2 -1.982700 0.297285 -9.815205 -9.246826 -77.537537 -5.905151 -1.26 1.26 -7.0 -5.6 -67.6135 -67.6135 -0.4491 0.0207 -0.038932 -0.274839 11.83 490 770 0.35 -70.00 0.0000 0.0000
1.887 2 -1.659043 -2.570078 -10.843716 -16.120911 -74.111938 -1.502991 -1.26 1.26 -7.0 -5.6 -67.6135 -67.6135 -0.4768 0.0217 -0.038932 -0.267260 11.77 490 770 0.35 -70.00 -0.0000 -0.0000
1.902 2 -1.764531 1.095640 -8.791489 -23.582458 -73.631287 5.508423 -1.17 1.17 -6.9 -5.7 -67.6135 -67.6135 -0.5048 0.0228 -0.036337 -0.256092 11.82 490 770 0.34 -70.00 0.0000 0.0000
1.917 2 -1.445669 -0.369209 -10.577598 -17.158508 -73.486328 7.659912 -1.17 1.17 -6.9 -7.4 -67.6135 -64.3938 -0.5325 0.0238 -0.036337 -0.246626 11.85 490 780 0.33 -70.00 -0.0000 -0.0000
1.932 2 -1.572734 0.076719 -8.539756 -8.285522 -72.181702 13.420105 -1.17 1.17 -8.6 -5.7 -64.3938 -67.6135 -0.5607 0.0249 -0.036337 -0.238939 11.85 490 780 0.32 -70.00 0.0000 0.0000
1.947 2 -1.877212 -0.776777 -10.225170 -4.158020 -70.739746 16.571045 -1.09 1.09 -6.9 -5.7 -67.6135 -67.6135 -0.5882 0.0258 -0.033741 -0.234492 11.85 490 780 0.31 -70.00 -0.0000 -0.0000
1.962 2 -1.781313 -1.249077 -8.695591 4.562378 -66.017151 22.193909 -1.09 1.09 -6.9 -5.7 -67.6135 -67.6135 -0.6159 0.0268 -0.033741 -0.238478 11.79 490 770 0.32 -70.00 0.0000 0.0000
1.977 2 -1.973110 -0.213374 -9.354893 8.186340 -57.296753 25.619507 -1.00 1.00 -8.8 -7.5 -61.4668 -64.3938 -0.6443 0.0277 -0.031146 -0.248399 11.85 490 790 0.33 -70.00 -0.0000 -0.0000
1.992 2 -1.814878 -1.321001 -9.532305 18.524170 -51.383972 28.198242 -1.00 1.00 -6.8 -7.5 -67.6135 -64.3938 -0.6720 0.0286 -0.031146 -0.248163 11.75 490 780 0.33 -70.00 0.0000 0.0000
2.007 2 -1.968315 0.170220 -8.369535 21.682739 -47.607422 34.088135 -0.92 0.92 -6.8 -7.5 -67.6135 -64.3938 -0.7000 0.0294 -0.028550 -0.246966 11.82 490 780 0.33 -70.00 -0.0000 -0.0000
2.022 2 -2.011470 -1.824468 -10.066938 27.717590 -43.655396 35.949707 -0.92 0.92 -6.8 -7.5 -67.6135 -64.3938 -0.7277 0.0302 -0.028550 -0.237435 11.83 490 770 0.32 -70.00 0.0000 0.0000
2.037 2 -2.172100 0.175015 -7.880454 27.198792 -35.873413 40.679932 -1.00 1.00 -6.8 -5.7 -67.6135 -67.6135 -0.7553 0.0310 -0.031146 -0.241479 11.74 490 760 0.32 -70.00 -0.0000 -0.0000
2.052 2 -2.452602 -0.999741 -10.443339 26.580811 -27.076721 40.832520 -1.00 1.00 -6.8 -7.5 -67.6135 -64.3938 -0.7830 0.0319 -0.031146 -0.252009 11.71 490 770 0.33 -70.00 0.0000 0.0000
2.067 2 -2.323140 0.067129 -7.820518 27.153015 -16.609192 46.752930 -0.92 0.92 -8.5 -5.8 -64.3938 -67.6135 -0.8110 0.0327 -0.028550 -0.258476 11.77 490 770 0.34 -70.00 -0.0000 -0.0000
2.082 2 -2.253613 -0.870278 -9.580254 26.199341 -6.950378 47.470093 -1.00 1.00 -6.8 -5.7 -67.6135 -67.6135 -0.8389 0.0335 -0.031146 -0.262910 11.85 490 770 0.34 -70.00 0.0000 0.0000
2.097 2 -2.836196 -0.992549 -8.614077 22.933960 3.967285 49.591064 -0.92 0.92 -8.5 -5.8 -64.3938 -67.6135 -0.8669 0.0344 -0.028550 -0.264148 11.83 490 780 0.34 -70.00 -0.0000 -0.0000
2.112 2 -2.354306 -0.551416 -9.000068 11.024475 14.663696 50.987244 -0.84 0.84 -8.5 -5.8 -64.3938 -67.6135 -0.8948 0.0351 -0.025955 -0.268210 11.79 490 780 0.35 -70.00 0.0000 0.0000
2.127 2 -2.917710 -1.493618 -9.577856 7.118225 25.779724 51.094055 -0.92 0.92 -6.8 -5.8 -67.6135 -67.6135 -0.9228 0.0359 -0.028550 -0.269938 11.83 490 780 0.35 -70.00 -0.0000 -0.0000
2.142 2 -3.301304 0.093501 -8.542153 -1.403809 37.788391 53.504944 -0.84 0.84 -6.7 -7.6 -67.6135 -64.3938 -0.9507 0.0366 -0.025955 -0.273819 11.85 490 770 0.35 -70.00 0.0000 0.0000
2.157 2 -3.330073 -1.330591 -10.198798 -1.052856 49.850464 49.163818 -0.84 0.84 -6.7 -7.6 -67.6135 -64.3938 -0.9789 0.0373 -0.025955 -0.276541 11.72 490 780 0.36 -70.00 -0.0000 -0.0000
2.172 2 -3.145469 0.568198 -8.623667 -6.317139 62.286377 49.903870 -0.84 0.84 -6.7 -5.8 -67.6135 -67.6135 -1.0066 0.0380 -0.025955 -0.278025 11.77 490 770 0.36 -70.00 0.0000 0.0000
2.187 2 -2.668374 -1.481631 -11.100244 -7.690430 67.474365 42.755127 -0.92 0.92 -6.5 -5.5 -67.6135 -67.6135 -1.0346 0.0388 -0.028550 -0.268708 11.75 490 780 0.35 -69.40 -0.0000 -0.0000
2.202 2 -2.512539 -0.158232 -8.510986 -9.979248 68.206787 42.251587 -0.92 0.92 -6.8 -7.5 -67.6135 -64.3938 -1.0623 0.0395 -0.028550 -0.250087 11.83 490 780 0.33 -70.00 0.0000 0.0000
2.217 2 -2.507744 -0.700059 -10.915639 -9.742737 69.122314 35.804749 -1.00 1.00 -4.5 -3.4 -64.3938 -64.3938 -1.0899 0.0403 -0.031146 -0.237601 11.64 490 780 0.32 -62.53 -0.0000 -0.0000
2.232 2 -2.977646 0.220566 -9.688139 -4.341125 67.413330 34.507751 -1.00 1.00 -7.4 -7.9 -64.3938 -61.4668 -1.1172 0.0411 -0.031146 -0.227580 12.09 490 790 0.31 -68.11 0.0000 0.0000
2.247 2 -2.642002 0.774380 -10.074131 -4.882812 67.398071 30.921936 -1.00 1.00 -8.5 -8.5 -64.3938 -61.4668 -1.1433 0.0419 -0.031146 -0.220934 11.49 490 780 0.30 -70.00 -0.0000 -0.0000
2.262 2 -2.478975 -0.388389 -11.900995 -4.211426 71.105957 25.230408 -1.00 1.00 -1.6 -2.3 -67.6135 -64.3938 -1.1703 0.0428 -0.031146 -0.221745 11.85 490 770 0.30 -60.44 0.0000 0.0000
2.277 2 -2.186484 -0.234951 -9.165493 -2.357483 66.589355 20.355225 -0.92 0.92 -5.5 -4.5 -61.4668 -61.4668 -1.1962 0.0436 -0.028550 -0.209456 11.68 490 780 0.29 -61.45 -0.0000 -0.0000
2.292 2 -1.122012 0.371606 -11.258476 -9.574890 63.095093 10.498047 -0.92 0.92 0.9 0.8 -56.3446 -54.0908 -1.2203 0.0443 -0.028550 -0.187611 11.79 490 770 0.27 -45.35 0.0000 0.0000
2.307 2 -2.169702 -0.803149 -10.673495 -8.354187 58.357239 2.082825 -1.00 1.00 -5.3 -4.1 -52.0104 -52.0104 -1.2423 0.0450 -0.031146 -0.170971 11.74 490 770 0.25 -52.14 -0.0000 -0.0000
2.322 2 -2.112163 -0.443530 -9.690536 -10.040283 58.799744 -7.644653 -1.00 1.00 -3.7 -3.8 -56.3446 -54.0908 -1.2652 0.0457 -0.031146 -0.169037 11.94 490 770 0.25 -53.14 0.0000 0.0000
2.337 2 -1.716582 0.117476 -8.937734 -9.887695 58.654785 -13.740540 -0.92 0.92 -5.7 -6.5 -52.0104 -48.2953 -1.2871 0.0463 -0.028550 -0.159412 12.26 490 780 0.24 -53.03 -0.0000 -0.0000
2.352 2 -0.978164 -0.146245 -9.736089 -10.536194 60.462952 -18.363953 -0.75 0.75 -1.9 -1.8 -45.0756 -43.6216 -1.3072 0.0468 -0.023359 -0.139724 11.93 490 780 0.22 -40.40 0.0000 0.0000
2.367 2 -2.246421 -0.119873 -10.807754 -9.811401 63.293457 -28.503418 -0.84 0.84 -7.7 -6.5 -45.0756 -45.0756 -1.3255 0.0473 -0.025955 -0.133549 11.30 490 780 0.21 -49.32 -0.0000 -0.0000
2.382 2 -1.841250 -0.819932 -9.980630 -9.681702 75.660706 -30.960083 -0.84 0.84 -5.8 -5.9 -48.2953 -46.6300 -1.3460 0.0478 -0.025955 -0.133928 11.82 490 780 0.21 -49.76 0.0000 0.0000
2.397 2 -1.265859 -1.433682 -10.721445 -16.036987 79.170227 -37.681580 -0.75 0.75 -1.3 0.8 -45.0756 -46.6300 -1.3663 0.0483 -0.023359 -0.129541 11.94 490 780 0.21 -37.97 -0.0000 -0.0000
2.412 2 -1.088447 -0.400376 -10.618354 -15.213013 79.383850 -45.852661 -0.75 0.75 -2.6 -2.8 -39.7726 -37.5630 -1.3840 0.0487 -0.023359 -0.113008 11.93 490 780 0.19 -36.49 0.0000 0.0000
2.427 2 -0.652109 0.374004 -10.174824 -13.786316 76.278687 -46.005249 -0.59 0.59 -4.2 -3.7 -30.0504 -29.3972 -1.3993 0.0490 -0.018168 -0.089455 11.87 490 790 0.17 -31.42 -0.0000 -0.0000
2.442 2 0.968574 0.057539 -9.839179 -15.754700 63.156128 -50.796509 -0.50 0.50 3.4 3.7 -25.5145 -24.5867 -1.4112 0.0492 -0.015573 -0.060723 11.93 490 780 0.14 -13.91 0.0000 0.0000
2.457 2 -0.004795 -1.205923 -9.999809 -17.967224 50.064087 -53.680420 -0.42 0.42 0.8 -0.8 -22.9198 -20.8041 -1.4202 0.0494 -0.012977 -0.038056 11.74 490 760 0.12 -17.97 -0.0000 -0.0000
2.472 2 0.071924 0.457915 -9.695332 -26.290894 45.616150 -52.871704 -0.42 0.42 -3.3 -2.3 -15.3667 -16.0984 -1.4291 0.0495 -0.012977 -0.020784 12.21 490 790 0.10 -17.44 0.0000 0.0000
2.487 2 0.429145 -0.748008 -9.709717 -31.753540 35.270691 -54.458618 -0.42 0.42 7.5 7.7 -22.9198 -21.4646 -1.4371 0.0496 -0.012977 -0.012469 11.42 490 770 0.09 -3.74 -0.0000 -0.0000
2.502 2 -0.982959 -1.810083 -10.474506 -35.949707 23.269653 -56.884766 -0.17 0.17 -8.6 -8.6 -16.4911 -13.9409 -1.4442 0.0497 -0.005191 -0.011190 11.64 490 810 0.09 -35.38 0.0000 0.0000
2.517 2 -0.270913 -2.088188 -8.942529 -36.186218 31.318665 -45.227051 -0.25 0.25 2.3 3.4 -15.1940 -16.4911 -1.4524 0.0497 -0.007786 -0.000275 11.49 490 810 0.08 -6.16 -0.0000 -0.0000
2.532 2 0.064731 0.311670 -10.901255 -33.569336 32.783508 -52.650452 -0.25 0.25 -1.5 -1.0 -23.7240 -23.7240 -1.4621 0.0498 -0.007786 -0.013061 11.61 490 760 0.09 -19.80 0.0000 0.0000
2.547 2 -0.899048 -0.019180 -10.922832 -25.100708 16.860962 -42.419434 -0.17 0.17 -3.7 -3.1 -24.5867 -25.0420 -1.4723 0.0498 -0.005191 -0.016492 11.79 490 770 0.10 -24.89 -0.0000 -0.0000
2.562 2 0.800752 3.562627 -10.474506 -20.561218 15.754700 -43.716431 -0.08 0.08 -1.6 -2.7 -5.9310 -3.5307 -1.4786 0.0499 -0.002595 0.018718 11.45 490 870 0.06 -7.25 -0.0000 -0.0000
2.577 2 1.862827 0.493877 -11.567749 -23.704529 4.425049 -39.237976 -0.08 0.08 4.4 4.7 -11.3636 -11.7589 -1.4818 0.0499 -0.002595 0.023288 11.75 490 800 0.06 0.47 0.0000 0.0000
2.592 2 -0.364414 0.465107 -10.407377 -14.678955 -4.966736 -29.022217 -0.08 0.08 -1.6 -2.2 -12.4061 -10.8182 -1.4866 0.0499 -0.002595 0.029576 11.94 490 790 0.05 -12.17 -0.0000 -0.0000
2.607 2 -0.314067 -0.362017 -10.186811 -10.879517 -6.385803 -32.875061 -0.00 0.00 -5.6 -5.5 -13.7987 -13.7987 -1.4920 0.0499 -0.000000 0.023597 11.64 490 780 0.06 -20.27 0.0000 0.0000
2.622 2 -0.788765 0.455518 -10.289902 -3.799438 -1.899719 -27.496338 -0.00 0.00 -4.5 -4.4 -21.1292 -21.1292 -1.5001 0.0499 -0.000000 0.006932 11.85 490 760 0.07 -24.16 -0.0000 -0.0000
2.637 2 0.611353 0.546621 -9.918296 2.090454 -1.190186 -23.170471 -0.08 0.08 2.3 2.4 -22.9198 -22.5378 -1.5107 0.0499 -0.002595 -0.002158 11.85 490 780 0.08 -13.76 0.0000 0.0000
2.652 2 0.855894 0.268516 -9.855962 5.615234 -6.370544 -16.792297 -0.08 0.08 -0.8 -0.8 -10.7323 -9.8706 -1.5172 0.0499 -0.002595 0.012951 11.85 490 800 0.07 -8.21 -0.0000 -0.0000
2.667 2 0.769585 0.033564 -9.896718 10.559082 -10.887146 -13.267517 -0.08 0.08 3.2 3.3 -11.1758 -11.0842 -1.5220 0.0499 -0.002595 0.026317 11.96 490 800 0.05 -3.14 0.0000 0.0000
2.682 2 0.074321 1.558350 -10.445737 10.620117 -17.593384 -10.650635 -0.00 0.00 -4.2 -3.4 -3.7773 -5.2414 -1.5246 0.0499 -0.000000 0.041161 11.96 490 860 0.04 -10.28 -0.0000 -0.0000
2.697 2 1.057280 -1.268257 -9.527510 11.451721 -15.594482 -6.523132 -0.08 0.08 0.8 0.8 -11.7589 -11.9670 -1.5280 0.0499 -0.002595 0.031797 11.25 490 800 0.05 -6.78 0.0000 0.0000
2.712 2 -0.613750 0.462710 -10.323466 3.608704 -7.507324 -1.434326 -0.08 0.08 -8.7 -8.5 -14.6986 -14.5405 -1.5345 0.0500 -0.002595 0.020315 11.91 490 800 0.06 -26.12 -0.0000 -0.0000
2.727 2 1.050088 -1.263462 -9.604228 -0.923157 1.106262 5.599976 -0.00 0.00 2.6 2.6 -17.1173 -16.6947 -1.5423 0.0500 -0.000000 0.016937 11.94 490 790 0.06 -8.29 0.0000 0.0000
2.742 2 0.175015 -0.556211 -9.453188 -2.517700 -0.457764 10.421753 -0.00 0.00 -5.2 -5.0 -9.7286 -9.5906 -1.5475 0.0500 -0.000000 0.025182 11.93 490 800 0.05 -16.50 -0.0000 -0.0000
2.757 2 0.539429 0.870278 -11.083462 1.838684 6.103516 15.563965 -0.00 0.00 -2.1 -2.0 -5.1029 -5.1811 -1.5512 0.0500 -0.000000 0.038938 11.85 490 860 0.04 -7.49 0.0000 0.0000
2.772 2 1.124409 0.733623 -10.201196 9.658813 4.638672 18.951416 -0.00 0.00 0.8 0.8 -4.7783 -4.4337 -1.5536 0.0500 -0.000000 0.047875 11.90 490 850 0.03 -2.25 0.0000 0.0000
2.787 2 0.242144 0.975767 -9.899116 18.402100 9.658813 22.094727 0.00 -0.00 -2.3 -1.5 -8.3473 -9.6591 -1.5556 0.0500 -0.000000 0.045330 11.56 490 800 0.03 -9.94 0.0000 0.0000
2.802 2 0.822329 -1.613491 -9.597035 24.536133 23.620605 24.223328 -0.08 0.08 2.8 2.8 -9.3908 -9.1991 -1.5610 0.0500 -0.002595 0.043106 11.85 490 800 0.04 -2.37 -0.0000 -0.0000
2.817 2 0.498672 -0.098296 -9.879936 24.421692 21.095276 26.542664 -0.00 0.00 -0.8 0.8 -3.6947 -4.0246 -1.5636 0.0500 -0.000000 0.048918 11.93 490 870 0.03 -3.18 0.0000 0.0000
2.832 2 0.841509 0.316465 -10.217978 22.895813 26.596069 27.305603 -0.00 0.00 -1.0 -1.0 -2.4950 -2.5371 -1.5652 0.0500 -0.000000 0.055094 11.87 490 860 0.02 -3.68 -0.0000 -0.0000
2.847 2 0.664097 0.095898 -10.289902 24.681091 29.487610 29.212952 -0.00 0.00 0.8 0.8 -1.9373 -2.1229 -1.5661 0.0500 -0.000000 0.065234 11.87 490 850 0.01 -0.50 0.0000 0.0000
2.862 2 0.831919 0.666494 -9.855962 29.335022 27.099609 28.877258 -0.00 0.00 0.8 0.9 -0.7043 -0.6724 -1.5661 0.0500 -0.000000 0.069932 11.94 490 850 0.01 1.56 0.0000 0.0000
2.877 2 0.745610 0.397979 -10.143657 33.607483 28.694153 27.778625 -0.08 0.08 0.8 0.8 0.4503 0.4256 -1.5654 0.0500 -0.002595 0.084084 11.96 490 870 -0.00 3.92 0.0000 0.0000
2.892 2 0.659302 0.314067 -9.983027 35.186768 28.579712 26.199341 -0.00 0.00 -0.8 -0.8 1.4556 1.6592 -1.5648 0.0500 -0.000000 0.082894 11.93 490 850 -0.00 0.68 0.0000 0.0000
2.907 2 0.326055 0.342837 -10.014194 30.105591 35.827637 23.841858 -0.00 0.00 -0.8 -0.8 -0.9885 -1.0299 -1.5652 0.0500 -0.000000 0.079148 11.93 490 850 0.00 -0.97 0.0000 0.0000
2.922 2 0.076719 -0.110283 -9.728896 26.115417 39.756775 22.117615 0.08 -0.08 -0.8 -1.3 -3.0185 -0.5484 -1.5658 0.0500 0.002595 0.071565 11.93 490 860 0.01 -3.89 -0.0000 -0.0000
2.937 2 0.915830 -0.141450 -9.975835 17.822266 41.595459 20.256042 0.00 -0.00 2.7 2.8 -2.8409 -2.8055 -1.5673 0.0500 -0.000000 0.070875 11.94 490 870 0.01 3.52 0.0000 0.0000
2.952 2 0.131860 -0.395581 -9.688139 11.695862 37.635803 22.705078 -0.00 0.00 -0.8 0.8 9.4564 8.0492 -1.5656 0.0500 -0.000000 0.097867 11.01 490 780 -0.02 6.85 0.0000 0.0000
2.967 2 1.311411 0.342837 -10.030976 3.494263 25.970459 12.527466 0.08 -0.08 1.7 1.8 12.0738 11.6575 -1.5606 0.0500 0.002595 0.110917 11.79 490 800 -0.03 13.13 0.0000 0.0000
2.982 2 0.853496 -0.201387 -9.884731 -1.251221 25.779724 13.977051 0.08 -0.08 -0.8 0.8 10.6478 9.4564 -1.5554 0.0500 0.002595 0.117250 11.82 490 800 -0.04 8.47 0.0000 0.0000
2.997 2 0.093501 0.831919 -10.119682 -4.722595 24.650574 10.437012 0.08 -0.08 -0.8 0.8 3.9310 2.6515 -1.5530 0.0500 0.002595 0.104806 11.80 490 860 -0.02 2.11 0.0000 0.0000
3.012 2 0.033564 0.143848 -9.788833 -3.479004 27.793884 10.421753 0.00 -0.00 -2.6 -2.5 5.6818 5.6345 -1.5516 0.0500 -0.000000 0.105784 11.85 490 860 -0.03 0.49 0.0000 0.0000
3.027 2 1.026113 -0.623340 -9.700127 -0.434875 25.550842 11.459351 0.08 -0.08 1.9 1.6 9.5230 9.8706 -1.5477 0.0500 0.002595 0.115244 11.98 490 800 -0.04 10.73 0.0000 0.0000
3.042 2 1.143589 0.076719 -9.676152 0.694275 24.169922 2.441406 0.00 -0.00 2.5 1.6 9.2621 10.6478 -1.5431 0.0500 -0.000000 0.119687 11.90 490 800 -0.04 11.64 0.0000 0.0000
3.057 2 0.685674 0.076719 -10.474506 4.753113 26.641846 4.158020 0.00 -0.00 0.0 0.0 5.8287 5.7543 -1.5395 0.0500 -0.000000 0.112113 11.93 490 870 -0.03 4.51 0.0000 0.0000
3.072 2 -0.081514 0.731226 -10.141259 10.177612 31.402588 0.144958 -0.00 0.00 -2.7 -2.1 3.0050 2.1533 -1.5383 0.0500 -0.000000 0.098392 11.82 490 840 -0.02 -2.79 0.0000 0.0000
3.087 2 1.133999 -0.119873 -10.184414 11.085510 33.256531 -2.197266 0.08 -0.08 4.1 3.2 1.5280 4.2658 -1.5381 0.0500 0.002595 0.098406 11.87 490 870 -0.02 10.79 0.0000 0.0000
3.102 2 1.889199 -0.045552 -9.851167 4.524231 20.652771 -1.754761 0.08 -0.08 2.0 1.7 11.7589 12.1826 -1.5341 0.0500 0.002595 0.113969 11.74 490 800 -0.03 12.92 0.0000 0.0000
3.117 2 0.592173 0.546621 -10.556020 -3.471375 15.830994 -7.545471 0.08 -0.08 -3.0 -2.7 13.0026 12.1826 -1.5276 0.0500 0.002595 0.122730 11.80 490 800 -0.04 5.12 0.0000 0.0000
3.132 2 0.479492 0.508262 -11.721186 -14.663696 16.326904 -3.868103 -0.00 0.00 -1.8 -1.3 7.1929 6.0913 -1.5246 0.0500 -0.000000 0.117394 11.63 490 820 -0.04 2.19 0.0000 0.0000
3.147 2 0.944600 0.350029 -11.095448 -29.792786 -10.780334 11.276245 0.25 -0.25 2.4 1.9 -1.9570 -3.2743 -1.5228 0.0500 0.007786 0.096495 11.04 490 870 -0.02 -1.15 0.0000 0.0000
3.162 2 1.644658 -0.213374 -10.390595 -24.620056 6.332397 7.179260 0.33 -0.33 7.9 7.9 7.7717 11.6575 -1.5230 0.0500 0.010382 0.117436 10.90 490 800 -0.04 31.23 0.0000 0.0000
3.177 2 1.774121 0.769585 -12.943892 2.166748 -13.420105 -12.184143 0.25 -0.25 0.8 2.5 16.0984 10.6478 -1.5168 0.0501 0.007786 0.124248 11.94 490 800 -0.04 12.03 0.0000 0.0000
3.192 2 0.409966 -3.186225 -9.414829 9.254456 -30.082703 -12.733459 -0.17 0.17 -7.0 -6.2 -1.7935 -8.3473 -1.5154 0.0501 -0.005191 0.074757 11.07 490 840 0.01 -17.00 0.0000 0.0000
3.207 2 0.067129 -0.273311 -10.642329 -4.981995 50.712585 -19.149780 -0.50 0.50 -2.8 1.2 11.0842 2.4722 -1.5170 0.0501 -0.015573 0.104796 10.77 490 830 -0.02 3.38 0.0000 0.0000
3.222 2 2.234433 -0.263721 -10.205991 7.392883 22.354126 -14.717102 -0.50 0.50 7.9 8.4 -4.0008 -3.0525 -1.5154 0.0501 -0.015573 0.086445 11.39 490 870 -0.01 12.61 0.0000 0.0000
3.237 2 -0.254131 0.374004 -10.613559 -3.364563 15.487671 -8.819580 -0.17 0.17 -4.7 -5.7 17.3368 21.4646 -1.5109 0.0501 -0.005191 0.127903 11.03 490 790 -0.05 2.90 0.0000 0.0000
3.252 2 4.653471 -0.527441 -9.352495 0.358582 4.936218 4.638672 -0.00 0.00 8.9 8.9 20.4889 20.8041 -1.5029 0.0500 -0.000000 0.150575 11.88 490 750 -0.07 49.00 0.0000 0.0000
3.267 2 0.752803 -0.160630 -10.927627 3.326416 -23.216248 -2.212524 0.08 -0.08 -0.8 0.9 6.5644 4.8468 -1.4963 0.0500 0.002595 0.125611 11.47 490 870 -0.05 3.01 0.0000 0.0000
3.282 2 0.326055 -0.824727 -10.721445 2.296448 -2.334595 7.072449 0.08 -0.08 -1.8 -2.0 1.7359 2.2168 -1.4954 0.0500 0.002595 0.100899 11.82 490 870 -0.02 -4.72 0.0000 0.0000
3.297 2 0.390786 0.297285 -9.621011 -6.210327 41.641235 -3.829956 -0.00 0.00 -1.2 -1.2 0.6436 0.7228 -1.4952 0.0500 -0.000000 0.087437 11.83 490 860 -0.01 -3.01 0.0000 0.0000
3.312 2 1.237090 0.031167 -10.654316 -4.997253 57.762146 -7.408142 -0.00 0.00 4.3 3.5 0.6436 2.5371 -1.4952 0.0500 -0.000000 0.088082 11.82 490 850 -0.01 9.91 0.0000 0.0000
3.327 2 2.550898 0.345234 -9.661767 -12.390137 22.293091 -3.097534 -0.00 0.00 8.0 8.0 21.8108 22.9198 -1.4896 0.0500 -0.000000 0.142704 11.04 490 760 -0.06 33.73 0.0000 0.0000
3.342 2 1.349770 -0.342837 -11.356772 -1.197815 -25.924683 -2.555847 -0.00 0.00 -0.9 -0.9 39.7726 39.7726 -1.4751 0.0501 -0.000000 0.205867 11.22 490 760 -0.13 28.86 0.0000 0.0000
3.357 2 2.315947 -1.172358 -10.599174 14.205933 -65.849304 2.540588 -0.17 0.17 -1.8 -0.8 22.9198 21.4646 -1.4607 0.0500 -0.005191 0.189028 11.96 490 770 -0.11 16.32 0.0000 0.0000
3.372 2 -1.426489 -0.433940 -10.551226 11.032104 -85.586548 6.454468 -0.17 0.17 -7.5 -7.5 3.1595 4.6311 -1.4562 0.0500 -0.005191 0.120794 10.52 490 870 -0.04 -28.24 0.0000 0.0000
3.387 2 4.116440 -0.812739 -10.690278 -2.197266 29.960632 6.484985 -0.00 0.00 7.4 7.4 2.3682 6.8643 -1.4578 0.0500 -0.000000 0.143519 10.44 490 820 -0.06 47.84 0.0000 0.0000
3.402 2 -2.867363 -1.189141 -8.235278 6.927490 -14.404297 19.554138 0.17 -0.17 -5.8 -6.8 3.2429 4.5226 -1.4534 0.0500 0.005191 0.102089 10.47 490 870 -0.02 -7.79 0.0000 0.0000
3.417 2 4.140415 -1.241885 -10.625546 -4.676819 13.877869 8.232117 0.25 -0.25 8.1 8.1 14.2344 15.7241 -1.4512 0.0500 0.007786 0.136824 11.06 490 800 -0.06 28.01 0.0000 0.0000
3.432 2 0.261323 -0.100693 -11.054692 0.518799 -38.185120 12.069702 0.25 -0.25 -5.0 -6.2 5.3030 6.2317 -1.4452 0.0501 0.007786 0.107708 10.66 490 880 -0.03 -6.66 -0.0000 -0.0000
3.447 2 3.694487 -0.143848 -10.915639 -7.507324 7.637024 15.464783 0.08 -0.08 7.8 7.8 17.1173 15.3667 -1.4427 0.0501 0.002595 0.150115 10.84 490 800 -0.07 35.69 0.0000 0.0000
3.462 2 1.033306 -0.448325 -9.688139 6.568909 -71.258545 17.539978 -0.00 0.00 -7.9 -7.3 4.1608 2.8772 -1.4373 0.0501 -0.000000 0.080657 10.88 490 850 -0.00 -8.49 -0.0000 -0.0000
3.477 2 1.512798 -0.366812 -9.800820 -1.716614 -16.571045 13.969421 -0.08 0.08 -0.8 0.0 17.5619 17.1173 -1.4347 0.0501 -0.002595 0.135403 10.92 490 800 -0.06 12.32 0.0000 0.0000
3.492 2 1.843647 0.462710 -10.299492 6.561279 -60.249329 11.703491 -0.00 0.00 8.6 3.9 -9.8706 3.7985 -1.4297 0.0501 -0.000000 0.110869 11.60 490 840 -0.03 10.94 0.0000 0.0000
3.507 2 1.855635 -4.986719 -9.503535 -2.296448 -24.909973 23.307800 -0.25 0.25 7.9 8.9 16.9034 15.7241 -1.4254 0.0501 -0.007786 0.135764 11.93 490 800 -0.06 28.62 0.0000 0.0000
3.522 2 1.332988 -0.357222 -9.714512 8.666992 -49.850464 18.798828 -0.25 0.25 -0.8 0.8 -10.8182 -11.4599 -1.4238 0.0501 -0.007786 0.070257 10.96 490 800 0.01 -2.65 -0.0000 -0.0000
3.537 2 0.256528 0.136655 -10.642329 -3.517151 11.764526 15.777588 0.08 -0.08 -0.8 -3.0 8.6684 12.8788 -1.4238 0.0501 0.002595 0.115052 11.14 490 800 -0.04 5.81 0.0000 0.0000
3.552 2 3.008813 0.680879 -10.678290 5.020142 -35.835266 9.452820 -0.00 0.00 9.1 9.1 3.4585 2.8469 -1.4208 0.0501 -0.000000 0.112582 12.12 490 850 -0.03 23.33 0.0000 0.0000
3.567 2 0.213374 -2.785850 -8.669218 7.804871 -59.036255 18.203735 -0.08 0.08 -9.1 -8.3 21.1292 20.1831 -1.4146 0.0501 -0.002595 0.139638 12.42 490 760 -0.06 -0.65 0.0000 0.0000
3.582 2 2.968056 0.999741 -10.184414 4.158020 -70.289612 -0.762939 -0.17 0.17 8.9 8.9 -3.9083 -5.4748 -1.4136 0.0501 -0.005191 0.109046 11.94 490 870 -0.03 16.52 0.0000 0.0000
3.597 2 -1.076460 1.757339 -11.323208 8.270264 -41.732788 7.019043 -0.17 0.17 -9.0 -9.0 11.8620 14.5405 -1.4088 0.0500 -0.005191 0.110606 11.99 490 800 -0.03 -16.49 0.0000 0.0000
3.612 2 5.104194 0.978164 -10.496083 5.752563 -40.802002 -8.514404 -0.00 0.00 8.0 8.0 -10.9941 -12.0738 -1.4100 0.0500 -0.000000 0.040802 11.00 490 780 0.04 24.67 0.0000 0.0000
3.627 2 2.980044 2.639604 -10.968384 -9.277344 3.128052 4.005432 -0.17 0.17 -3.4 -2.4 14.6986 14.2344 -1.4079 0.0500 -0.005191 0.092621 12.07 490 800 -0.01 10.05 0.0000 0.0000
3.642 2 1.831660 -0.839111 -10.404980 3.852844 -39.093018 -9.620667 -0.00 0.00 -1.0 -0.8 -9.9432 -10.7323 -1.4088 0.0500 -0.000000 0.051698 11.87 490 780 0.03 -4.10 -0.0000 -0.0000
3.657 2 1.148384 2.320742 -11.783520 -5.691528 -16.036987 -1.838684 -0.17 0.17 -6.8 -5.8 10.1674 8.6132 -1.4067 0.0500 -0.005191 0.105632 12.23 490 800 -0.03 -3.82 -0.0000 -0.0000
3.672 2 6.967021 1.730967 -11.661249 2.052307 -50.949097 -15.640259 -0.08 0.08 8.0 8.0 -14.6986 -15.3667 -1.4098 0.0500 -0.002595 0.044738 11.01 490 810 0.04 20.45 0.0000 0.0000
3.687 2 -0.994946 2.256011 -11.627686 -13.298035 10.307312 -14.366150 -0.67 0.67 -8.3 -8.3 13.3888 10.5646 -1.4096 0.0500 -0.020764 0.113753 11.33 490 790 -0.03 -20.32 0.0000 0.0000
3.702 2 2.749888 0.019180 -11.992099 -1.258850 -39.192200 0.411987 -0.67 0.67 -1.0 1.3 -14.2344 -14.0861 -1.4120 0.0500 -0.020764 0.031826 11.25 490 800 0.05 -6.74 -0.0000 -0.0000
3.717 2 -2.438218 -0.203784 -10.719048 -8.399963 25.779724 -23.757935 -0.67 0.67 -8.3 -8.3 10.0168 9.5906 -1.4128 0.0501 -0.020764 0.101191 11.33 490 800 -0.02 -26.20 -0.0000 -0.0000
3.732 2 -1.939546 0.285298 -11.049897 0.312805 -34.057617 -8.712769 -0.50 0.50 -8.0 -8.0 -14.5405 -14.2344 -1.4152 0.0501 -0.015573 0.018184 10.98 490 800 0.06 -27.04 -0.0000 -0.0000
3.747 2 -0.628135 1.081255 -11.795507 -14.144897 43.037415 -19.813538 -0.67 0.67 -7.7 -4.3 11.1758 9.9432 -1.4172 0.0501 -0.020764 0.088154 11.07 490 800 -0.01 -4.50 0.0000 0.0000
3.762 2 -0.244541 2.198472 -10.649521 1.670837 -43.930054 -9.353638 -0.67 0.67 -8.1 -8.1 -12.4061 -12.2934 -1.4180 0.0501 -0.020764 -0.001713 11.09 490 800 0.08 -30.46 0.0000 0.0000
3.777 2 0.843906 2.037842 -11.843456 -8.438110 29.167175 -16.937256 -0.67 0.67 -0.8 1.3 7.7273 2.5088 -1.4212 0.0502 -0.020764 0.066652 10.43 490 840 0.01 8.07 0.0000 0.0000
3.792 2 -0.501069 0.935010 -9.318931 11.802673 -72.425842 -5.249023 -0.59 0.59 -8.0 -8.0 -11.4599 -8.9554 -1.4210 0.0502 -0.018168 0.000331 11.00 490 800 0.08 -30.57 -0.0000 -0.0000
3.807 2 0.618545 -1.757339 -9.767256 1.106262 -14.320374 -19.081116 -0.59 0.59 1.8 2.5 2.8650 3.8970 -1.4246 0.0503 -0.018168 0.076739 10.62 490 870 0.00 8.03 0.0000 0.0000
3.822 2 0.616147 -0.129463 -9.872744 17.501831 -95.611572 -0.411987 -0.42 0.42 -7.8 -7.8 -12.4061 -11.9670 -1.4250 0.0503 -0.012977 0.017554 10.77 490 800 0.06 -22.62 0.0000 0.0000
3.837 2 1.052485 -1.229897 -10.939614 -3.677368 -8.537292 -32.363892 -0.25 0.25 2.4 1.8 2.6567 5.6111 -1.4283 0.0503 -0.007786 0.077094 10.54 490 880 0.00 9.38 0.0000 0.0000
3.852 2 -4.526406 -0.580186 -9.429214 13.267517 -101.974487 -5.577087 -0.00 0.00 -8.1 -8.1 -13.5227 -12.1826 -1.4293 0.0503 -0.000000 -0.036435 11.07 490 780 0.12 -70.00 0.0000 0.0000
3.867 2 -1.915571 -0.417158 -11.960932 -10.910034 23.620605 -38.375854 -0.17 0.17 -7.7 -7.7 9.3260 2.3934 -1.4325 0.0503 -0.005191 0.026455 10.73 490 840 0.05 -26.68 -0.0000 -0.0000
3.882 2 2.622822 0.700059 -12.418847 8.758545 -49.102783 -10.772705 -0.08 0.08 -8.1 -8.1 -17.7930 -17.7930 -1.4363 0.0503 -0.002595 -0.105535 11.11 490 800 0.19 -48.37 0.0000 0.0000
3.897 2 -7.264307 0.160630 -10.699868 -16.403198 67.077637 -32.752991 -0.25 0.25 -9.2 -9.2 2.2241 2.4453 -1.4395 0.0503 -0.007786 -0.021605 12.20 490 880 0.10 -66.74 0.0000 0.0000
3.912 2 1.733364 -0.508262 -11.793110 -10.665894 39.985657 -27.252197 -0.08 0.08 5.1 5.7 -20.4889 -21.4646 -1.4460 0.0503 -0.002595 -0.098941 11.30 490 770 0.18 -2.56 0.0000 0.0000
3.927 2 -2.229639 -3.032788 -10.951601 -8.895874 73.501587 -34.492493 -0.17 0.17 -7.9 -7.9 -1.4893 -4.1354 -1.4486 0.0503 -0.005191 -0.040532 10.85 490 880 0.12 -44.12 0.0000 0.0000
3.942 2 8.043481 -1.567939 -9.851167 -13.946533 96.366882 -50.384521 -0.08 0.08 8.4 8.4 -18.0303 -17.5619 -1.4564 0.0504 -0.002595 -0.043934 11.36 490 800 0.12 59.21 0.0000 0.0000
3.957 2 -6.981406 -0.520249 -7.880454 -4.272461 56.312561 -42.304993 0.08 -0.08 -7.8 -7.8 -7.5970 -5.1811 -1.4580 0.0504 0.002595 -0.025464 10.79 490 840 0.11 -70.00 0.0000 0.0000
3.972 2 5.240849 -0.182207 -9.549087 -15.312195 133.895874 -56.617737 0.17 -0.17 7.5 7.5 -10.0168 -10.7323 -1.4659 0.0503 0.005191 0.007833 10.54 490 810 0.07 65.77 0.0000 0.0000
3.987 2 -6.732070 -2.625220 -6.789609 4.005432 46.867371 -43.334961 0.25 -0.25 -7.8 -7.8 -9.1991 -9.7286 -1.4665 0.0503 0.007786 -0.026342 10.79 490 800 0.11 -70.00 0.0000 0.0000
4.002 2 3.565024 0.448325 -9.107954 -19.363403 150.733948 -44.418335 0.33 -0.33 7.0 7.0 -6.9347 -7.1172 -1.4735 0.0503 0.010382 0.042458 10.00 490 800 0.04 55.11 0.0000 0.0000
4.017 2 -2.471782 -0.196592 -8.791489 4.531860 45.005798 -34.812927 0.42 -0.42 -7.7 -7.7 -8.6684 -10.0168 -1.4733 0.0503 0.012977 -0.007797 10.71 490 800 0.09 -43.94 -0.0000 -0.0000
4.032 2 1.404912 -1.136396 -8.913759 -11.756897 122.459412 -26.092529 0.34 -0.34 7.4 7.4 2.5906 -2.7209 -1.4775 0.0502 0.010382 0.068623 10.36 490 880 0.01 25.77 0.0000 0.0000
4.047 2 -0.290093 -0.117476 -10.196401 6.393433 16.235352 -17.395020 0.08 -0.08 -7.9 -7.9 -5.2414 -10.8182 -1.4765 0.0502 0.002595 0.018748 10.90 490 840 0.06 -25.21 -0.0000 -0.0000
4.062 2 -0.076719 -0.067129 -9.592241 -12.084961 85.601807 -11.413574 0.08 -0.08 6.6 6.1 8.8384 10.1674 -1.4781 0.0502 0.002595 0.095547 10.82 490 790 -0.02 18.50 0.0000 0.0000
4.077 2 0.326055 -1.491221 -11.169770 3.456116 -28.739929 -4.158020 0.00 -0.00 -7.8 -7.8 -5.3239 -10.4021 -1.4763 0.0502 -0.000000 0.020629 10.82 490 840 0.06 -21.64 -0.0000 -0.0000
4.092 2 0.750405 -1.184346 -10.050156 -9.078979 71.090698 -1.632690 -0.00 0.00 7.9 7.9 13.0026 13.5227 -1.4767 0.0502 -0.000000 0.117944 10.87 490 770 -0.04 24.88 0.0000 0.0000
4.107 2 2.896133 -0.234951 -11.656455 5.966187 -44.548035 -0.175476 -0.00 0.00 7.1 7.7 -11.4599 -12.5210 -1.4751 0.0502 -0.000000 0.044603 10.90 490 780 0.04 10.79 0.0000 0.0000
4.122 2 -1.980303 -1.160371 -10.074131 -7.911682 44.288635 -0.366211 0.17 -0.17 -8.0 -8.0 11.8620 13.6593 -1.4747 0.0502 0.005191 0.134422 11.01 490 800 -0.05 -16.46 0.0000 0.0000
4.137 2 1.994687 -0.759995 -11.558159 4.188538 -41.007996 -0.808716 -0.00 0.00 6.7 7.7 -6.3190 -9.4564 -1.4735 0.0502 -0.000000 0.069537 10.79 490 820 0.01 9.03 0.0000 0.0000
4.152 2 -0.215771 1.496016 -12.900737 -11.199951 26.252747 4.158020 -0.00 0.00 3.2 3.2 16.0984 16.2924 -1.4707 0.0502 -0.000000 0.135690 10.95 490 780 -0.06 14.60 0.0000 0.0000
4.167 2 -0.731226 -4.262685 -10.937217 14.411926 -60.539246 4.447937 -0.00 0.00 -7.9 -7.9 -9.3908 -10.9941 -1.4695 0.0502 -0.000000 0.041467 10.85 490 780 0.04 -17.91 -0.0000 -0.0000
4.182 2 -2.140933 -1.759736 -10.599174 -4.417419 20.378113 -7.316589 -0.00 0.00 -8.7 -8.7 12.8788 13.0026 -1.4683 0.0502 -0.000000 0.128289 12.48 490 780 -0.05 -9.09 0.0000 0.0000
4.197 2 4.313032 -0.381196 -10.445737 0.053406 -12.619019 -8.621216 -0.08 0.08 9.3 9.3 5.9051 -4.6153 -1.4689 0.0502 -0.002595 0.108641 12.26 490 870 -0.03 44.26 0.0000 0.0000
4.212 2 -5.010693 3.787988 -13.171650 -1.464844 -52.230835 -4.364014 -0.08 0.08 -8.6 -8.6 18.7815 16.6947 -1.4625 0.0502 -0.002595 0.130961 11.56 490 800 -0.05 -54.07 -0.0000 -0.0000
4.227 2 2.944082 0.882266 -9.304545 -1.258850 -31.524658 -3.135681 -0.17 0.17 8.8 8.8 7.6399 -3.0594 -1.4627 0.0502 -0.005191 0.106452 11.77 490 840 -0.03 30.72 0.0000 0.0000
4.242 2 -4.260288 5.101797 -11.052295 -2.075195 -65.338135 -8.529663 -0.17 0.17 -8.3 -8.3 11.2689 9.8706 -1.4570 0.0502 -0.005191 0.105605 11.31 490 800 -0.03 -55.39 -0.0000 -0.0000
4.257 2 8.093828 1.850840 -7.921211 -6.507874 -17.448425 4.409790 -0.25 0.25 7.8 7.8 -2.7997 -2.6938 -1.4580 0.0502 -0.007786 0.103559 10.82 490 860 -0.02 70.00 0.0000 0.0000
4.272 2 -3.893476 1.074062 -10.414570 6.874084 -74.409485 -3.059387 -0.25 0.25 -7.2 -7.2 7.5970 5.6580 -1.4528 0.0502 -0.007786 0.097809 10.20 490 830 -0.02 -64.38 -0.0000 -0.0000
4.287 2 4.864448 -1.344976 -8.347959 -6.057739 14.678955 -2.670288 -0.00 0.00 7.4 7.4 2.3766 9.5906 -1.4534 0.0502 -0.000000 0.145170 10.41 490 840 -0.07 63.04 0.0000 0.0000
4.302 2 -0.035962 -1.946738 -9.350098 18.623352 -85.502625 -9.223938 -0.00 0.00 -1.0 -0.8 -4.0854 -7.3895 -1.4494 0.0502 -0.000000 0.092302 10.39 490 830 -0.01 -6.73 -0.0000 -0.0000
4.317 2 2.138535 -1.642261 -8.328779 -6.797791 12.039185 -11.238098 -0.08 0.08 7.8 7.8 13.6593 13.5227 -1.4488 0.0502 -0.002595 0.170572 10.79 490 790 -0.09 48.41 0.0000 0.0000
4.332 2 2.927300 -2.119355 -10.824535 23.681641 -107.124329 0.984192 -0.17 0.17 1.3 1.9 -6.5644 -9.2621 -1.4458 0.0502 -0.005191 0.074223 10.81 490 840 0.01 -0.25 0.0000 0.0000
4.347 2 -1.330591 -0.198989 -8.359946 -2.578735 3.128052 -4.936218 -0.42 0.42 -8.0 -8.0 16.2924 11.8620 -1.4452 0.0502 -0.012977 0.150142 11.00 490 810 -0.07 -15.29 0.0000 0.0000
4.362 2 8.086636 2.296767 -12.382885 19.104004 -69.190979 10.307312 -0.42 0.42 9.2 9.2 -8.9554 -9.6591 -1.4452 0.0502 -0.012977 0.078256 12.15 490 810 0.00 12.36 0.0000 0.0000
4.377 2 -6.988598 3.586601 -10.517661 -2.502441 -23.590088 9.460449 -0.25 0.25 -8.1 -8.1 11.1758 13.0026 -1.4423 0.0501 -0.007786 0.136868 11.09 490 810 -0.06 -51.01 -0.0000 -0.0000
4.392 2 8.309599 1.390527 -10.594379 2.601624 -32.638550 1.136780 -0.25 0.25 8.6 8.6 -10.0168 -9.3908 -1.4452 0.0502 -0.007786 0.084438 11.60 490 800 -0.00 47.38 0.0000 0.0000
4.407 2 -1.160371 -3.243765 -9.992617 -2.220154 -39.276123 -12.825012 -0.00 0.00 -7.7 -7.7 4.3481 4.3905 -1.4425 0.0502 -0.000000 0.090439 10.71 490 850 -0.01 -30.36 0.0000 0.0000
4.422 2 5.689175 -1.771724 -6.835161 -1.922607 26.596069 -1.594543 -0.00 0.00 7.7 7.7 -4.4926 -6.7277 -1.4466 0.0502 -0.000000 0.094238 10.73 490 860 -0.01 70.00 0.0000 0.0000
4.437 2 -1.949136 0.371606 -9.609023 6.912231 -49.652100 -22.178650 0.08 -0.08 -7.3 -7.3 3.4235 3.2274 -1.4431 0.0502 0.002595 0.047061 10.28 490 870 0.03 -69.14 0.0000 0.0000
4.452 2 6.216616 0.064731 -6.607402 -9.582520 43.487549 -7.118225 -0.17 0.17 7.6 7.6 -3.7459 -4.5531 -1.4470 0.0502 -0.005191 0.085095 10.57 490 870 -0.01 70.00 0.0000 0.0000
4.467 2 -5.569302 1.534375 -10.695073 5.447388 -35.461426 -4.005432 -0.50 0.50 -7.7 -7.7 2.6884 -2.8114 -1.4446 0.0502 -0.015573 0.033653 10.74 490 890 0.05 -58.93 -0.0000 -0.0000
4.482 2 7.269101 3.351650 -8.410293 -17.738342 81.565857 3.158569 -0.75 0.75 6.9 6.9 5.9051 7.0066 -1.4488 0.0502 -0.023359 0.091320 9.86 490 840 -0.01 70.00 0.0000 0.0000
4.497 2 -5.746714 -0.119873 -9.290161 14.511108 -39.161682 7.400513 -0.84 0.84 -7.8 -7.8 -2.3315 -7.2314 -1.4470 0.0502 -0.025955 0.003154 10.77 490 850 0.08 -70.00 0.0000 0.0000
4.512 2 4.066093 0.429145 -7.717426 -16.319275 115.112305 -11.764526 -0.84 0.84 7.5 7.5 2.5088 3.5586 -1.4502 0.0503 -0.025955 0.099949 10.50 490 890 -0.02 70.00 0.0000 0.0000
4.527 2 -2.351909 -2.186484 -10.786177 14.068604 -40.580750 -8.377075 -0.75 0.75 -7.8 -7.8 -10.0916 -7.1172 -1.4488 0.0502 -0.023359 -0.016863 10.79 490 800 0.10 -54.96 -0.0000 -0.0000
4.542 2 0.338042 -0.242144 -7.357807 -17.364502 95.184326 -16.113281 -0.75 0.75 3.7 4.8 13.5227 13.5227 -1.4492 0.0503 -0.023359 0.098783 10.84 490 790 -0.02 15.32 0.0000 0.0000
4.557 2 4.552778 -0.793560 -10.625546 12.054443 -65.704346 -11.077881 -0.84 0.84 1.9 3.8 -11.6575 -13.3888 -1.4478 0.0502 -0.025955 -0.009252 10.88 490 800 0.09 2.00 0.0000 0.0000
4.572 2 -1.841250 -0.362017 -7.762978 -12.641907 68.885803 -20.393372 -0.75 0.75 -8.0 -8.0 11.3636 13.2575 -1.4476 0.0502 -0.023359 0.108835 10.98 490 810 -0.03 -24.84 -0.0000 -0.0000
4.587 2 -0.738418 -0.091104 -12.102383 15.823364 -44.578552 -16.990662 -0.67 0.67 -3.8 -2.6 -13.5227 -13.9409 -1.4490 0.0503 -0.020764 0.014146 10.88 490 790 0.07 -10.86 -0.0000 -0.0000
4.602 2 1.299424 7.307461 -10.467314 -41.412354 72.746277 -13.526917 -0.59 0.59 3.7 4.4 13.0026 13.3888 -1.4480 0.0502 -0.018168 0.142066 11.18 490 800 -0.06 11.89 0.0000 0.0000
4.617 2 -0.630532 -3.183828 -12.087997 15.655518 -43.464661 -15.350342 -0.59 0.59 -0.9 0.8 -13.1288 -13.5227 -1.4488 0.0503 -0.018168 0.029597 10.88 490 790 0.05 -6.02 0.0000 0.0000
4.632 2 1.584722 3.744834 -11.268066 -32.241821 58.151245 -15.602112 -0.59 0.59 4.6 4.9 12.5210 13.6593 -1.4472 0.0502 -0.018168 0.145367 10.93 490 800 -0.07 13.13 0.0000 0.0000
4.647 2 2.215254 -1.992290 -11.503017 11.421204 -58.990479 -14.091492 -0.50 0.50 5.0 4.0 -12.0738 -9.1991 -1.4470 0.0502 -0.015573 0.038462 11.04 490 800 0.04 6.40 0.0000 0.0000
4.662 2 3.205405 -0.920625 -9.635395 -16.090393 51.757812 -16.067505 -0.33 0.33 3.9 3.4 14.2344 15.1940 -1.4454 0.0502 -0.010382 0.143506 11.00 490 800 -0.06 14.30 0.0000 0.0000
4.677 2 3.521870 -1.838853 -11.131411 11.276245 -77.323914 -9.712219 -0.25 0.25 5.7 5.0 -11.5579 -9.7286 -1.4448 0.0502 -0.007786 0.033074 11.06 490 800 0.05 8.21 0.0000 0.0000
4.692 2 0.978164 0.736021 -8.796284 -28.327942 43.098450 -18.493652 -0.08 0.08 0.8 -1.9 12.6380 16.0984 -1.4427 0.0502 -0.002595 0.132602 11.12 490 800 -0.05 6.50 0.0000 0.0000
4.707 2 1.342578 -4.344199 -11.040307 21.789551 -65.895081 -14.854431 -0.33 0.33 -1.8 1.1 -7.7717 -12.2934 -1.4425 0.0502 -0.010382 0.018107 10.98 490 800 0.06 -1.53 -0.0000 -0.0000
4.722 2 0.050347 -1.244282 -8.956914 -27.175903 55.427551 -1.876831 -0.50 0.50 -7.9 -7.9 15.1940 13.2575 -1.4413 0.0502 -0.015573 0.130074 10.92 490 790 -0.05 -12.34 -0.0000 -0.0000
4.737 2 -0.263721 -3.536255 -11.654058 14.587402 -48.484802 0.709534 -0.42 0.42 -3.9 -3.8 -13.2575 -12.5210 -1.4419 0.0502 -0.012977 0.030837 10.93 490 800 0.05 -11.27 0.0000 0.0000
4.752 2 -1.088447 4.519214 -9.532305 -43.228149 71.861267 -4.859924 -0.50 0.50 -6.5 -6.5 13.6593 14.5405 -1.4405 0.0502 -0.015573 0.153702 10.98 490 800 -0.07 -6.85 0.0000 0.0000
4.767 2 2.452602 -4.986719 -11.637275 10.337830 -44.105530 -3.578186 -0.59 0.59 3.8 4.6 -9.9432 -9.5906 -1.4403 0.0502 -0.018168 0.051696 11.11 490 800 0.03 6.07 0.0000 0.0000
4.782 2 4.123633 7.734209 -11.639672 -41.824341 58.853149 -6.103516 -0.50 0.50 7.9 7.9 15.1940 15.9091 -1.4377 0.0501 -0.015573 0.170253 10.92 490 800 -0.09 49.46 0.0000 0.0000
4.797 2 3.917451 -3.078340 -12.147934 17.356873 -63.743591 -13.694763 -0.67 0.67 7.9 7.9 -6.2605 -10.3227 -1.4365 0.0501 -0.020764 0.053716 10.93 490 840 0.03 26.76 0.0000 0.0000
4.812 2 3.941426 6.945444 -11.059487 -9.773254 25.848389 11.642456 -0.67 0.67 7.9 7.9 17.1173 18.2739 -1.4329 0.0500 -0.020764 0.156996 10.87 490 800 -0.08 27.80 0.0000 0.0000
4.827 2 1.884404 -1.937148 -13.325088 13.534546 -73.265076 -11.245728 -0.75 0.75 -7.9 -7.2 -9.8706 -9.5230 -1.4327 0.0500 -0.023359 0.041148 11.85 490 810 0.04 -15.51 0.0000 0.0000
4.842 2 -3.183828 -4.639087 -7.597553 -1.899719 28.633118 0.373840 -0.59 0.59 -7.9 -7.9 14.3858 16.4911 -1.4303 0.0500 -0.018168 0.161484 10.88 490 800 -0.08 -24.41 -0.0000 -0.0000
4.857 2 3.807168 -0.848701 -13.269946 11.962891 -57.159424 -7.331848 -0.67 0.67 -1.1 0.8 -8.0016 -8.7243 -1.4305 0.0500 -0.020764 0.069787 12.47 490 800 0.01 -3.00 -0.0000 -0.0000
4.872 2 -6.902290 -19.639999 -7.010176 16.494751 20.668030 2.090454 -0.67 0.67 -9.0 -9.0 17.3368 16.9034 -1.4265 0.0499 -0.020764 0.171670 12.01 490 800 -0.09 -22.57 0.0000 0.0000
4.887 2 8.405498 0.004795 -14.437510 19.996643 -65.681458 -3.234863 -0.75 0.75 5.7 6.3 -10.0916 -9.2621 -1.4267 0.0499 -0.023359 0.050524 12.31 490 810 0.03 9.60 0.0000 0.0000
4.902 2 0.860688 -6.139897 -10.922832 1.426697 15.678406 4.585266 -0.50 0.50 1.9 1.4 10.6478 12.7573 -1.4236 0.0499 -0.015573 0.143610 11.61 490 810 -0.06 9.22 0.0000 0.0000
4.917 2 6.827969 2.706733 -14.511830 14.709473 -33.576965 -13.534546 -0.42 0.42 8.8 8.8 -7.7273 -7.2314 -1.4250 0.0499 -0.012977 0.051307 11.79 490 810 0.03 38.97 0.0000 0.0000
4.932 2 -3.596191 -13.023007 -10.117285 15.640259 15.586853 -16.746521 -0.33 0.33 -9.4 -9.4 13.5227 14.5405 -1.4212 0.0498 -0.010382 0.128992 12.37 490 800 -0.05 -52.67 -0.0000 -0.0000
4.947 2 7.856479 4.634292 -14.792334 11.024475 -44.883728 -24.635315 -0.17 0.17 8.8 8.8 -9.7991 -7.0066 -1.4224 0.0498 -0.005191 0.038228 11.77 490 810 0.04 42.05 0.0000 0.0000
4.962 2 -9.244609 -2.229639 -12.272602 6.996155 -1.319885 -22.323608 0.08 -0.08 -8.9 -8.9 12.7573 12.2934 -1.4186 0.0499 0.002595 0.124014 11.93 490 810 -0.04 -47.20 0.0000 0.0000
4.977 2 5.367915 -1.642261 -14.185776 11.940002 -60.348511 -3.982544 -0.00 0.00 3.7 4.5 -6.3487 -7.8166 -1.4196 0.0499 -0.000000 0.028597 12.12 490 840 0.05 8.55 0.0000 0.0000
4.992 2 -8.199316 -3.392407 -13.430575 9.658813 -14.320374 -11.116028 0.08 -0.08 -8.0 -8.0 11.1758 10.7323 -1.4154 0.0499 0.002595 0.100138 11.04 490 810 -0.02 -39.93 0.0000 0.0000
5.007 2 3.056763 2.661181 -13.569629 8.811951 -53.588867 -7.240295 -0.00 0.00 8.2 8.2 -11.4599 -12.2934 -1.4176 0.0499 -0.000000 0.008091 11.22 490 790 0.07 22.12 0.0000 0.0000
5.022 2 6.231001 -9.107954 -10.870088 4.768372 15.838623 -7.034302 0.17 -0.17 -0.9 -1.7 11.2689 11.3636 -1.4156 0.0499 0.005191 0.082794 11.79 490 810 -0.00 6.74 0.0000 0.0000
5.037 2 6.573838 1.872417 -13.102123 17.822266 -56.694031 -16.563416 0.25 -0.25 8.3 8.3 -14.6986 -13.1288 -1.4182 0.0498 0.007786 -0.004232 11.31 490 800 0.08 21.35 0.0000 0.0000
5.052 2 -3.234175 4.569561 -12.229448 -25.947571 33.096313 -4.516602 0.25 -0.25 -8.1 -8.1 13.9409 12.2934 -1.4174 0.0498 0.007786 0.093139 11.12 490 810 -0.01 -30.16 -0.0000 -0.0000
5.067 2 1.706992 -2.162510 -12.505156 15.441895 -65.902710 1.968384 0.08 -0.08 -7.9 -7.9 -13.2575 -13.7987 -1.4194 0.0498 0.002595 -0.015111 10.92 490 800 0.10 -29.47 0.0000 0.0000
5.082 2 -3.876694 0.347632 -10.951601 -19.622803 50.781250 -0.610352 0.08 -0.08 -8.3 -8.3 10.1674 11.4599 -1.4202 0.0498 0.002595 0.091785 11.33 490 800 -0.01 -30.87 -0.0000 -0.0000
5.097 2 -3.675308 0.767187 -11.889009 6.500244 -48.446655 5.851746 -0.00 0.00 -7.9 -7.9 -13.3888 -15.0252 -1.4220 0.0498 -0.000000 -0.014021 10.87 490 790 0.09 -30.91 -0.0000 -0.0000
5.112 2 -1.493618 -0.026372 -11.083462 -17.883301 85.334778 0.144958 -0.00 0.00 -3.9 -4.0 6.7277 9.2621 -1.4240 0.0498 -0.000000 0.080348 11.11 490 820 -0.00 -3.18 0.0000 0.0000
5.127 2 0.045552 -3.030391 -11.023525 7.308960 -24.635315 -4.096985 0.08 -0.08 -8.1 -8.1 -15.7241 -15.3667 -1.4267 0.0498 0.002595 -0.031919 11.09 490 790 0.11 -34.00 -0.0000 -0.0000
5.142 2 -2.646797 -0.853496 -11.464658 -19.065857 87.509155 -7.164001 0.08 -0.08 -7.9 -7.9 10.9054 10.6478 -1.4279 0.0498 0.002595 0.090481 10.87 490 800 -0.01 -13.74 0.0000 0.0000
5.157 2 -1.018921 0.079116 -11.598916 7.049561 -27.320862 -1.159668 -0.08 0.08 -5.5 -4.2 -13.5227 -15.5433 -1.4303 0.0498 -0.002595 -0.002223 10.98 490 800 0.08 -15.15 0.0000 0.0000
5.172 2 0.942202 0.371606 -12.248628 -10.505676 42.396545 -1.029968 -0.00 0.00 -3.8 -4.7 8.4517 10.1674 -1.4305 0.0498 -0.000000 0.093676 11.17 490 790 -0.01 -4.54 0.0000 0.0000
5.187 2 4.770947 -2.807427 -11.503017 18.226624 -53.001404 -10.047913 -0.00 0.00 5.4 5.6 -15.7241 -16.0984 -1.4337 0.0498 -0.000000 0.010465 11.01 490 780 0.07 3.49 0.0000 0.0000
5.202 2 -0.987754 2.315947 -11.920176 -13.092041 21.514893 -6.271362 -0.08 0.08 -8.8 -8.8 9.0756 11.1758 -1.4339 0.0498 -0.002595 0.101863 11.85 490 800 -0.02 -27.37 0.0000 0.0000
5.217 2 6.211821 -1.599106 -11.277656 13.580322 -49.293518 -13.343811 -0.00 0.00 8.0 8.0 -15.9091 -16.6947 -1.4373 0.0498 -0.000000 -0.001728 10.98 490 810 0.08 9.50 0.0000 0.0000
5.232 2 0.079116 2.121753 -12.879160 -22.209167 36.262512 -5.401611 -0.00 0.00 -4.9 -6.6 6.3190 8.0492 -1.4377 0.0498 -0.000000 0.075670 11.60 490 830 0.00 -6.87 0.0000 0.0000
5.247 2 6.365259 0.870278 -12.548310 8.796692 -19.256592 -19.897461 -0.00 0.00 7.9 7.9 -16.9034 -18.5242 -1.4421 0.0498 -0.000000 -0.036824 10.90 490 770 0.12 24.53 0.0000 0.0000
5.262 2 -1.047690 -6.005640 -8.880195 -15.342712 51.887512 -3.875732 -0.25 0.25 -7.9 -7.9 6.7277 4.0366 -1.4427 0.0498 -0.007786 0.031998 10.87 490 870 0.05 -34.22 -0.0000 -0.0000
5.277 2 4.847666 -1.776518 -11.749956 -7.339478 41.053772 -22.094727 -0.17 0.17 9.3 9.3 -16.2924 -16.4911 -1.4486 0.0499 -0.005191 -0.043451 12.26 490 800 0.12 9.27 0.0000 0.0000
5.292 2 -10.743022 -1.709390 -6.928662 -0.297546 48.667908 -18.112183 -0.17 0.17 -7.7 -7.7 -3.9540 -4.3066 -1.4486 0.0498 -0.005191 -0.005833 10.73 490 890 0.09 -70.00 -0.0000 -0.0000
5.307 2 7.949980 1.937148 -9.282969 -17.517090 109.214783 -30.242920 -0.17 0.17 8.1 8.1 -10.5646 -11.3636 -1.4554 0.0499 -0.005191 0.001471 11.14 490 800 0.08 70.00 0.0000 0.0000
5.322 2 -4.272275 -2.028252 -6.355669 8.132935 40.473938 -25.489807 -0.25 0.25 -7.8 -7.8 -2.1602 -8.2961 -1.4552 0.0499 -0.007786 -0.021283 10.77 490 850 0.10 -70.00 -0.0000 -0.0000
5.337 2 5.248042 0.079116 -8.017109 -18.585205 134.956360 -36.491394 -0.25 0.25 7.3 7.3 -7.3895 -6.9347 -1.4617 0.0499 -0.007786 0.057525 10.25 490 800 0.02 70.00 0.0000 0.0000
5.352 2 -4.588740 3.675308 -9.851167 10.482788 25.634766 -32.379150 -0.08 0.08 -7.7 -7.7 -3.3307 -2.0772 -1.4609 0.0499 -0.002595 0.007534 10.73 490 890 0.07 -58.95 -0.0000 -0.0000
5.367 2 3.030391 -1.536772 -7.317050 -9.628296 111.808777 -31.669617 -0.08 0.08 7.2 7.2 -3.5774 -2.7100 -1.4653 0.0499 -0.002595 0.086832 10.19 490 870 -0.01 68.82 0.0000 0.0000
5.382 2 -4.116440 -2.373486 -10.879678 10.086060 -17.173767 -25.077820 0.08 -0.08 -7.7 -7.7 -2.2613 -4.9716 -1.4625 0.0499 0.002595 0.012823 10.71 490 880 0.07 -67.18 -0.0000 -0.0000
5.397 2 4.138018 -0.604160 -7.609541 -10.803223 97.473145 -31.578064 0.17 -0.17 7.5 7.5 -2.3850 5.1222 -1.4659 0.0499 0.005191 0.101908 10.47 490 880 -0.02 60.89 0.0000 0.0000
5.412 2 -2.800234 -3.449946 -11.452670 17.425537 -37.162781 -23.056030 0.17 -0.17 -7.8 -7.8 2.3037 -2.3808 -1.4631 0.0499 0.005191 0.023366 10.77 490 890 0.06 -48.40 -0.0000 -0.0000
5.427 2 1.349770 0.376401 -8.108212 -15.991211 73.600769 -24.604797 0.17 -0.17 7.8 7.8 10.5646 11.8620 -1.4643 0.0500 0.005191 0.126387 10.79 490 790 -0.05 47.44 0.0000 0.0000
5.442 2 1.330591 3.025596 -11.946548 16.181946 -71.815491 -10.681152 0.17 -0.17 -7.8 -7.8 -10.1674 -9.5230 -1.4619 0.0500 0.005191 0.032363 10.84 490 800 0.05 -22.81 -0.0000 -0.0000
5.457 2 -1.208320 -0.592173 -8.997670 -8.865356 77.217102 -20.408630 0.08 -0.08 6.7 7.7 11.6575 9.5906 -1.4629 0.0500 0.002595 0.161020 10.95 490 800 -0.08 14.78 0.0000 0.0000
5.472 2 1.740557 -3.440356 -11.759545 21.583557 -43.815613 -5.355835 0.00 -0.00 7.9 7.9 -11.3636 -13.0026 -1.4627 0.0500 -0.000000 0.074988 10.87 490 800 0.01 6.55 0.0000 0.0000
5.487 2 5.037066 2.713926 -11.831470 -12.214661 63.026428 -11.863708 0.08 -0.08 7.9 7.9 12.8788 13.9409 -1.4613 0.0500 0.002595 0.186395 10.95 490 800 -0.11 38.87 0.0000 0.0000
5.502 2 2.289575 -1.941943 -12.272602 19.844055 -53.321838 -7.522583 -0.08 0.08 8.7 8.7 -8.5587 -8.2455 -1.4608 0.0500 -0.002595 0.088531 11.69 490 800 -0.01 14.88 0.0000 0.0000
5.517 2 -4.114043 4.989116 -11.402324 -17.448425 10.643005 -2.090454 -0.08 0.08 -7.9 -7.9 17.5619 16.4911 -1.4568 0.0500 -0.002595 0.153971 10.92 490 800 -0.07 -42.56 -0.0000 -0.0000
5.532 2 9.493945 -1.603901 -11.922573 12.886047 -51.681519 -11.940002 -0.08 0.08 9.0 9.0 -10.0168 -9.5906 -1.4572 0.0500 -0.002595 0.065543 12.01 490 800 0.01 44.85 0.0000 0.0000
5.547 2 -4.090068 8.177739 -12.521938 -19.790649 13.763428 -7.308960 0.08 -0.08 -8.3 -8.3 11.7589 11.6575 -1.4544 0.0500 0.002595 0.154264 11.30 490 800 -0.07 -16.95 0.0000 0.0000
5.562 2 7.022163 0.292490 -13.253163 4.150391 -31.005859 -8.026123 -0.00 0.00 8.1 8.1 -6.7953 -7.3096 -1.4558 0.0500 -0.000000 0.084919 11.07 490 810 -0.00 25.61 0.0000 0.0000
5.577 2 -2.932095 2.829004 -10.093310 6.576538 -23.872375 -3.967285 -0.00 0.00 -7.9 -7.9 19.5981 19.0460 -1.4502 0.0500 -0.000000 0.163056 10.92 490 800 -0.08 -43.61 0.0000 0.0000
5.592 2 12.145536 0.119873 -13.099726 6.896973 -69.587708 -9.941101 -0.17 0.17 7.9 7.9 -4.4483 -5.1029 -1.4502 0.0500 -0.005191 0.098171 10.92 490 870 -0.02 33.72 0.0000 0.0000
5.607 2 -10.484097 -2.716323 -8.733950 12.184143 -39.535522 1.319885 -0.17 0.17 -9.0 -9.0 15.9091 12.7573 -1.4454 0.0499 -0.000000 0.164316 12.02 490 810 -0.08 -58.13 0.0000 0.0000
5.622 2 8.525371 1.807685 -13.334678 12.710571 -90.980530 0.167847 -0.42 0.42 2.8 4.9 -7.3096 -10.3227 -1.4456 0.0499 -0.012977 0.056273 11.94 490 810 0.02 7.67 0.0000 0.0000
5.637 2 -2.275190 2.080996 -11.143398 -20.332336 -5.126953 10.604858 -0.67 0.67 -8.9 -8.9 13.1288 13.6593 -1.4438 0.0499 -0.020764 0.145919 11.94 490 800 -0.07 -25.31 0.0000 0.0000
5.652 2 3.550640 0.781572 -12.042446 15.190125 -54.199219 -7.904053 -0.50 0.50 8.0 8.0 -13.3888 -11.2689 -1.4454 0.0499 -0.015573 0.065061 11.04 490 800 0.01 21.17 0.0000 0.0000
5.667 2 -0.584980 -0.558608 -10.683085 -8.834839 12.756348 10.078430 -0.67 0.67 -7.9 -7.9 13.3888 12.8788 -1.4438 0.0499 -0.020764 0.156908 10.95 490 800 -0.08 -17.46 -0.0000 -0.0000
5.682 2 2.318345 -5.746714 -11.248886 22.689819 -64.453125 -1.380920 -0.59 0.59 0.8 1.0 -11.9670 -11.8620 -1.4448 0.0499 -0.018168 0.067742 11.33 490 800 0.01 -5.67 -0.0000 -0.0000
5.697 2 -2.246421 -1.798096 -10.011797 -9.735107 22.354126 -0.633240 -0.50 0.50 -8.0 -8.0 11.9670 13.5227 -1.4438 0.0499 -0.015573 0.161642 10.96 490 800 -0.08 -19.11 -0.0000 -0.0000
5.712 2 -0.903843 -2.860171 -11.999291 15.289307 -74.203491 -2.571106 -0.42 0.42 -8.1 -8.1 -12.2934 -11.6575 -1.4444 0.0499 -0.012977 0.045269 11.06 490 800 0.03 -29.93 0.0000 0.0000
5.727 2 -1.510400 -0.805547 -10.014194 -11.978149 48.240662 -3.997803 -0.59 0.59 -4.7 -2.0 13.5227 10.2445 -1.4448 0.0499 -0.018168 0.152495 10.90 490 800 -0.07 -3.32 0.0000 0.0000
5.742 2 -0.268516 0.752803 -12.572285 12.321472 -56.816101 8.567810 -0.50 0.50 -7.9 -7.9 -13.5227 -14.0861 -1.4458 0.0499 -0.015573 0.035357 10.93 490 800 0.04 -23.53 -0.0000 -0.0000
5.757 2 -1.805288 -0.992549 -9.815205 -10.772705 63.751221 -8.125305 -0.42 0.42 -4.0 -3.2 12.7573 12.1826 -1.4464 0.0499 -0.012977 0.141793 10.88 490 810 -0.06 -3.43 0.0000 0.0000
5.772 2 1.637466 -1.222705 -11.435888 14.015198 -53.802490 -3.768921 -0.59 0.59 -3.2 -1.7 -11.5579 -12.6380 -1.4464 0.0499 -0.018168 0.024505 11.07 490 810 0.06 -7.66 0.0000 0.0000
5.787 2 -0.460312 0.278105 -10.529648 -12.100220 61.485291 1.785278 -0.75 0.75 -2.0 0.8 13.6593 12.4061 -1.4468 0.0499 -0.023359 0.127810 10.88 490 800 -0.05 3.67 0.0000 0.0000
5.802 2 2.788247 1.500811 -12.095190 6.355286 -68.283081 -0.808716 -0.67 0.67 -6.6 -5.2 -11.3636 -12.6380 -1.4462 0.0499 -0.020764 0.003122 10.90 490 800 0.08 -13.72 0.0000 0.0000
5.817 2 1.505605 1.321001 -9.187070 -13.809204 76.583862 -8.338928 -0.67 0.67 7.9 7.9 6.9347 7.8620 -1.4482 0.0500 -0.020764 0.117438 10.88 490 800 -0.04 27.00 0.0000 0.0000
5.832 2 -0.515454 -1.189141 -10.889267 12.214661 -56.236267 -4.219055 -0.67 0.67 -7.9 -7.9 -9.5230 -11.2689 -1.4474 0.0500 -0.020764 0.009586 10.92 490 800 0.07 -28.42 -0.0000 -0.0000
5.847 2 1.318604 -1.970713 -7.110869 -9.651184 89.721680 -12.458801 -0.59 0.59 7.5 7.5 7.8620 11.4599 -1.4496 0.0500 -0.018168 0.121821 10.46 490 800 -0.04 37.36 0.0000 0.0000
5.862 2 -0.448325 -0.493877 -11.121821 15.289307 -54.763794 -7.667542 -0.59 0.59 -7.9 -7.9 -11.6575 -11.9670 -1.4484 0.0500 -0.018168 0.017837 10.85 490 800 0.06 -34.71 0.0000 0.0000
5.877 2 1.026113 -0.920625 -7.803735 -11.451721 93.765259 -15.930176 -0.59 0.59 7.7 7.7 7.0431 9.0151 -1.4508 0.0500 -0.018168 0.135397 10.73 490 800 -0.06 39.63 0.0000 0.0000
5.892 2 0.151040 0.299683 -12.450014 13.862610 -46.974182 -14.488220 -0.67 0.67 -7.8 -7.8 -5.2211 -10.5646 -1.4490 0.0500 -0.020764 0.025192 10.84 490 820 0.05 -31.13 0.0000 0.0000
5.907 2 3.303701 -1.076460 -7.142036 -9.635925 87.898254 -15.258789 -0.59 0.59 7.7 7.7 2.1811 9.0756 -1.4512 0.0500 -0.018168 0.126965 10.74 490 850 -0.05 67.68 0.0000 0.0000
5.922 2 -3.807168 -1.879609 -11.097846 17.524719 -58.731079 -10.780334 -0.59 0.59 -7.8 -7.8 -2.4148 -2.6567 -1.4480 0.0500 -0.018168 0.014589 10.79 490 880 0.07 -69.97 -0.0000 -0.0000
5.937 2 7.209165 -0.652109 -6.365259 -11.734009 93.940735 -20.050049 -0.59 0.59 7.6 7.6 7.7717 -2.4234 -1.4512 0.0500 -0.018168 0.111127 10.58 490 850 -0.03 70.00 0.0000 0.0000
5.952 2 -7.343422 2.378281 -11.414311 7.667542 -34.332275 -14.587402 -0.67 0.67 -7.6 -7.6 -4.1866 -5.5421 -1.4486 0.0500 -0.020764 0.031577 10.57 490 890 0.05 -66.97 -0.0000 -0.0000
5.967 2 6.163872 1.846045 -6.465952 -15.701294 93.994141 -18.333435 -0.59 0.59 7.6 7.6 3.7459 2.5229 -1.4512 0.0501 -0.018168 0.122104 10.57 490 880 -0.04 70.00 0.0000 0.0000
5.982 2 -4.394546 -0.019180 -11.704404 13.946533 -52.108765 -17.143250 -0.59 0.59 -7.3 -7.3 -3.2351 -3.0388 -1.4472 0.0500 -0.018168 0.050922 10.35 490 880 0.03 -67.42 0.0000 0.0000
5.997 2 8.901772 -1.536772 -6.298130 -11.734009 83.419800 -14.656067 -0.67 0.67 7.7 7.7 8.8965 7.5126 -1.4490 0.0500 -0.020764 0.149209 10.68 490 810 -0.07 70.00 0.0000 0.0000
6.012 2 -2.802632 -0.359619 -11.939355 18.623352 -72.624207 -16.921997 -0.67 0.67 -7.4 -7.4 2.9655 -3.6947 -1.4450 0.0499 -0.020764 0.059920 10.43 490 880 0.02 -49.64 0.0000 0.0000
6.027 2 4.442495 0.306875 -5.487788 -9.620667 47.660828 -6.988525 -0.67 0.67 7.5 7.5 10.3227 12.2934 -1.4454 0.0500 -0.020764 0.138056 10.54 490 800 -0.06 70.00 0.0000 0.0000
6.042 2 -4.164390 -1.814878 -11.306425 23.269653 -103.584290 -13.000488 -0.67 0.67 -7.7 -7.7 -3.5033 2.3850 -1.4409 0.0499 -0.020764 0.049180 10.66 490 880 0.03 -67.23 0.0000 0.0000
6.057 2 8.129789 -3.104712 -4.953154 -7.324219 72.578430 -7.263184 -0.67 0.67 7.8 7.8 6.7277 10.5646 -1.4425 0.0499 -0.020764 0.156045 10.76 490 840 -0.08 70.00 0.0000 0.0000
6.072 2 -1.541567 1.567939 -10.687881 14.236450 -67.443848 -7.804871 -0.59 0.59 -7.8 -7.8 -10.1674 -10.7323 -1.4407 0.0499 -0.018168 0.070739 10.84 490 800 0.01 -40.57 -0.0000 -0.0000
6.087 2 0.131860 -0.242144 -5.233657 -20.050049 88.600159 -18.280029 -0.42 0.42 8.0 8.0 11.2689 14.3858 -1.4407 0.0499 -0.012977 0.195270 10.98 490 800 -0.12 48.71 0.0000 0.0000
6.102 2 3.116699 -0.819932 -11.203335 15.884399 -81.016541 -15.304565 -0.42 0.42 -0.8 0.8 -8.8384 -9.2621 -1.4379 0.0498 -0.012977 0.079872 10.84 490 800 0.00 -0.50 -0.0000 -0.0000
6.117 2 -0.071924 -1.213115 -5.988857 -6.294250 52.589417 -16.387939 -0.33 0.33 7.9 7.9 13.3888 16.0984 -1.4369 0.0498 -0.010382 0.190940 10.92 490 790 -0.11 29.90 0.0000 0.0000
6.132 2 2.881748 -1.042895 -11.435888 15.007019 -112.075806 -21.957397 -0.25 0.25 -3.0 -3.0 -8.7243 -5.5421 -1.4339 0.0498 -0.007786 0.065957 10.82 490 840 0.01 -4.70 -0.0000 -0.0000
6.147 2 -0.352427 0.057539 -5.854599 -8.239746 37.582397 -22.109985 0.08 -0.08 7.9 7.9 13.5227 16.6947 -1.4327 0.0498 0.002595 0.182203 10.95 490 800 -0.10 24.78 0.0000 0.0000
6.162 2 2.184087 1.937148 -11.558159 17.181396 -124.885559 -25.337219 0.08 -0.08 -0.8 0.8 -9.1370 -10.4021 -1.4299 0.0498 0.002595 0.057477 10.81 490 800 0.02 -0.79 -0.0000 -0.0000
6.177 2 0.031167 -1.625479 -6.183052 -9.170532 37.590027 -11.718750 0.25 -0.25 8.0 8.0 11.8620 15.3667 -1.4295 0.0498 0.007786 0.190683 11.01 490 790 -0.11 29.21 0.0000 0.0000
6.192 2 3.833540 -0.433940 -11.682827 20.942688 -114.402771 -9.147644 0.17 -0.17 4.9 6.9 -7.7717 -11.9670 -1.4273 0.0499 0.005191 0.069287 10.84 490 800 0.01 9.43 0.0000 0.0000
6.207 2 -0.163027 -1.534375 -6.813584 -6.919861 34.324646 5.691528 0.00 -0.00 8.1 8.1 12.6380 12.5210 -1.4269 0.0499 -0.000000 0.184097 11.14 490 800 -0.10 23.14 0.0000 0.0000
6.222 2 3.864707 0.851099 -11.471850 18.173218 -108.627319 1.968384 -0.08 0.08 -1.0 -0.8 -6.7277 -10.4827 -1.4250 0.0499 -0.002595 0.050902 10.87 490 840 0.03 -1.30 0.0000 0.0000
6.237 2 -0.513057 -1.805288 -7.434526 -6.851196 33.264160 10.307312 0.08 -0.08 4.2 2.8 13.0026 15.1940 -1.4246 0.0499 0.002595 0.153473 10.81 490 800 -0.07 13.76 0.0000 0.0000
6.252 2 2.392666 1.798096 -11.395131 17.059326 -113.388062 0.190735 -0.08 0.08 -6.2 -4.8 -10.9054 -13.3888 -1.4238 0.0499 -0.002595 0.030429 10.88 490 800 0.05 -13.05 -0.0000 -0.0000
6.267 2 0.757598 -0.863086 -9.206249 -6.988525 29.335022 7.354736 -0.00 0.00 4.8 3.7 12.6380 14.3858 -1.4244 0.0499 -0.000000 0.150434 10.90 490 800 -0.07 12.42 0.0000 0.0000
6.282 2 -2.404653 -0.671289 -11.685225 22.171021 -107.055664 3.479004 -0.00 0.00 -7.9 -7.9 -12.6380 -13.5227 -1.4248 0.0499 -0.000000 0.039947 10.87 490 780 0.04 -31.42 0.0000 0.0000
6.297 2 -1.297026 0.561006 -10.491289 -9.948730 17.372131 6.217957 0.08 -0.08 -5.0 -5.1 13.7987 13.3888 -1.4242 0.0499 0.002595 0.145164 10.96 490 800 -0.07 -4.20 0.0000 0.0000
6.312 2 0.517852 -4.981924 -11.608505 25.482178 -102.752686 0.663757 -0.08 0.08 -7.9 -7.9 -13.0026 -13.9409 -1.4254 0.0499 -0.002595 0.000656 10.88 490 800 0.08 -31.83 -0.0000 -0.0000
6.327 2 -0.175015 3.181431 -10.548828 -27.755737 19.836426 7.835388 -0.08 0.08 -9.8 -9.8 12.7573 12.8788 -1.4250 0.0499 -0.002595 0.081234 12.75 490 790 -0.00 -14.26 -0.0000 -0.0000
6.342 2 5.073027 -4.627100 -12.059228 18.318176 -57.212830 -1.182556 -0.08 0.08 -1.5 -1.5 -13.7987 -13.5227 -1.4275 0.0499 -0.002595 -0.037274 11.20 490 790 0.12 -7.13 -0.0000 -0.0000
6.357 2 1.766929 4.456880 -11.877021 -26.252747 37.918091 2.593994 0.08 -0.08 -8.8 -8.8 9.5230 8.4517 -1.4275 0.0499 0.002595 0.046449 11.79 490 790 0.03 -13.03 -0.0000 -0.0000
6.372 2 4.859653 4.128428 -13.689502 12.123108 -28.335571 -4.753113 -0.08 0.08 7.9 7.9 -16.0984 -17.3368 -1.4315 0.0499 -0.002595 -0.033451 10.88 490 800 0.11 28.50 0.0000 0.0000
6.387 2 -8.041083 -5.646020 -9.798423 -17.082214 28.503418 11.283875 -0.00 0.00 -8.5 -8.5 6.7277 7.9545 -1.4309 0.0499 -0.000000 0.046060 11.50 490 830 0.03 -56.16 -0.0000 -0.0000
6.402 2 4.425713 2.802632 -12.725722 7.232666 -14.038086 -15.083313 -0.08 0.08 8.2 8.2 -15.5433 -16.6947 -1.4351 0.0499 -0.002595 -0.023979 11.18 490 800 0.10 24.21 0.0000 0.0000
6.417 2 -6.288540 -16.640776 -7.945185 5.676270 39.566040 4.554749 -0.08 0.08 -7.9 -7.9 6.1189 5.4970 -1.4347 0.0499 -0.002595 0.039468 10.90 490 880 0.04 -55.55 -0.0000 -0.0000
6.432 2 2.730708 -0.148643 -13.073354 0.434875 7.057190 -2.243042 -0.33 0.33 -1.6 0.8 -16.9034 -19.0460 -1.4401 0.0500 -0.010382 -0.047073 11.09 490 800 0.13 -11.76 0.0000 0.0000
6.447 2 -10.695073 -3.116699 -11.160180 3.395081 63.415527 0.511169 -0.33 0.33 -8.0 -8.0 4.0246 3.3389 -1.4405 0.0500 -0.010382 0.023146 11.01 490 880 0.06 -64.19 0.0000 0.0000
6.462 2 7.403359 0.244541 -11.167373 -8.895874 54.504395 0.152588 -0.42 0.42 8.4 8.4 -15.5433 -18.0303 -1.4468 0.0500 -0.012977 -0.041420 11.42 490 800 0.12 20.51 0.0000 0.0000
6.477 2 -8.935337 4.245903 -11.081064 -10.444641 67.825317 -8.422852 -0.50 0.50 -7.8 -7.8 -2.6463 2.3682 -1.4474 0.0500 -0.015573 -0.000445 10.76 490 880 0.08 -70.00 0.0000 0.0000
6.492 2 8.554140 -0.254131 -8.942529 -15.258789 123.550415 -10.726929 -0.59 0.59 8.2 8.2 -10.2445 -12.0738 -1.4540 0.0502 -0.018168 0.008564 11.23 490 800 0.07 70.00 0.0000 0.0000
6.507 2 -10.632739 -1.958726 -8.225688 -0.381470 43.731689 -19.989014 -0.67 0.67 -7.7 -7.7 -9.9432 2.9720 -1.4526 0.0501 -0.020764 -0.006811 10.74 490 840 0.09 -70.00 0.0000 0.0000
6.522 2 7.681465 -1.697402 -8.635654 -15.747070 98.915100 -14.152527 -0.67 0.67 7.9 7.9 -8.0492 -5.8037 -1.4578 0.0502 -0.020764 0.010890 10.90 490 840 0.07 43.72 0.0000 0.0000
6.537 2 -3.560229 -0.702456 -8.199316 2.143860 30.563354 -19.523621 -0.75 0.75 -7.6 -7.6 6.6944 4.4192 -1.4548 0.0502 -0.023359 0.025091 10.65 490 870 0.05 -70.00 -0.0000 -0.0000
6.552 2 0.198989 4.488047 -10.865293 -12.794495 48.149109 -9.567261 -0.75 0.75 4.1 5.1 -9.8706 -9.9432 -1.4588 0.0503 -0.023359 0.010805 11.94 490 790 0.07 4.15 0.0000 0.0000
6.567 2 1.328193 1.371348 -10.793368 -3.143311 61.927795 -18.150330 -0.67 0.67 -6.1 -5.2 10.4827 10.0916 -1.4566 0.0502 -0.020764 0.085708 11.00 490 800 -0.01 -4.40 0.0000 0.0000
6.582 2 4.655869 1.071665 -11.404721 1.403809 18.341064 -10.185242 -0.67 0.67 8.7 8.7 -15.5433 -14.6986 -1.4602 0.0503 -0.020764 0.021718 11.72 490 800 0.06 35.03 0.0000 0.0000
6.597 2 -8.671616 -2.661181 -10.546431 -8.102417 74.737549 -12.466431 -0.67 0.67 -9.0 -9.0 13.5227 11.9670 -1.4586 0.0503 -0.020764 0.134984 11.98 490 800 -0.05 -28.35 0.0000 0.0000
6.612 2 1.541567 -1.321001 -11.982510 2.555847 0.038147 -8.666992 -0.75 0.75 5.2 5.6 -11.0842 -9.3908 -1.4600 0.0503 -0.023359 0.054864 12.23 490 800 0.03 4.93 0.0000 0.0000
6.627 2 0.347632 4.555176 -12.670581 -3.761292 52.978516 -10.711670 -0.67 0.67 -7.0 -5.5 16.0984 15.0252 -1.4562 0.0502 -0.020764 0.142041 10.95 490 800 -0.06 -4.35 -0.0000 -0.0000
6.642 2 2.706733 0.151040 -12.426040 5.294800 -33.607483 -8.499146 -0.75 0.75 6.8 8.2 -9.0756 -9.9432 -1.4564 0.0502 -0.023359 0.046311 12.02 490 790 0.03 11.68 0.0000 0.0000
6.657 2 -0.810342 -0.021577 -11.644467 4.486084 28.053284 -9.063721 -0.67 0.67 -7.9 -7.9 17.1173 18.0303 -1.4522 0.0501 -0.020764 0.141641 10.92 490 810 -0.06 -11.60 -0.0000 -0.0000
6.672 2 6.032012 -0.671289 -13.437768 10.749817 -44.532776 -12.535095 -0.67 0.67 1.9 3.5 -8.3473 -9.6591 -1.4526 0.0501 -0.020764 0.049239 11.58 490 810 0.03 3.50 0.0000 0.0000
6.687 2 -0.819932 7.259511 -13.356255 -21.545410 13.145447 -0.877380 -0.59 0.59 1.3 1.3 14.6986 16.0984 -1.4492 0.0501 -0.018168 0.156870 12.09 490 800 -0.08 9.59 0.0000 0.0000
6.702 2 2.663579 2.589258 -13.806977 11.489868 -57.250977 -4.600525 -0.67 0.67 -2.7 -1.8 -8.9554 -7.8620 -1.4494 0.0501 -0.020764 0.075496 12.10 490 800 0.00 -9.45 -0.0000 -0.0000
6.717 2 -2.680361 5.976870 -13.485718 -22.300720 7.232666 0.495911 -0.59 0.59 1.1 1.3 16.0984 16.9034 -1.4460 0.0500 -0.018168 0.189950 11.41 490 800 -0.11 9.47 0.0000 0.0000
6.732 2 -2.778657 -2.514936 -12.742504 20.118713 -87.013245 -0.854492 -0.67 0.67 -8.9 -8.2 -9.7991 -11.4599 -1.4454 0.0500 -0.020764 0.077023 11.91 490 800 0.00 -20.72 0.0000 0.0000
6.747 2 -2.404653 -0.335645 -10.553622 -11.146545 18.646240 1.075745 -0.59 0.59 -7.9 -7.9 14.8601 15.9091 -1.4432 0.0500 -0.018168 0.183688 10.95 490 800 -0.10 -14.08 -0.0000 -0.0000
6.762 2 -0.688071 -4.416123 -11.586928 18.028259 -81.054688 0.961304 -0.67 0.67 -5.1 -3.5 -9.3908 -9.8706 -1.4429 0.0500 -0.020764 0.075274 10.88 490 800 0.00 -11.05 0.0000 0.0000
6.777 2 -0.230156 -1.534375 -9.935078 -10.276794 39.299011 1.571655 -0.59 0.59 1.2 1.6 14.5405 15.0252 -1.4411 0.0499 -0.018168 0.193779 11.12 490 800 -0.11 8.25 0.0000 0.0000
6.792 2 3.080737 -3.562627 -12.138345 19.424438 -97.404480 -2.029419 -0.75 0.75 4.6 7.0 -8.1956 -9.7286 -1.4395 0.0499 -0.023359 0.076827 10.92 490 800 0.00 9.47 0.0000 0.0000
6.807 2 -0.381196 -2.018662 -9.872744 -0.701904 11.177063 -1.426697 -0.59 0.59 -6.2 -5.9 14.6986 16.0984 -1.4371 0.0499 -0.018168 0.182033 10.98 490 800 -0.10 -4.30 0.0000 0.0000
6.822 2 2.248818 -1.726172 -12.610644 18.508911 -116.630554 -6.683350 -0.67 0.67 3.4 5.2 -8.4517 -10.1674 -1.4361 0.0499 -0.020764 0.054333 10.87 490 800 0.03 7.55 0.0000 0.0000
6.837 2 -1.496016 -1.536772 -9.937475 -7.186890 23.277283 1.037598 -0.67 0.67 -8.1 -8.1 13.5227 14.8601 -1.4349 0.0498 -0.020764 0.169758 11.06 490 790 -0.09 -17.44 0.0000 0.0000
6.852 2 -0.148643 0.309272 -12.234242 13.526917 -84.091187 -2.349854 -0.75 0.75 4.0 6.4 -11.3636 -13.1288 -1.4351 0.0498 -0.023359 0.059054 10.82 490 790 0.02 5.03 0.0000 0.0000
6.867 2 -1.098037 -0.232554 -9.906308 -7.850647 30.334473 4.913330 -0.75 0.75 -7.7 -6.6 14.3858 14.8601 -1.4339 0.0498 -0.023359 0.160315 10.88 490 800 -0.08 -7.00 0.0000 0.0000
6.882 2 -0.055142 -0.834316 -11.359170 14.541626 -86.425781 5.149841 -0.75 0.75 -5.9 -3.9 -10.4021 -12.0738 -1.4339 0.0498 -0.023359 0.043865 11.12 490 790 0.04 -11.28 0.0000 0.0000
