%% logfile from robot Mille (26)
% Mille (26)
%  1    time 0.000 sec
%  2    mission (0) state 2
%  3  4 Motor voltage [V] left, right: 3.0 3.0
%  5  6 Motor current left, right [A]: -0.006 -0.003
%  7  8 Wheel velocity [m/s] left, right: 0.0000 0.0000
%  9    Battery voltage [V]: 12.45
0.001 2 3.0 3.0 0.165 0.206 0.0000 0.0000 12.44 
0.002 2 3.0 3.0 0.513 0.391 0.0000 0.0000 12.43 
0.003 2 3.0 3.0 0.680 0.519 0.0000 0.0000 12.42 
0.004 2 3.0 3.0 0.706 0.547 0.0000 0.0000 12.42 
0.005 2 3.0 3.0 0.731 0.595 0.0000 0.0000 12.41 
0.006 2 3.0 3.0 0.701 0.650 0.0000 0.0000 12.41 
0.007 2 3.0 3.0 0.674 0.645 0.0000 0.0000 12.41 
0.008 2 3.0 3.0 0.733 0.633 0.0000 0.0000 12.41 
0.009 2 3.0 3.0 0.697 0.693 0.0000 0.0000 12.41 
0.010 2 3.0 3.0 0.702 0.658 0.1329 0.0000 12.40 
0.011 2 3.0 3.0 0.678 0.629 0.1329 0.1020 12.41 
0.012 2 3.0 3.0 0.653 0.620 0.1329 0.1020 12.41 
0.013 2 3.0 3.0 0.627 0.631 0.1623 0.1020 12.41 
0.014 2 3.0 3.0 0.649 0.566 0.1623 0.1462 12.41 
0.015 2 3.0 3.0 0.606 0.539 0.2205 0.1462 12.41 
0.016 2 3.0 3.0 0.557 0.545 0.2554 0.1928 12.41 
0.017 2 3.0 3.0 0.581 0.502 0.2554 0.1928 12.41 
0.018 2 3.0 3.0 0.536 0.479 0.2848 0.2068 12.42 
0.019 2 3.0 3.0 0.526 0.474 0.2554 0.2494 12.42 
0.020 2 3.0 3.0 0.556 0.478 0.3161 0.2494 12.42 
0.021 2 3.0 3.0 0.590 0.466 0.3161 0.2659 12.41 
0.022 2 3.0 3.0 0.481 0.434 0.2928 0.2888 12.42 
0.023 2 3.0 3.0 0.489 0.447 0.3550 0.2868 12.43 
0.024 2 3.0 3.0 0.442 0.435 0.3582 0.2747 12.42 
0.025 2 3.0 3.0 0.418 0.430 0.3615 0.3088 12.41 
0.026 2 3.0 3.0 0.424 0.405 0.3237 0.3237 12.42 
0.027 2 3.0 3.0 0.416 0.424 0.4016 0.3317 12.41 
0.028 2 3.0 3.0 0.441 0.395 0.4056 0.3317 12.43 
0.029 2 3.0 3.0 0.430 0.377 0.4097 0.2996 12.41 
0.030 2 3.0 3.0 0.413 0.399 0.3823 0.3522 12.43 
0.031 2 3.0 3.0 0.437 0.385 0.4097 0.3550 12.42 
0.032 2 3.0 3.0 0.378 0.347 0.3936 0.3787 12.42 
0.033 2 3.0 3.0 0.376 0.332 0.4137 0.3582 12.42 
0.034 2 3.0 3.0 0.375 0.425 0.4225 0.3860 12.41 
0.035 2 3.0 3.0 0.361 0.359 0.4462 0.3715 12.41 
0.036 2 3.0 3.0 0.397 0.338 0.4510 0.3976 12.42 
0.037 2 3.0 3.0 0.428 0.310 0.4615 0.3936 12.43 
0.038 2 3.0 3.0 0.371 0.326 0.4462 0.4016 12.43 
0.039 2 3.0 3.0 0.428 0.295 0.4667 0.3550 12.42 
0.040 2 3.0 3.0 0.345 0.271 0.4779 0.3896 12.42 
0.041 2 3.0 3.0 0.390 0.290 0.4615 0.3860 12.42 
0.042 2 3.0 3.0 0.375 0.296 0.4896 0.4056 12.43 
0.043 2 3.0 3.0 0.359 0.301 0.5149 0.4181 12.43 
0.044 2 3.0 3.0 0.395 0.306 0.4896 0.4269 12.38 
0.045 2 3.0 3.0 0.298 0.323 0.5149 0.4317 12.41 
0.046 2 3.0 3.0 0.294 0.277 0.5213 0.4410 12.42 
0.047 2 3.0 3.0 0.310 0.272 0.4896 0.4410 12.42 
0.048 2 3.0 3.0 0.307 0.286 0.5213 0.4510 12.43 
0.049 2 3.0 3.0 0.337 0.301 0.5281 0.3936 12.42 
0.050 2 3.0 3.0 0.398 0.291 0.5149 0.4225 12.43 
0.051 2 3.0 3.0 0.310 0.275 0.5426 0.4615 12.44 
0.052 2 3.0 3.0 0.331 0.313 0.5426 0.4362 12.44 
0.053 2 3.0 3.0 0.329 0.265 0.5213 0.4562 12.43 
0.054 2 3.0 3.0 0.302 0.264 0.5498 0.4723 12.42 
0.055 2 3.0 3.0 0.273 0.253 0.5498 0.4836 12.43 
0.056 2 3.0 3.0 0.264 0.245 0.5426 0.4615 12.43 
0.057 2 3.0 3.0 0.283 0.234 0.5655 0.4779 12.43 
0.058 2 3.0 3.0 0.306 0.230 0.5426 0.4836 12.44 
0.059 2 3.0 3.0 0.290 0.282 0.5820 0.4667 12.43 
0.060 2 3.0 3.0 0.276 0.221 0.5992 0.4836 12.42 
0.061 2 3.0 3.0 0.309 0.239 0.5655 0.4896 12.42 
0.062 2 3.0 3.0 0.292 0.231 0.5498 0.4779 12.42 
0.063 2 3.0 3.0 0.257 0.242 0.5904 0.4896 12.43 
0.064 2 3.0 3.0 0.276 0.249 0.5992 0.4779 12.43 
0.065 2 3.0 3.0 0.288 0.227 0.5655 0.4896 12.43 
0.066 2 3.0 3.0 0.299 0.245 0.6085 0.4779 12.42 
0.067 2 3.0 3.0 0.321 0.234 0.6085 0.4956 12.43 
0.068 2 3.0 3.0 0.291 0.280 0.6085 0.5081 12.42 
0.069 2 3.0 3.0 0.287 0.298 0.5904 0.4896 12.42 
0.070 2 3.0 3.0 0.260 0.245 0.6085 0.5020 12.43 
0.071 2 3.0 3.0 0.236 0.220 0.6177 0.5213 12.43 
0.072 2 3.0 3.0 0.295 0.270 0.6273 0.4896 12.43 
0.073 2 3.0 3.0 0.295 0.218 0.6273 0.5081 12.42 
0.074 2 3.0 3.0 0.321 0.240 0.6085 0.5281 12.43 
0.075 2 3.0 3.0 0.280 0.255 0.5735 0.5149 12.42 
0.076 2 3.0 3.0 0.294 0.228 0.6273 0.5281 12.43 
0.077 2 3.0 3.0 0.321 0.229 0.6474 0.5354 12.43 
0.078 2 3.0 3.0 0.305 0.226 0.6177 0.5354 12.42 
0.079 2 3.0 3.0 0.262 0.242 0.6474 0.5426 12.43 
0.080 2 3.0 3.0 0.201 0.241 0.6474 0.5020 12.43 
0.081 2 3.0 3.0 0.218 0.232 0.6374 0.5213 12.43 
0.082 2 3.0 3.0 0.271 0.270 0.6474 0.5354 12.43 
0.083 2 3.0 3.0 0.297 0.231 0.6177 0.5426 12.42 
0.084 2 3.0 3.0 0.278 0.207 0.6474 0.5498 12.42 
0.085 2 3.0 3.0 0.239 0.226 0.6583 0.5575 12.43 
0.086 2 3.0 3.0 0.249 0.198 0.6583 0.5575 12.43 
0.087 2 3.0 3.0 0.238 0.230 0.6474 0.5281 12.42 
0.088 2 3.0 3.0 0.230 0.248 0.6273 0.5498 12.43 
0.089 2 3.0 3.0 0.188 0.219 0.6273 0.5735 12.42 
0.090 2 3.0 3.0 0.203 0.185 0.6474 0.5426 12.43 
0.091 2 3.0 3.0 0.220 0.222 0.6804 0.5575 12.43 
0.092 2 3.0 3.0 0.270 0.184 0.6273 0.5820 12.44 
0.093 2 3.0 3.0 0.274 0.193 0.6273 0.5575 12.43 
0.094 2 3.0 3.0 0.289 0.208 0.6804 0.5735 12.43 
0.095 2 3.0 3.0 0.249 0.150 0.6804 0.5820 12.44 
0.096 2 3.0 3.0 0.203 0.170 0.6691 0.5820 12.44 
0.097 2 3.0 3.0 0.233 0.192 0.6804 0.5820 12.45 
0.098 2 3.0 3.0 0.219 0.154 0.6583 0.5904 12.43 
0.099 2 3.0 3.0 0.234 0.163 0.6474 0.5820 12.42 
0.100 2 3.0 3.0 0.224 0.164 0.6691 0.5655 12.43 
0.101 2 3.0 3.0 0.200 0.149 0.6924 0.5655 12.45 
0.102 2 3.0 3.0 0.266 0.167 0.6804 0.5820 12.43 
0.103 2 3.0 3.0 0.280 0.212 0.6924 0.5904 12.42 
0.104 2 3.0 3.0 0.215 0.245 0.6691 0.5735 12.43 
0.105 2 3.0 3.0 0.217 0.221 0.6474 0.5820 12.43 
0.106 2 3.0 3.0 0.219 0.165 0.7044 0.5904 12.43 
0.107 2 3.0 3.0 0.287 0.156 0.7044 0.5575 12.43 
0.108 2 3.0 3.0 0.230 0.184 0.6924 0.5820 12.43 
0.109 2 3.0 3.0 0.211 0.196 0.7044 0.5904 12.43 
0.110 2 3.0 3.0 0.209 0.204 0.6474 0.5904 12.43 
0.111 2 3.0 3.0 0.208 0.226 0.6924 0.5820 12.43 
0.112 2 3.0 3.0 0.243 0.161 0.6583 0.5904 12.44 
0.113 2 3.0 3.0 0.234 0.188 0.6924 0.5992 12.43 
0.114 2 3.0 3.0 0.225 0.186 0.7044 0.5575 12.42 
0.115 2 3.0 3.0 0.189 0.215 0.6924 0.5735 12.44 
0.116 2 3.0 3.0 0.272 0.156 0.7044 0.5904 12.44 
0.117 2 3.0 3.0 0.252 0.183 0.6804 0.6085 12.42 
0.118 2 3.0 3.0 0.171 0.186 0.6691 0.6085 12.43 
0.119 2 3.0 3.0 0.200 0.143 0.7169 0.6085 12.44 
0.120 2 3.0 3.0 0.211 0.172 0.6177 0.6177 12.44 
0.121 2 3.0 3.0 0.263 0.191 0.6924 0.5992 12.42 
0.122 2 3.0 3.0 0.246 0.184 0.7044 0.6177 12.42 
0.123 2 3.0 3.0 0.232 0.137 0.7169 0.5820 12.42 
0.124 2 3.0 3.0 0.188 0.149 0.6691 0.6085 12.43 
0.125 2 3.0 3.0 0.196 0.192 0.7169 0.6273 12.44 
0.126 2 3.0 3.0 0.228 0.176 0.6924 0.5992 12.43 
0.127 2 3.0 3.0 0.222 0.188 0.6924 0.6177 12.43 
0.128 2 3.0 3.0 0.184 0.197 0.7044 0.5904 12.44 
0.129 2 3.0 3.0 0.209 0.143 0.7302 0.6177 12.43 
0.130 2 3.0 3.0 0.257 0.142 0.7169 0.6273 12.43 
0.131 2 3.0 3.0 0.235 0.168 0.7169 0.5992 12.42 
0.132 2 3.0 3.0 0.215 0.177 0.7044 0.5992 12.42 
0.133 2 3.0 3.0 0.213 0.131 0.6804 0.6085 12.43 
0.134 2 3.0 3.0 0.250 0.130 0.7434 0.6177 12.42 
0.135 2 3.0 3.0 0.266 0.196 0.7044 0.6177 12.42 
0.136 2 3.0 3.0 0.230 0.171 0.7302 0.6085 12.42 
0.137 2 3.0 3.0 0.176 0.174 0.7302 0.6177 12.42 
0.138 2 3.0 3.0 0.161 0.172 0.7169 0.6374 12.43 
0.139 2 3.0 3.0 0.210 0.151 0.7302 0.5904 12.43 
0.140 2 3.0 3.0 0.264 0.162 0.7169 0.6177 12.43 
0.141 2 3.0 3.0 0.221 0.177 0.7169 0.6273 12.43 
0.142 2 3.0 3.0 0.177 0.201 0.6924 0.6273 12.43 
0.143 2 3.0 3.0 0.227 0.167 0.7169 0.6177 12.43 
0.144 2 3.0 3.0 0.209 0.169 0.7044 0.6273 12.43 
0.145 2 3.0 3.0 0.196 0.181 0.7302 0.6374 12.43 
0.146 2 3.0 3.0 0.174 0.170 0.7169 0.6177 12.42 
0.147 2 3.0 3.0 0.211 0.185 0.7575 0.5992 12.43 
0.148 2 3.0 3.0 0.234 0.173 0.7169 0.6273 12.43 
0.149 2 3.0 3.0 0.255 0.143 0.7302 0.6374 12.43 
0.150 2 3.0 3.0 0.245 0.125 0.7434 0.6374 12.43 
0.151 2 3.0 3.0 0.213 0.144 0.6924 0.6374 12.43 
0.152 2 3.0 3.0 0.227 0.192 0.7434 0.5904 12.42 
0.153 2 3.0 3.0 0.214 0.174 0.7169 0.6374 12.43 
0.154 2 3.0 3.0 0.208 0.136 0.6804 0.6474 12.42 
0.155 2 3.0 3.0 0.179 0.156 0.7302 0.6273 12.43 
0.156 2 3.0 3.0 0.196 0.183 0.7434 0.6374 12.44 
0.157 2 3.0 3.0 0.223 0.169 0.7434 0.6177 12.43 
0.158 2 3.0 3.0 0.218 0.184 0.7302 0.6374 12.43 
0.159 2 3.0 3.0 0.245 0.119 0.7302 0.6474 12.42 
0.160 2 3.0 3.0 0.185 0.154 0.6924 0.6374 12.42 
0.161 2 3.0 3.0 0.169 0.139 0.7575 0.6474 12.43 
0.162 2 3.0 3.0 0.202 0.165 0.7169 0.6273 12.44 
0.163 2 3.0 3.0 0.180 0.145 0.7575 0.6374 12.43 
0.164 2 3.0 3.0 0.174 0.148 0.6924 0.6374 12.44 
0.165 2 3.0 3.0 0.207 0.120 0.7302 0.6177 12.43 
0.166 2 3.0 3.0 0.238 0.180 0.7434 0.6273 12.43 
0.167 2 3.0 3.0 0.254 0.166 0.7434 0.6177 12.43 
0.168 2 3.0 3.0 0.254 0.190 0.7434 0.6273 12.43 
0.169 2 3.0 3.0 0.209 0.154 0.7434 0.6474 12.43 
0.170 2 3.0 3.0 0.154 0.120 0.7302 0.6085 12.42 
0.171 2 3.0 3.0 0.175 0.184 0.7169 0.6273 12.43 
0.172 2 3.0 3.0 0.189 0.156 0.7044 0.6374 12.42 
0.173 2 3.0 3.0 0.165 0.168 0.7575 0.6374 12.43 
0.174 2 3.0 3.0 0.199 0.202 0.7044 0.6374 12.43 
0.175 2 3.0 3.0 0.274 0.133 0.7302 0.6374 12.43 
0.176 2 3.0 3.0 0.242 0.165 0.7434 0.5904 12.43 
0.177 2 3.0 3.0 0.211 0.202 0.7575 0.6273 12.43 
0.178 2 3.0 3.0 0.181 0.157 0.7434 0.6374 12.42 
0.179 2 3.0 3.0 0.188 0.148 0.7575 0.6374 12.42 
0.180 2 3.0 3.0 0.162 0.195 0.7575 0.6474 12.42 
0.181 2 3.0 3.0 0.156 0.143 0.7302 0.6374 12.44 
0.182 2 3.0 3.0 0.163 0.169 0.7434 0.6474 12.43 
0.183 2 3.0 3.0 0.205 0.209 0.7434 0.6273 12.43 
0.184 2 3.0 3.0 0.230 0.156 0.7169 0.6474 12.44 
0.185 2 3.0 3.0 0.209 0.143 0.7302 0.6085 12.43 
0.186 2 3.0 3.0 0.214 0.159 0.7434 0.6273 12.44 
0.187 2 3.0 3.0 0.233 0.168 0.7434 0.6474 12.43 
0.188 2 3.0 3.0 0.225 0.163 0.7723 0.6273 12.43 
0.189 2 3.0 3.0 0.156 0.174 0.7575 0.6474 12.42 
0.190 2 3.0 3.0 0.167 0.114 0.7723 0.6374 12.43 
0.191 2 3.0 3.0 0.175 0.115 0.7434 0.6474 12.43 
0.192 2 3.0 3.0 0.222 0.134 0.7575 0.6583 12.43 
0.193 2 3.0 3.0 0.238 0.158 0.7169 0.6273 12.43 
0.194 2 3.0 3.0 0.235 0.141 0.7434 0.6273 12.43 
0.195 2 3.0 3.0 0.213 0.164 0.7169 0.6273 12.43 
0.196 2 3.0 3.0 0.194 0.154 0.7434 0.6374 12.43 
0.197 2 3.0 3.0 0.165 0.175 0.7302 0.6474 12.43 
0.198 2 3.0 3.0 0.146 0.195 0.7169 0.6273 12.43 
0.199 2 3.0 3.0 0.188 0.188 0.7434 0.6583 12.43 
0.200 4 4.0 4.0 0.215 0.146 0.7872 0.6085 12.43 
0.201 4 4.0 4.0 0.287 0.193 0.7434 0.6374 12.43 
0.202 4 4.0 4.0 0.346 0.315 0.7575 0.6583 12.42 
0.203 4 4.0 4.0 0.372 0.373 0.7723 0.6474 12.42 
0.204 4 4.0 4.0 0.388 0.383 0.7575 0.6474 12.41 
0.205 4 4.0 4.0 0.420 0.443 0.7872 0.6691 12.40 
0.206 4 4.0 4.0 0.374 0.409 0.7723 0.6804 12.40 
0.207 4 4.0 4.0 0.394 0.366 0.7575 0.6691 12.41 
0.208 4 4.0 4.0 0.360 0.381 0.7872 0.6583 12.41 
0.209 4 4.0 4.0 0.383 0.386 0.7872 0.6924 12.41 
0.210 4 4.0 4.0 0.410 0.329 0.7723 0.7169 12.41 
0.211 4 4.0 4.0 0.410 0.387 0.7872 0.7169 12.41 
0.212 4 4.0 4.0 0.394 0.337 0.7723 0.6374 12.41 
0.213 4 4.0 4.0 0.430 0.334 0.8366 0.7044 12.41 
0.214 4 4.0 4.0 0.405 0.371 0.8193 0.7434 12.41 
0.215 4 4.0 4.0 0.337 0.343 0.8543 0.7302 12.41 
0.216 4 4.0 4.0 0.351 0.338 0.8193 0.7575 12.41 
0.217 4 4.0 4.0 0.349 0.358 0.8543 0.7575 12.41 
0.218 4 4.0 4.0 0.368 0.319 0.8366 0.7723 12.41 
0.219 4 4.0 4.0 0.353 0.323 0.8543 0.7434 12.41 
0.220 4 4.0 4.0 0.366 0.326 0.8543 0.7723 12.42 
0.221 4 4.0 4.0 0.387 0.302 0.8727 0.7575 12.42 
0.222 4 4.0 4.0 0.336 0.295 0.8924 0.7575 12.41 
0.223 4 4.0 4.0 0.321 0.268 0.8543 0.7575 12.41 
0.224 4 4.0 4.0 0.317 0.329 0.8193 0.7723 12.41 
0.225 4 4.0 4.0 0.410 0.321 0.8366 0.7575 12.42 
0.226 4 4.0 4.0 0.347 0.286 0.8924 0.8032 12.42 
0.227 4 4.0 4.0 0.348 0.300 0.8543 0.7575 12.42 
0.228 4 4.0 4.0 0.363 0.280 0.8924 0.7872 12.42 
0.229 4 4.0 4.0 0.301 0.271 0.9125 0.7872 12.41 
0.230 4 4.0 4.0 0.264 0.286 0.9125 0.7872 12.42 
0.231 4 4.0 4.0 0.291 0.288 0.9338 0.8032 12.42 
0.232 4 4.0 4.0 0.361 0.283 0.9338 0.7575 12.42 
0.233 4 4.0 4.0 0.343 0.269 0.9338 0.7723 12.42 
0.234 4 4.0 4.0 0.314 0.272 0.9338 0.8193 12.42 
0.235 4 4.0 4.0 0.340 0.270 0.9796 0.8366 12.42 
0.236 4 4.0 4.0 0.297 0.259 0.9559 0.8366 12.43 
0.237 4 4.0 4.0 0.234 0.290 0.9796 0.7872 12.42 
0.238 4 4.0 4.0 0.257 0.286 0.9559 0.8193 12.42 
0.239 4 4.0 4.0 0.344 0.264 0.9559 0.7872 12.41 
0.240 4 4.0 4.0 0.340 0.278 0.9559 0.8193 12.41 
0.241 4 4.0 4.0 0.271 0.264 0.9338 0.8193 12.43 
0.242 4 4.0 4.0 0.316 0.264 0.9559 0.8366 12.43 
0.243 4 4.0 4.0 0.295 0.226 0.9559 0.8366 12.42 
0.244 4 4.0 4.0 0.290 0.269 0.9559 0.8727 12.41 
0.245 4 4.0 4.0 0.255 0.262 0.9796 0.8366 12.42 
0.246 4 4.0 4.0 0.325 0.210 0.9338 0.8366 12.41 
0.247 4 4.0 4.0 0.310 0.235 0.9796 0.8543 12.41 
0.248 4 4.0 4.0 0.256 0.272 0.9559 0.8727 12.42 
0.249 4 4.0 4.0 0.295 0.258 0.9796 0.8543 12.42 
0.250 4 4.0 4.0 0.279 0.264 0.9796 0.8924 12.42 
0.251 4 4.0 4.0 0.285 0.232 0.9796 0.8543 12.43 
0.252 4 4.0 4.0 0.259 0.212 1.0041 0.8727 12.42 
0.253 4 4.0 4.0 0.310 0.271 0.9796 0.8924 12.42 
0.254 4 4.0 4.0 0.269 0.226 1.0041 0.8924 12.43 
0.255 4 4.0 4.0 0.267 0.235 1.0041 0.7575 12.42 
0.256 4 4.0 4.0 0.316 0.239 1.0298 0.8366 12.42 
0.257 4 4.0 4.0 0.234 0.230 1.0298 0.8727 12.41 
0.258 4 4.0 4.0 0.221 0.197 0.9796 0.8924 12.42 
0.259 4 4.0 4.0 0.280 0.216 1.0041 0.8924 12.42 
0.260 4 4.0 4.0 0.325 0.239 1.0041 0.8366 12.41 
0.261 4 4.0 4.0 0.283 0.234 1.0041 0.8924 12.42 
0.262 4 4.0 4.0 0.267 0.202 1.0041 0.8727 12.42 
0.263 4 4.0 4.0 0.285 0.235 0.9796 0.9125 12.43 
0.264 4 4.0 4.0 0.228 0.268 0.9796 0.9125 12.43 
0.265 4 4.0 4.0 0.250 0.229 1.0567 0.9125 12.43 
0.266 4 4.0 4.0 0.323 0.228 1.0041 0.9125 12.43 
0.267 4 4.0 4.0 0.280 0.182 1.0298 0.8924 12.42 
0.268 4 4.0 4.0 0.264 0.212 1.0041 0.8924 12.42 
0.269 4 4.0 4.0 0.253 0.190 1.0298 0.8924 12.42 
0.270 4 4.0 4.0 0.268 0.230 1.0298 0.9125 12.42 
0.271 4 4.0 4.0 0.200 0.268 1.0041 0.9125 12.42 
0.272 4 4.0 4.0 0.263 0.218 1.0298 0.9125 12.42 
0.273 4 4.0 4.0 0.301 0.212 1.0041 0.8924 12.42 
0.274 4 4.0 4.0 0.300 0.215 1.0298 0.9125 12.39 
0.275 4 4.0 4.0 0.262 0.189 1.0298 0.9125 12.42 
0.276 4 4.0 4.0 0.329 0.207 1.0298 0.9125 12.42 
0.277 4 4.0 4.0 0.236 0.219 1.0567 0.8366 12.43 
0.278 4 4.0 4.0 0.249 0.238 1.0298 0.8727 12.42 
0.279 4 4.0 4.0 0.302 0.257 1.0298 0.9125 12.39 
0.280 4 4.0 4.0 0.270 0.202 1.0298 0.9125 12.42 
0.281 4 4.0 4.0 0.268 0.212 1.0041 0.9338 12.42 
0.282 4 4.0 4.0 0.276 0.210 1.0298 0.8924 12.41 
0.283 4 4.0 4.0 0.297 0.222 1.0298 0.9338 12.41 
0.284 4 4.0 4.0 0.258 0.207 1.0298 0.8924 12.42 
0.285 4 4.0 4.0 0.222 0.221 1.0041 0.9125 12.41 
0.286 4 4.0 4.0 0.273 0.202 1.0041 0.9125 12.42 
0.287 4 4.0 4.0 0.265 0.186 1.0298 0.9338 12.42 
0.288 4 4.0 4.0 0.246 0.196 1.0298 0.9338 12.43 
0.289 4 4.0 4.0 0.242 0.211 1.0041 0.9125 12.42 
0.290 4 4.0 4.0 0.252 0.221 1.0041 0.9338 12.42 
0.291 4 4.0 4.0 0.228 0.184 1.0567 0.9338 12.42 
0.292 4 4.0 4.0 0.306 0.239 1.0298 0.9338 12.42 
0.293 4 4.0 4.0 0.272 0.207 1.0567 0.9338 12.42 
0.294 4 4.0 4.0 0.260 0.179 1.0298 0.9125 12.42 
0.295 4 4.0 4.0 0.290 0.222 1.0852 0.9338 12.43 
0.296 4 4.0 4.0 0.210 0.234 1.0567 0.9338 12.42 
0.297 4 4.0 4.0 0.192 0.234 1.0041 0.9338 12.43 
0.298 4 4.0 4.0 0.259 0.216 1.0298 0.9338 12.43 
0.299 4 4.0 4.0 0.290 0.182 1.0298 0.8727 12.41 
0.300 4 4.0 4.0 0.246 0.196 1.0041 0.8924 12.41 
0.301 4 4.0 4.0 0.232 0.203 1.0298 0.9338 12.42 
0.302 4 4.0 4.0 0.253 0.198 1.0298 0.9338 12.42 
0.303 4 4.0 4.0 0.245 0.220 1.0567 0.9125 12.42 
0.304 4 4.0 4.0 0.236 0.196 0.9338 0.9559 12.42 
0.305 4 4.0 4.0 0.245 0.185 1.0298 0.9338 12.43 
0.306 4 4.0 4.0 0.249 0.189 1.0567 0.9559 12.42 
0.307 4 4.0 4.0 0.245 0.183 1.0567 0.9338 12.42 
0.308 4 4.0 4.0 0.313 0.212 1.0567 0.9338 12.42 
0.309 4 4.0 4.0 0.228 0.194 1.0298 0.9338 12.43 
0.310 4 4.0 4.0 0.195 0.204 1.0567 0.9338 12.43 
0.311 4 4.0 4.0 0.257 0.202 1.0567 0.9338 12.41 
0.312 4 4.0 4.0 0.243 0.199 1.0567 0.9125 12.42 
0.313 4 4.0 4.0 0.218 0.214 1.0298 0.9559 12.43 
0.314 4 4.0 4.0 0.283 0.260 1.0852 0.9338 12.38 
0.315 4 4.0 4.0 0.258 0.206 1.0852 0.9559 12.42 
0.316 4 4.0 4.0 0.217 0.194 1.0567 0.9338 12.41 
0.317 4 4.0 4.0 0.253 0.219 1.0567 0.9559 12.41 
0.318 4 4.0 4.0 0.256 0.229 1.0567 0.9559 12.41 
0.319 4 4.0 4.0 0.210 0.223 1.0041 0.9559 12.42 
0.320 4 4.0 4.0 0.219 0.204 1.0567 0.8924 12.42 
0.321 4 4.0 4.0 0.278 0.224 1.0567 0.9125 12.43 
0.322 4 4.0 4.0 0.238 0.201 1.0567 0.9559 12.42 
0.323 4 4.0 4.0 0.231 0.163 1.0298 0.9559 12.43 
0.324 4 4.0 4.0 0.235 0.208 1.0298 0.9338 12.43 
0.325 4 4.0 4.0 0.241 0.235 1.0567 0.9559 12.42 
0.326 4 4.0 4.0 0.245 0.194 1.0567 0.9338 12.42 
0.327 4 4.0 4.0 0.243 0.220 1.0567 0.9559 12.43 
0.328 4 4.0 4.0 0.214 0.179 1.0567 0.9559 12.43 
0.329 4 4.0 4.0 0.231 0.180 1.0567 0.9559 12.43 
0.330 4 4.0 4.0 0.283 0.153 1.0567 0.9559 12.39 
0.331 4 4.0 4.0 0.233 0.171 1.0567 0.9559 12.42 
0.332 4 4.0 4.0 0.283 0.180 1.0298 0.9559 12.42 
0.333 4 4.0 4.0 0.318 0.177 1.0852 0.9559 12.42 
0.334 4 4.0 4.0 0.242 0.219 1.0852 0.9559 12.43 
0.335 4 4.0 4.0 0.194 0.253 1.0567 0.9559 12.41 
0.336 4 4.0 4.0 0.219 0.200 1.0567 0.8924 12.42 
0.337 4 4.0 4.0 0.263 0.189 1.0567 0.9338 12.42 
0.338 4 4.0 4.0 0.238 0.185 1.0298 0.9559 12.43 
0.339 4 4.0 4.0 0.265 0.188 1.0567 0.9559 12.43 
0.340 4 4.0 4.0 0.289 0.211 1.0852 0.9559 12.39 
0.341 4 4.0 4.0 0.242 0.203 1.0567 0.8924 12.41 
0.342 4 4.0 4.0 0.195 0.203 1.0298 0.9125 12.42 
0.343 4 4.0 4.0 0.257 0.198 1.0298 0.9559 12.43 
0.344 4 4.0 4.0 0.203 0.146 1.0852 0.9796 12.43 
0.345 4 4.0 4.0 0.207 0.184 1.0852 0.9559 12.43 
0.346 4 4.0 4.0 0.264 0.183 1.0567 0.9796 12.42 
0.347 4 4.0 4.0 0.255 0.180 1.0567 0.9559 12.42 
0.348 4 4.0 4.0 0.197 0.182 1.0852 0.9796 12.43 
0.349 4 4.0 4.0 0.255 0.219 1.0567 0.9559 12.40 
0.350 4 4.0 4.0 0.219 0.158 1.0852 0.9559 12.42 
0.351 4 4.0 4.0 0.245 0.203 1.0852 0.9559 12.43 
0.352 4 4.0 4.0 0.292 0.211 1.0852 0.9559 12.42 
0.353 4 4.0 4.0 0.216 0.212 1.0852 0.9559 12.42 
0.354 4 4.0 4.0 0.214 0.181 1.0567 0.9559 12.43 
0.355 4 4.0 4.0 0.269 0.216 1.0567 0.9338 12.42 
0.356 4 4.0 4.0 0.254 0.203 1.0567 0.9559 12.43 
0.357 4 4.0 4.0 0.253 0.208 1.0298 0.9338 12.43 
0.358 4 4.0 4.0 0.287 0.205 1.0567 0.9559 12.42 
0.359 4 4.0 4.0 0.238 0.211 0.9559 0.9559 12.42 
0.360 4 4.0 4.0 0.222 0.187 1.0852 0.9559 12.42 
0.361 4 4.0 4.0 0.245 0.190 1.0567 0.9559 12.43 
0.362 4 4.0 4.0 0.245 0.212 1.0567 0.9125 12.42 
0.363 4 4.0 4.0 0.257 0.200 1.0567 0.9559 12.42 
0.364 4 4.0 4.0 0.267 0.197 1.0852 0.9559 12.43 
0.365 4 4.0 4.0 0.255 0.189 1.0852 0.9796 12.42 
0.366 4 4.0 4.0 0.206 0.207 1.0567 0.9559 12.42 
0.367 4 4.0 4.0 0.209 0.196 1.0852 0.9796 12.42 
0.368 4 4.0 4.0 0.257 0.195 1.0852 0.9796 12.42 
0.369 4 4.0 4.0 0.238 0.202 1.0852 0.9559 12.42 
0.370 4 4.0 4.0 0.215 0.177 1.1153 0.9796 12.42 
0.371 4 4.0 4.0 0.233 0.169 1.0852 0.9559 12.42 
0.372 4 4.0 4.0 0.190 0.181 1.0852 0.9796 12.43 
0.373 4 4.0 4.0 0.203 0.188 1.0852 0.9559 12.42 
0.374 4 4.0 4.0 0.241 0.186 1.0567 0.9559 12.43 
0.375 4 4.0 4.0 0.249 0.181 1.0852 0.9796 12.43 
0.376 4 4.0 4.0 0.247 0.173 1.0852 0.9559 12.43 
0.377 4 4.0 4.0 0.249 0.199 1.0567 0.9796 12.44 
0.378 4 4.0 4.0 0.253 0.149 1.0567 0.9796 12.42 
0.379 4 4.0 4.0 0.195 0.149 1.1153 0.9796 12.42 
0.380 4 4.0 4.0 0.319 0.179 1.0567 0.9796 12.42 
0.381 4 4.0 4.0 0.247 0.170 1.0852 0.9796 12.43 
0.382 4 4.0 4.0 0.191 0.194 1.0852 0.9338 12.42 
0.383 4 4.0 4.0 0.267 0.195 1.0852 0.9559 12.42 
0.384 4 4.0 4.0 0.215 0.202 1.0567 0.9796 12.42 
0.385 4 4.0 4.0 0.187 0.183 1.0567 0.9796 12.42 
0.386 4 4.0 4.0 0.224 0.190 1.0852 0.8727 12.43 
0.387 4 4.0 4.0 0.252 0.203 1.0852 0.9796 12.43 
0.388 4 4.0 4.0 0.217 0.169 1.0567 0.9559 12.43 
0.389 4 4.0 4.0 0.222 0.179 1.1153 0.9796 12.43 
0.390 4 4.0 4.0 0.252 0.228 1.0852 0.9559 12.42 
0.391 4 4.0 4.0 0.229 0.184 1.0567 0.9559 12.41 
0.392 4 4.0 4.0 0.251 0.170 1.0852 0.9559 12.42 
0.393 4 4.0 4.0 0.254 0.207 1.0852 0.9559 12.39 
0.394 4 4.0 4.0 0.208 0.184 1.0567 0.9559 12.42 
0.395 4 4.0 4.0 0.206 0.185 1.0852 0.9559 12.42 
0.396 4 4.0 4.0 0.205 0.156 1.0852 0.9796 12.42 
0.397 4 4.0 4.0 0.207 0.192 1.0852 0.9559 12.42 
0.398 4 4.0 4.0 0.253 0.181 1.0567 0.9559 12.43 
0.399 4 4.0 4.0 0.311 0.160 1.0567 0.9559 12.43 
0.400 4 4.0 4.0 0.234 0.184 1.0852 0.9559 12.43 
0.401 4 4.0 4.0 0.215 0.197 1.0852 0.9796 12.44 
0.402 4 4.0 4.0 0.254 0.146 1.0567 0.9796 12.43 
0.403 4 4.0 4.0 0.172 0.203 1.0852 0.9559 12.43 
0.404 4 4.0 4.0 0.195 0.202 1.0852 0.9559 12.44 
0.405 4 4.0 4.0 0.270 0.164 1.0567 0.9796 12.40 
0.406 4 4.0 4.0 0.264 0.173 1.0852 0.9796 12.42 
0.407 4 4.0 4.0 0.230 0.193 1.0852 0.9559 12.42 
0.408 4 4.0 4.0 0.256 0.175 1.0852 0.9796 12.41 
0.409 4 4.0 4.0 0.203 0.169 1.1153 0.9559 12.42 
0.410 4 4.0 4.0 0.184 0.192 1.0852 0.9559 12.42 
0.411 4 4.0 4.0 0.215 0.192 1.0567 0.9796 12.42 
0.412 4 4.0 4.0 0.255 0.142 1.0852 0.9796 12.41 
0.413 4 4.0 4.0 0.261 0.169 1.0852 0.9796 12.43 
0.414 4 4.0 4.0 0.281 0.156 1.0567 0.9796 12.42 
0.415 4 4.0 4.0 0.204 0.177 1.0567 0.9796 12.42 
0.416 4 4.0 4.0 0.201 0.176 1.0852 0.9796 12.42 
0.417 4 4.0 4.0 0.275 0.199 1.0852 0.9796 12.43 
0.418 4 4.0 4.0 0.241 0.181 1.0852 0.9796 12.43 
0.419 4 4.0 4.0 0.224 0.135 1.0852 0.9796 12.43 
0.420 4 4.0 4.0 0.280 0.154 1.1153 0.9796 12.39 
0.421 4 4.0 4.0 0.211 0.206 1.0852 0.9338 12.41 
0.422 4 4.0 4.0 0.197 0.178 1.0852 0.9796 12.42 
0.423 4 4.0 4.0 0.257 0.188 1.1153 0.9338 12.43 
0.424 4 4.0 4.0 0.211 0.220 1.1153 0.9559 12.42 
0.425 4 4.0 4.0 0.229 0.180 1.0852 0.9796 12.43 
0.426 4 4.0 4.0 0.244 0.158 1.1153 0.9796 12.42 
0.427 4 4.0 4.0 0.188 0.166 1.1153 0.9559 12.42 
0.428 4 4.0 4.0 0.200 0.197 1.0852 0.9796 12.43 
0.429 4 4.0 4.0 0.223 0.158 1.1153 0.9559 12.42 
0.430 4 4.0 4.0 0.249 0.164 1.1153 0.9796 12.42 
0.431 4 4.0 4.0 0.208 0.185 1.0852 0.9796 12.43 
0.432 4 4.0 4.0 0.212 0.154 1.1153 0.9796 12.42 
0.433 4 4.0 4.0 0.195 0.155 1.1153 0.9796 12.43 
0.434 4 4.0 4.0 0.172 0.206 1.1153 0.9796 12.38 
0.435 4 4.0 4.0 0.215 0.182 1.0567 0.9796 12.42 
0.436 4 4.0 4.0 0.257 0.139 1.0852 0.9796 12.42 
0.437 4 4.0 4.0 0.234 0.220 0.9559 0.9796 12.42 
0.438 4 4.0 4.0 0.195 0.182 1.0852 0.9796 12.44 
0.439 4 4.0 4.0 0.222 0.191 1.1153 0.9559 12.44 
0.440 4 4.0 4.0 0.200 0.175 1.0852 0.9559 12.43 
0.441 4 4.0 4.0 0.222 0.215 1.1153 0.9796 12.43 
0.442 4 4.0 4.0 0.245 0.204 1.0852 0.9796 12.42 
0.443 4 4.0 4.0 0.211 0.149 1.0852 0.9796 12.43 
0.444 4 4.0 4.0 0.207 0.209 1.1153 0.9125 12.43 
0.445 4 4.0 4.0 0.259 0.198 1.0852 0.9559 12.43 
0.446 4 4.0 4.0 0.180 0.172 1.1153 0.9796 12.42 
0.447 4 4.0 4.0 0.211 0.120 1.1153 0.9796 12.42 
0.448 4 4.0 4.0 0.249 0.186 1.0852 0.9796 12.43 
0.449 4 4.0 4.0 0.222 0.175 1.1153 1.0041 12.42 
0.450 4 4.0 4.0 0.202 0.162 1.0852 1.0041 12.43 
0.451 4 4.0 4.0 0.248 0.240 1.0852 0.9796 12.43 
0.452 4 4.0 4.0 0.228 0.177 1.0852 0.9796 12.42 
0.453 4 4.0 4.0 0.230 0.153 1.1153 0.9796 12.43 
0.454 4 4.0 4.0 0.287 0.193 1.0567 0.9796 12.42 
0.455 4 4.0 4.0 0.227 0.196 1.0852 0.9796 12.42 
0.456 4 4.0 4.0 0.227 0.163 1.0852 0.9559 12.43 
0.457 4 4.0 4.0 0.221 0.169 1.0852 0.9796 12.43 
0.458 4 4.0 4.0 0.231 0.200 1.0852 0.9796 12.43 
0.459 4 4.0 4.0 0.213 0.186 1.1153 0.9796 12.43 
0.460 4 4.0 4.0 0.253 0.154 1.0852 0.9559 12.42 
0.461 4 4.0 4.0 0.238 0.196 1.0852 0.9796 12.41 
0.462 4 4.0 4.0 0.197 0.196 1.0852 0.9796 12.44 
0.463 4 4.0 4.0 0.269 0.169 1.0852 0.9796 12.43 
0.464 4 4.0 4.0 0.231 0.202 1.1153 0.9559 12.43 
0.465 4 4.0 4.0 0.181 0.216 1.1153 0.9559 12.42 
0.466 4 4.0 4.0 0.233 0.176 1.1153 0.9796 12.43 
0.467 4 4.0 4.0 0.270 0.146 1.1153 0.9796 12.41 
0.468 4 4.0 4.0 0.195 0.192 1.1153 0.9559 12.42 
0.469 4 4.0 4.0 0.264 0.215 1.0852 0.9796 12.42 
0.470 4 4.0 4.0 0.230 0.172 1.0852 0.9796 12.42 
0.471 4 4.0 4.0 0.162 0.202 1.1153 0.9796 12.42 
0.472 4 4.0 4.0 0.237 0.183 1.0852 0.9796 12.42 
0.473 4 4.0 4.0 0.222 0.154 1.0852 0.9559 12.42 
0.474 4 4.0 4.0 0.231 0.196 1.0567 0.9796 12.43 
0.475 4 4.0 4.0 0.251 0.203 1.1153 0.9796 12.42 
0.476 4 4.0 4.0 0.217 0.177 1.0852 0.9796 12.43 
0.477 4 4.0 4.0 0.171 0.200 1.0852 0.9796 12.42 
0.478 4 4.0 4.0 0.189 0.209 1.1153 0.9559 12.42 
0.479 4 4.0 4.0 0.226 0.182 1.1153 0.9796 12.42 
0.480 4 4.0 4.0 0.198 0.146 1.0852 0.9559 12.43 
0.481 4 4.0 4.0 0.183 0.157 1.1153 0.9796 12.43 
0.482 4 4.0 4.0 0.207 0.182 1.1153 0.9796 12.43 
0.483 4 4.0 4.0 0.162 0.167 1.0852 0.9796 12.43 
0.484 4 4.0 4.0 0.195 0.196 1.1153 0.9338 12.43 
0.485 4 4.0 4.0 0.240 0.199 1.1153 0.9559 12.42 
0.486 4 4.0 4.0 0.257 0.179 1.0852 0.9796 12.41 
0.487 4 4.0 4.0 0.257 0.179 1.1153 0.9796 12.42 
0.488 4 4.0 4.0 0.251 0.211 1.0852 0.9796 12.42 
0.489 4 4.0 4.0 0.237 0.184 1.1153 0.9796 12.43 
0.490 4 4.0 4.0 0.236 0.186 1.0567 0.9559 12.39 
0.491 4 4.0 4.0 0.295 0.179 1.0852 0.9796 12.41 
0.492 4 4.0 4.0 0.233 0.202 1.1153 0.9796 12.41 
0.493 4 4.0 4.0 0.206 0.163 1.1153 0.9796 12.43 
0.494 4 4.0 4.0 0.234 0.143 1.1153 0.9796 12.43 
0.495 4 4.0 4.0 0.187 0.187 1.0852 0.9559 12.43 
0.496 4 4.0 4.0 0.174 0.157 1.1153 0.9796 12.43 
0.497 4 4.0 4.0 0.258 0.168 1.0852 0.9796 12.43 
0.498 4 4.0 4.0 0.247 0.193 1.0852 0.9796 12.43 
0.499 4 4.0 4.0 0.217 0.188 1.1153 0.9796 12.43 
0.500 4 4.0 4.0 0.212 0.176 1.0852 0.9559 12.43 
0.501 4 4.0 4.0 0.213 0.195 1.1153 0.9559 12.42 
0.502 4 4.0 4.0 0.168 0.164 1.0852 0.9796 12.42 
0.503 4 4.0 4.0 0.253 0.190 1.0567 0.9796 12.41 
0.504 4 4.0 4.0 0.240 0.147 1.0852 0.9796 12.42 
0.505 4 4.0 4.0 0.214 0.183 1.0852 0.9559 12.42 
0.506 4 4.0 4.0 0.218 0.177 1.0852 0.9559 12.43 
0.507 4 4.0 4.0 0.203 0.147 1.0852 0.9796 12.42 
0.508 4 4.0 4.0 0.188 0.162 1.1153 0.9796 12.42 
0.509 4 4.0 4.0 0.285 0.168 1.0567 0.9796 12.42 
0.510 4 4.0 4.0 0.263 0.174 1.1153 1.0041 12.43 
0.511 4 4.0 4.0 0.207 0.165 1.1153 0.9796 12.43 
0.512 4 4.0 4.0 0.262 0.188 1.0852 0.9559 12.43 
0.513 4 4.0 4.0 0.211 0.207 1.0567 0.9796 12.42 
0.514 4 4.0 4.0 0.231 0.158 1.1153 0.9796 12.42 
0.515 4 4.0 4.0 0.287 0.162 1.0852 0.9796 12.44 
0.516 4 4.0 4.0 0.238 0.195 1.0852 0.9796 12.42 
0.517 4 4.0 4.0 0.223 0.166 1.0852 0.9796 12.43 
0.518 4 4.0 4.0 0.272 0.204 1.0852 0.9796 12.43 
0.519 4 4.0 4.0 0.210 0.207 1.1153 0.9796 12.42 
0.520 4 4.0 4.0 0.219 0.171 1.0852 0.9796 12.42 
0.521 4 4.0 4.0 0.244 0.162 1.0852 0.9796 12.43 
0.522 4 4.0 4.0 0.225 0.175 1.0852 0.9796 12.42 
0.523 4 4.0 4.0 0.186 0.202 1.0852 0.9796 12.41 
0.524 4 4.0 4.0 0.238 0.154 1.1153 0.9796 12.43 
0.525 4 4.0 4.0 0.223 0.194 1.0852 0.9559 12.42 
0.526 4 4.0 4.0 0.227 0.202 1.1153 0.9796 12.41 
0.527 4 4.0 4.0 0.272 0.185 1.0852 1.0041 12.42 
0.528 4 4.0 4.0 0.254 0.152 1.1153 1.0041 12.42 
0.529 4 4.0 4.0 0.215 0.179 1.0852 0.9796 12.42 
0.530 4 4.0 4.0 0.261 0.204 1.1153 1.0041 12.42 
0.531 4 4.0 4.0 0.208 0.163 1.0567 0.9796 12.43 
0.532 4 4.0 4.0 0.217 0.216 1.0852 0.9796 12.43 
0.533 4 4.0 4.0 0.238 0.185 1.1153 0.9796 12.43 
0.534 4 4.0 4.0 0.214 0.182 1.0852 0.9796 12.43 
0.535 4 4.0 4.0 0.205 0.188 1.0567 0.9796 12.39 
0.536 4 4.0 4.0 0.202 0.202 1.1153 0.9796 12.43 
0.537 4 4.0 4.0 0.192 0.222 1.1153 0.9796 12.42 
0.538 4 4.0 4.0 0.194 0.177 1.0852 0.9796 12.42 
0.539 4 4.0 4.0 0.237 0.183 1.1153 0.9559 12.42 
0.540 4 4.0 4.0 0.241 0.177 1.1153 0.9796 12.42 
0.541 4 4.0 4.0 0.216 0.169 1.0852 0.9559 12.42 
0.542 4 4.0 4.0 0.229 0.154 1.1153 0.9796 12.42 
0.543 4 4.0 4.0 0.223 0.181 1.1153 0.9796 12.43 
0.544 4 4.0 4.0 0.227 0.187 1.1153 0.9796 12.43 
0.545 4 4.0 4.0 0.223 0.207 1.0567 0.9338 12.43 
0.546 4 4.0 4.0 0.252 0.203 1.0852 0.9559 12.39 
0.547 4 4.0 4.0 0.217 0.190 1.0041 0.9796 12.42 
0.548 4 4.0 4.0 0.219 0.164 1.1153 0.9796 12.44 
0.549 4 4.0 4.0 0.201 0.205 1.1153 0.9796 12.43 
0.550 4 4.0 4.0 0.221 0.211 1.0852 1.0041 12.42 
0.551 4 4.0 4.0 0.240 0.169 1.1153 0.9796 12.43 
0.552 4 4.0 4.0 0.238 0.192 1.1153 0.9796 12.43 
0.553 4 4.0 4.0 0.203 0.207 1.1153 0.9796 12.39 
0.554 4 4.0 4.0 0.180 0.182 1.1474 0.9796 12.42 
0.555 4 4.0 4.0 0.207 0.151 1.1153 0.9796 12.42 
0.556 4 4.0 4.0 0.158 0.187 1.1153 0.9796 12.42 
0.557 4 4.0 4.0 0.226 0.210 1.1153 0.9796 12.42 
0.558 4 4.0 4.0 0.255 0.184 1.1153 0.9796 12.43 
0.559 4 4.0 4.0 0.230 0.197 1.1153 0.9796 12.43 
0.560 4 4.0 4.0 0.175 0.253 1.1153 0.9796 12.42 
0.561 4 4.0 4.0 0.245 0.181 1.0852 0.9559 12.42 
0.562 4 4.0 4.0 0.203 0.166 1.0852 0.9796 12.42 
0.563 4 4.0 4.0 0.203 0.176 1.0852 0.9796 12.43 
0.564 4 4.0 4.0 0.258 0.185 1.0567 0.9796 12.42 
0.565 4 4.0 4.0 0.199 0.169 1.1153 0.9796 12.43 
0.566 4 4.0 4.0 0.198 0.203 1.1153 0.9796 12.43 
0.567 4 4.0 4.0 0.200 0.220 1.0852 0.9796 12.42 
0.568 4 4.0 4.0 0.215 0.158 1.0852 0.9796 12.43 
0.569 4 4.0 4.0 0.215 0.139 1.0567 1.0041 12.43 
0.570 4 4.0 4.0 0.258 0.193 1.0852 0.9796 12.42 
0.571 4 4.0 4.0 0.215 0.161 1.1153 0.9796 12.42 
0.572 4 4.0 4.0 0.192 0.154 1.1153 0.9796 12.42 
0.573 4 4.0 4.0 0.227 0.156 1.0852 0.9796 12.41 
0.574 4 4.0 4.0 0.222 0.203 1.1153 1.0041 12.42 
0.575 4 4.0 4.0 0.212 0.150 1.1153 1.0041 12.43 
0.576 4 4.0 4.0 0.213 0.161 1.0852 0.9796 12.43 
0.577 4 4.0 4.0 0.208 0.215 1.1153 0.9796 12.42 
0.578 4 4.0 4.0 0.203 0.157 1.1153 0.9796 12.42 
0.579 4 4.0 4.0 0.253 0.206 1.0852 0.9796 12.40 
0.580 4 4.0 4.0 0.250 0.230 1.0852 0.9796 12.42 
0.581 4 4.0 4.0 0.215 0.180 1.1474 0.9338 12.42 
0.582 4 4.0 4.0 0.256 0.156 1.0567 0.9796 12.42 
0.583 4 4.0 4.0 0.225 0.168 1.1153 0.9796 12.43 
0.584 4 4.0 4.0 0.232 0.184 1.1153 0.9796 12.44 
0.585 4 4.0 4.0 0.275 0.177 1.0852 0.9796 12.43 
0.586 4 4.0 4.0 0.216 0.184 1.0852 0.9559 12.43 
0.587 4 4.0 4.0 0.190 0.193 1.1153 0.9796 12.39 
0.588 4 4.0 4.0 0.233 0.164 1.0852 0.9796 12.41 
0.589 4 4.0 4.0 0.237 0.160 1.1153 0.9796 12.42 
0.590 4 4.0 4.0 0.197 0.242 1.1153 0.9796 12.43 
0.591 4 4.0 4.0 0.262 0.186 1.0298 1.0041 12.42 
0.592 4 4.0 4.0 0.230 0.177 1.1153 1.0041 12.43 
0.593 4 4.0 4.0 0.208 0.219 1.1153 0.9796 12.43 
0.594 4 4.0 4.0 0.226 0.195 1.1153 0.9796 12.43 
0.595 4 4.0 4.0 0.245 0.133 1.1153 0.9796 12.43 
0.596 4 4.0 4.0 0.180 0.169 1.1153 0.9796 12.42 
0.597 4 4.0 4.0 0.257 0.173 1.1153 0.9796 12.42 
0.598 4 4.0 4.0 0.229 0.156 1.0852 0.9796 12.42 
0.599 4 4.0 4.0 0.188 0.172 1.1153 0.9796 12.42 
0.600 4 4.0 4.0 0.249 0.200 1.0852 1.0041 12.42 
0.601 4 4.0 4.0 0.229 0.187 1.1153 1.0041 12.42 
0.602 4 4.0 4.0 0.204 0.129 1.0852 0.9796 12.43 
0.603 4 4.0 4.0 0.280 0.177 1.1153 1.0041 12.44 
0.604 4 4.0 4.0 0.258 0.167 1.0852 1.0041 12.44 
0.605 4 4.0 4.0 0.188 0.160 1.0852 1.0041 12.43 
0.606 4 4.0 4.0 0.213 0.167 1.1153 0.9796 12.43 
0.607 4 4.0 4.0 0.238 0.207 1.1153 1.0041 12.43 
0.608 4 4.0 4.0 0.213 0.185 1.0852 1.0041 12.42 
0.609 4 4.0 4.0 0.246 0.168 1.1474 1.0041 12.43 
0.610 4 4.0 4.0 0.238 0.188 1.1153 0.9796 12.42 
0.611 4 4.0 4.0 0.193 0.188 1.0852 1.0041 12.44 
0.612 4 4.0 4.0 0.207 0.181 1.1153 0.9796 12.43 
0.613 4 4.0 4.0 0.234 0.195 1.1153 0.9796 12.42 
0.614 4 4.0 4.0 0.186 0.192 1.0852 0.9796 12.43 
0.615 4 4.0 4.0 0.257 0.116 1.1153 0.9796 12.43 
0.616 4 4.0 4.0 0.245 0.184 1.0852 0.9796 12.42 
0.617 4 4.0 4.0 0.192 0.203 1.1153 0.9796 12.42 
0.618 4 4.0 4.0 0.228 0.169 1.0852 0.9559 12.42 
0.619 4 4.0 4.0 0.226 0.208 1.0852 0.9796 12.42 
0.620 4 4.0 4.0 0.217 0.213 1.0852 0.9796 12.42 
0.621 4 4.0 4.0 0.257 0.185 1.1153 1.0041 12.39 
0.622 4 4.0 4.0 0.238 0.164 1.1153 0.9796 12.41 
0.623 4 4.0 4.0 0.207 0.193 1.1153 0.9559 12.42 
0.624 4 4.0 4.0 0.200 0.210 1.1153 0.9796 12.43 
0.625 4 4.0 4.0 0.239 0.139 1.1153 1.0041 12.42 
0.626 4 4.0 4.0 0.254 0.210 1.0852 0.9796 12.41 
0.627 4 4.0 4.0 0.243 0.210 1.1474 0.9796 12.42 
0.628 4 4.0 4.0 0.194 0.147 1.1153 0.9796 12.42 
0.629 4 4.0 4.0 0.186 0.159 1.0852 1.0041 12.42 
0.630 4 4.0 4.0 0.207 0.193 1.1153 0.9796 12.43 
0.631 4 4.0 4.0 0.243 0.167 1.1153 1.0041 12.43 
0.632 4 4.0 4.0 0.215 0.155 1.0852 1.0041 12.41 
0.633 4 4.0 4.0 0.193 0.187 1.1153 1.0041 12.42 
0.634 4 4.0 4.0 0.234 0.187 1.1153 0.9796 12.42 
0.635 4 4.0 4.0 0.168 0.138 1.1153 0.9796 12.40 
0.636 4 4.0 4.0 0.224 0.172 1.0852 1.0041 12.42 
0.637 4 4.0 4.0 0.243 0.175 1.0852 0.9796 12.41 
0.638 4 4.0 4.0 0.239 0.151 1.0852 0.9796 12.42 
0.639 4 4.0 4.0 0.209 0.195 1.1153 1.0041 12.42 
0.640 4 4.0 4.0 0.245 0.226 1.1153 0.9796 12.39 
0.641 4 4.0 4.0 0.211 0.201 1.0852 1.0041 12.42 
0.642 4 4.0 4.0 0.229 0.136 1.1153 0.9796 12.42 
0.643 4 4.0 4.0 0.257 0.175 1.1153 1.0041 12.42 
0.644 4 4.0 4.0 0.221 0.182 1.0852 0.9796 12.42 
0.645 4 4.0 4.0 0.190 0.137 1.1474 1.0041 12.42 
0.646 4 4.0 4.0 0.220 0.219 1.1153 0.9559 12.42 
0.647 4 4.0 4.0 0.177 0.202 1.0852 0.9796 12.42 
0.648 4 4.0 4.0 0.183 0.181 1.1153 1.0041 12.41 
0.649 4 4.0 4.0 0.261 0.165 1.1153 1.0041 12.43 
0.650 4 4.0 4.0 0.244 0.164 1.0298 0.9796 12.42 
0.651 4 4.0 4.0 0.207 0.181 1.1153 1.0041 12.42 
0.652 4 4.0 4.0 0.268 0.185 1.1153 0.9796 12.42 
0.653 4 4.0 4.0 0.181 0.172 1.0852 1.0041 12.42 
0.654 4 4.0 4.0 0.229 0.186 1.0567 0.9796 12.44 
0.655 4 4.0 4.0 0.289 0.188 1.0852 0.9796 12.43 
0.656 4 4.0 4.0 0.249 0.168 1.1153 0.9796 12.42 
0.657 4 4.0 4.0 0.218 0.187 1.1153 0.9796 12.42 
0.658 4 4.0 4.0 0.249 0.139 1.1153 0.9796 12.43 
0.659 4 4.0 4.0 0.222 0.167 1.0852 1.0041 12.43 
0.660 4 4.0 4.0 0.215 0.208 1.1153 0.9796 12.41 
0.661 4 4.0 4.0 0.238 0.182 1.0852 1.0041 12.42 
0.662 4 4.0 4.0 0.200 0.169 1.1153 0.9796 12.43 
0.663 4 4.0 4.0 0.215 0.141 1.1474 1.0041 12.42 
0.664 4 4.0 4.0 0.222 0.158 1.1153 1.0041 12.42 
0.665 4 4.0 4.0 0.220 0.178 1.1153 1.0041 12.42 
0.666 4 4.0 4.0 0.208 0.207 1.1153 0.9559 12.42 
0.667 4 4.0 4.0 0.230 0.179 1.0852 0.9796 12.43 
0.668 4 4.0 4.0 0.197 0.191 1.1153 1.0041 12.43 
0.669 4 4.0 4.0 0.184 0.152 1.1153 1.0041 12.43 
0.670 4 4.0 4.0 0.242 0.165 1.0852 0.9796 12.42 
0.671 4 4.0 4.0 0.212 0.226 1.0852 1.0041 12.42 
0.672 4 4.0 4.0 0.210 0.195 1.0567 0.9796 12.43 
0.673 4 4.0 4.0 0.220 0.150 1.0567 1.0041 12.42 
0.674 4 4.0 4.0 0.215 0.202 1.1153 0.9796 12.44 
0.675 4 4.0 4.0 0.191 0.154 1.1153 1.0041 12.43 
0.676 4 4.0 4.0 0.238 0.150 1.1153 1.0041 12.43 
0.677 4 4.0 4.0 0.227 0.200 1.0852 0.9796 12.44 
0.678 4 4.0 4.0 0.184 0.163 1.1153 0.9796 12.44 
0.679 4 4.0 4.0 0.242 0.191 1.0852 0.9796 12.42 
0.680 4 4.0 4.0 0.224 0.198 1.1153 0.9796 12.43 
0.681 4 4.0 4.0 0.206 0.177 1.1153 1.0041 12.42 
0.682 4 4.0 4.0 0.267 0.139 1.1153 0.9796 12.42 
0.683 4 4.0 4.0 0.225 0.128 1.1153 0.9796 12.43 
0.684 4 4.0 4.0 0.165 0.215 1.1153 0.9796 12.42 
0.685 4 4.0 4.0 0.215 0.177 1.0852 0.9796 12.41 
0.686 4 4.0 4.0 0.193 0.158 1.1153 0.9338 12.42 
0.687 4 4.0 4.0 0.208 0.215 1.1153 0.9559 12.41 
0.688 4 4.0 4.0 0.237 0.211 1.0852 1.0041 12.42 
0.689 4 4.0 4.0 0.231 0.173 1.0852 1.0041 12.42 
0.690 4 4.0 4.0 0.173 0.180 1.1153 0.8924 12.43 
0.691 4 4.0 4.0 0.255 0.219 1.0852 1.0041 12.43 
0.692 4 4.0 4.0 0.219 0.190 1.1153 0.9796 12.44 
0.693 4 4.0 4.0 0.203 0.203 1.1153 1.0041 12.42 
0.694 4 4.0 4.0 0.264 0.239 1.0852 0.9796 12.42 
0.695 4 4.0 4.0 0.205 0.177 1.0852 0.9559 12.43 
0.696 4 4.0 4.0 0.191 0.162 1.1153 0.9796 12.44 
0.697 4 4.0 4.0 0.239 0.204 1.0852 0.9796 12.44 
0.698 4 4.0 4.0 0.241 0.205 1.1153 1.0041 12.43 
0.699 4 4.0 4.0 0.215 0.174 1.1153 0.9796 12.43 
0.700 4 4.0 4.0 0.252 0.200 1.0852 0.9796 12.42 
0.701 4 4.0 4.0 0.203 0.192 1.1153 1.0041 12.42 
0.702 4 4.0 4.0 0.186 0.166 1.1153 0.9796 12.43 
0.703 4 4.0 4.0 0.242 0.140 1.0852 1.0041 12.42 
0.704 4 4.0 4.0 0.232 0.192 1.1153 1.0041 12.42 
0.705 4 4.0 4.0 0.208 0.167 1.1153 1.0041 12.43 
0.706 4 4.0 4.0 0.255 0.151 1.0041 0.9559 12.42 
0.707 4 4.0 4.0 0.195 0.211 1.0852 0.9796 12.42 
0.708 4 4.0 4.0 0.196 0.206 1.1153 0.9796 12.42 
0.709 4 4.0 4.0 0.267 0.137 1.0852 1.0041 12.42 
0.710 4 4.0 4.0 0.276 0.194 1.1153 1.0041 12.42 
0.711 4 4.0 4.0 0.245 0.216 1.1153 1.0041 12.43 
0.712 4 4.0 4.0 0.272 0.157 1.1153 0.9796 12.43 
0.713 4 4.0 4.0 0.243 0.193 1.0852 1.0041 12.39 
0.714 4 4.0 4.0 0.211 0.173 1.1153 1.0041 12.41 
0.715 4 4.0 4.0 0.242 0.168 1.1153 1.0041 12.42 
0.716 4 4.0 4.0 0.261 0.177 1.1153 1.0041 12.43 
0.717 4 4.0 4.0 0.212 0.182 1.1153 0.9796 12.43 
0.718 4 4.0 4.0 0.216 0.188 1.1153 0.9796 12.43 
0.719 4 4.0 4.0 0.173 0.182 1.1153 0.9796 12.44 
0.720 4 4.0 4.0 0.157 0.188 1.1153 0.9796 12.43 
0.721 4 4.0 4.0 0.232 0.208 1.1153 0.9796 12.42 
0.722 4 4.0 4.0 0.273 0.160 1.1153 0.9559 12.42 
0.723 4 4.0 4.0 0.261 0.170 1.0852 0.9796 12.43 
0.724 4 4.0 4.0 0.230 0.225 1.1153 0.9796 12.43 
0.725 4 4.0 4.0 0.188 0.176 1.0852 0.9796 12.42 
0.726 4 4.0 4.0 0.192 0.180 1.1153 0.9796 12.43 
0.727 4 4.0 4.0 0.212 0.200 1.0852 0.9796 12.43 
0.728 4 4.0 4.0 0.260 0.183 1.0852 0.9796 12.43 
0.729 4 4.0 4.0 0.229 0.169 1.0852 1.0041 12.42 
0.730 4 4.0 4.0 0.250 0.154 1.1153 1.0041 12.43 
0.731 4 4.0 4.0 0.209 0.184 1.0852 0.9796 12.42 
0.732 4 4.0 4.0 0.185 0.184 1.0852 0.9796 12.43 
0.733 4 4.0 4.0 0.213 0.182 1.1153 1.0041 12.43 
0.734 4 4.0 4.0 0.237 0.207 1.1153 0.9796 12.43 
0.735 4 4.0 4.0 0.230 0.208 1.0852 1.0041 12.42 
0.736 4 4.0 4.0 0.214 0.129 1.1153 0.9796 12.43 
0.737 4 4.0 4.0 0.228 0.163 1.1153 0.9796 12.43 
0.738 4 4.0 4.0 0.171 0.201 1.0852 0.9796 12.42 
0.739 4 4.0 4.0 0.257 0.163 1.1153 0.9796 12.42 
0.740 4 4.0 4.0 0.257 0.203 1.1153 1.0041 12.42 
0.741 4 4.0 4.0 0.222 0.242 1.0852 0.9796 12.44 
0.742 4 4.0 4.0 0.240 0.177 1.1153 0.9796 12.43 
0.743 4 4.0 4.0 0.229 0.143 1.0852 0.9796 12.43 
0.744 4 4.0 4.0 0.185 0.186 1.1474 1.0041 12.43 
0.745 4 4.0 4.0 0.257 0.153 1.0852 1.0041 12.42 
0.746 4 4.0 4.0 0.228 0.141 1.0852 1.0041 12.42 
0.747 4 4.0 4.0 0.169 0.236 1.0852 0.9559 12.41 
0.748 4 4.0 4.0 0.191 0.207 1.1153 0.9796 12.42 
0.749 4 4.0 4.0 0.207 0.161 1.1153 1.0041 12.42 
0.750 4 4.0 4.0 0.200 0.175 1.1153 1.0041 12.43 
0.751 4 4.0 4.0 0.245 0.174 1.1153 1.0041 12.43 
0.752 4 4.0 4.0 0.275 0.137 1.1153 0.9796 12.43 
0.753 4 4.0 4.0 0.211 0.179 1.0852 1.0041 12.43 
0.754 4 4.0 4.0 0.203 0.209 1.1153 0.9796 12.39 
0.755 4 4.0 4.0 0.205 0.150 1.1153 1.0041 12.41 
0.756 4 4.0 4.0 0.139 0.171 1.0852 1.0041 12.42 
0.757 4 4.0 4.0 0.207 0.158 1.1153 1.0041 12.43 
0.758 4 4.0 4.0 0.234 0.183 1.1153 1.0041 12.43 
0.759 4 4.0 4.0 0.211 0.157 1.0852 1.0041 12.42 
0.760 4 4.0 4.0 0.225 0.189 1.1153 1.0041 12.42 
0.761 4 4.0 4.0 0.260 0.188 1.1153 1.0041 12.42 
0.762 4 4.0 4.0 0.197 0.161 1.1153 0.9796 12.42 
0.763 4 4.0 4.0 0.231 0.147 1.0852 0.9796 12.42 
0.764 4 4.0 4.0 0.258 0.179 1.0852 1.0041 12.43 
0.765 4 4.0 4.0 0.200 0.144 1.0852 1.0041 12.43 
0.766 4 4.0 4.0 0.190 0.157 1.1153 1.0041 12.43 
0.767 4 4.0 4.0 0.190 0.192 1.1153 0.9559 12.43 
0.768 4 4.0 4.0 0.154 0.192 1.0852 0.9796 12.43 
0.769 4 4.0 4.0 0.184 0.149 1.1153 0.9796 12.43 
0.770 4 4.0 4.0 0.261 0.174 1.1153 1.0041 12.43 
0.771 4 4.0 4.0 0.237 0.190 1.0852 0.9796 12.42 
0.772 4 4.0 4.0 0.217 0.191 1.1474 0.9338 12.42 
0.773 4 4.0 4.0 0.203 0.181 1.1153 1.0041 12.43 
0.774 4 4.0 4.0 0.193 0.184 1.0852 0.9796 12.41 
0.775 4 4.0 4.0 0.184 0.184 1.1153 0.9796 12.42 
0.776 4 4.0 4.0 0.203 0.115 1.1153 1.0041 12.42 
0.777 4 4.0 4.0 0.224 0.140 1.0852 0.9796 12.42 
0.778 4 4.0 4.0 0.232 0.159 1.1153 0.9796 12.42 
0.779 4 4.0 4.0 0.212 0.181 1.1153 0.9796 12.42 
0.780 4 4.0 4.0 0.224 0.222 1.1153 0.9796 12.43 
0.781 4 4.0 4.0 0.230 0.209 1.0852 1.0041 12.42 
0.782 4 4.0 4.0 0.273 0.183 1.1153 0.9125 12.42 
0.783 4 4.0 4.0 0.239 0.162 1.0852 0.9796 12.43 
0.784 4 4.0 4.0 0.235 0.153 1.1153 1.0041 12.42 
0.785 4 4.0 4.0 0.205 0.197 1.1153 1.0041 12.43 
0.786 4 4.0 4.0 0.181 0.180 1.1153 1.0041 12.41 
0.787 4 4.0 4.0 0.202 0.205 1.1474 0.9796 12.42 
0.788 4 4.0 4.0 0.264 0.184 1.1474 1.0041 12.42 
0.789 4 4.0 4.0 0.225 0.172 1.0852 1.0041 12.42 
0.790 4 4.0 4.0 0.203 0.162 1.1474 1.0041 12.43 
0.791 4 4.0 4.0 0.235 0.165 1.1474 0.9796 12.43 
0.792 4 4.0 4.0 0.184 0.189 1.1153 1.0041 12.42 
0.793 4 4.0 4.0 0.185 0.165 1.1474 1.0041 12.42 
0.794 4 4.0 4.0 0.241 0.202 1.1474 0.9796 12.42 
0.795 4 4.0 4.0 0.222 0.199 1.1153 1.0041 12.43 
0.796 4 4.0 4.0 0.228 0.171 1.1153 1.0041 12.42 
0.797 4 4.0 4.0 0.200 0.186 1.1153 1.0041 12.42 
0.798 4 4.0 4.0 0.209 0.161 1.1153 0.9796 12.41 
0.799 4 4.0 4.0 0.217 0.179 1.0852 0.9796 12.41 
0.800 4 4.0 4.0 0.287 0.214 1.0852 0.9796 12.42 
0.801 4 4.0 4.0 0.230 0.185 0.9796 0.9796 12.43 
0.802 4 4.0 4.0 0.214 0.173 1.1153 1.0041 12.43 
0.803 4 4.0 4.0 0.219 0.154 1.1153 0.9796 12.39 
0.804 4 4.0 4.0 0.199 0.188 1.0852 0.9796 12.42 
0.805 4 4.0 4.0 0.207 0.153 1.1153 0.9796 12.43 
0.806 4 4.0 4.0 0.242 0.163 1.1153 1.0041 12.42 
0.807 4 4.0 4.0 0.251 0.200 1.1153 0.9796 12.42 
0.808 4 4.0 4.0 0.230 0.181 1.1474 0.9796 12.42 
0.809 4 4.0 4.0 0.234 0.162 1.1153 1.0041 12.43 
0.810 4 4.0 4.0 0.172 0.155 1.0852 1.0041 12.43 
0.811 4 4.0 4.0 0.219 0.201 1.1153 1.0041 12.42 
0.812 4 4.0 4.0 0.252 0.203 1.1153 1.0041 12.43 
0.813 4 4.0 4.0 0.205 0.163 1.1153 1.0041 12.43 
0.814 4 4.0 4.0 0.211 0.188 1.1153 0.9796 12.39 
0.815 4 4.0 4.0 0.219 0.192 1.1153 1.0041 12.42 
0.816 4 4.0 4.0 0.192 0.150 1.1153 1.0041 12.42 
0.817 4 4.0 4.0 0.167 0.177 1.0852 1.0041 12.41 
0.818 4 4.0 4.0 0.265 0.172 1.1153 1.0041 12.42 
0.819 4 4.0 4.0 0.217 0.162 1.1153 1.0041 12.42 
0.820 4 4.0 4.0 0.226 0.192 1.1153 1.0041 12.42 
0.821 4 4.0 4.0 0.271 0.167 1.1153 1.0041 12.42 
0.822 4 4.0 4.0 0.203 0.150 1.0852 1.0041 12.43 
0.823 4 4.0 4.0 0.193 0.145 1.1153 1.0041 12.42 
0.824 4 4.0 4.0 0.257 0.184 1.1153 1.0041 12.42 
0.825 4 4.0 4.0 0.237 0.148 1.1153 1.0041 12.42 
0.826 4 4.0 4.0 0.244 0.193 1.1474 1.0041 12.43 
0.827 4 4.0 4.0 0.229 0.204 1.1153 0.9796 12.42 
0.828 4 4.0 4.0 0.181 0.154 1.1153 1.0041 12.42 
0.829 4 4.0 4.0 0.168 0.181 1.1153 1.0041 12.42 
0.830 4 4.0 4.0 0.268 0.158 1.1153 1.0041 12.42 
0.831 4 4.0 4.0 0.184 0.170 1.1153 0.9796 12.42 
0.832 4 4.0 4.0 0.229 0.150 1.1153 1.0041 12.43 
0.833 4 4.0 4.0 0.236 0.186 1.1153 1.0041 12.42 
0.834 4 4.0 4.0 0.207 0.213 1.0852 1.0041 12.42 
0.835 4 4.0 4.0 0.207 0.154 1.0852 1.0041 12.42 
0.836 4 4.0 4.0 0.244 0.164 1.0567 1.0041 12.42 
0.837 4 4.0 4.0 0.207 0.177 1.1153 0.9559 12.43 
0.838 4 4.0 4.0 0.207 0.182 1.1153 0.9796 12.43 
0.839 4 4.0 4.0 0.222 0.156 1.0852 0.9796 12.42 
0.840 4 4.0 4.0 0.179 0.194 1.1153 1.0041 12.42 
0.841 4 4.0 4.0 0.171 0.224 1.1153 1.0041 12.42 
0.842 4 4.0 4.0 0.211 0.163 1.0852 0.9559 12.43 
0.843 4 4.0 4.0 0.207 0.181 1.1153 1.0041 12.43 
0.844 4 4.0 4.0 0.243 0.179 1.1474 1.0041 12.43 
0.845 4 4.0 4.0 0.271 0.175 1.1153 1.0041 12.43 
0.846 4 4.0 4.0 0.203 0.153 1.1474 1.0041 12.43 
0.847 4 4.0 4.0 0.206 0.222 1.1153 0.9796 12.43 
0.848 4 4.0 4.0 0.258 0.210 1.0852 0.9796 12.42 
0.849 4 4.0 4.0 0.215 0.130 1.1153 1.0041 12.42 
0.850 4 4.0 4.0 0.228 0.159 1.1153 1.0041 12.42 
0.851 4 4.0 4.0 0.226 0.173 1.0852 0.9796 12.43 
0.852 4 4.0 4.0 0.166 0.177 1.0852 1.0041 12.43 
0.853 4 4.0 4.0 0.184 0.206 1.0852 1.0041 12.43 
0.854 4 4.0 4.0 0.210 0.219 1.0852 0.9796 12.43 
0.855 4 4.0 4.0 0.205 0.191 1.1153 1.0041 12.44 
0.856 4 4.0 4.0 0.224 0.147 1.1153 1.0041 12.43 
0.857 4 4.0 4.0 0.246 0.188 1.1153 0.9338 12.44 
0.858 4 4.0 4.0 0.206 0.181 1.1153 0.9796 12.43 
0.859 4 4.0 4.0 0.155 0.156 1.1474 0.9796 12.43 
0.860 4 4.0 4.0 0.247 0.238 1.1153 1.0041 12.41 
0.861 4 4.0 4.0 0.215 0.220 1.1153 1.0041 12.43 
0.862 4 4.0 4.0 0.182 0.152 1.1474 0.9125 12.42 
0.863 4 4.0 4.0 0.242 0.162 1.1153 1.0041 12.43 
0.864 4 4.0 4.0 0.217 0.192 1.1474 0.9796 12.43 
0.865 4 4.0 4.0 0.189 0.209 1.1153 1.0041 12.42 
0.866 4 4.0 4.0 0.230 0.161 1.0852 1.0041 12.43 
0.867 4 4.0 4.0 0.197 0.227 1.1153 0.9796 12.43 
0.868 4 4.0 4.0 0.212 0.215 1.1153 0.9796 12.42 
0.869 4 4.0 4.0 0.215 0.134 1.0852 1.0041 12.43 
0.870 4 4.0 4.0 0.219 0.165 1.1153 1.0041 12.42 
0.871 4 4.0 4.0 0.238 0.181 0.9796 0.9796 12.41 
0.872 4 4.0 4.0 0.249 0.173 1.0852 1.0041 12.42 
0.873 4 4.0 4.0 0.178 0.176 1.1153 1.0041 12.41 
0.874 4 4.0 4.0 0.173 0.192 1.1153 0.9796 12.42 
0.875 4 4.0 4.0 0.217 0.157 1.1153 1.0041 12.42 
0.876 4 4.0 4.0 0.192 0.146 1.1153 1.0041 12.43 
0.877 4 4.0 4.0 0.207 0.150 1.1153 1.0041 12.42 
0.878 4 4.0 4.0 0.292 0.187 1.0852 0.9796 12.42 
0.879 4 4.0 4.0 0.200 0.173 1.1153 0.9796 12.43 
0.880 4 4.0 4.0 0.184 0.180 1.1153 0.9796 12.42 
0.881 4 4.0 4.0 0.264 0.190 1.1153 0.9796 12.43 
0.882 4 4.0 4.0 0.173 0.165 1.1153 1.0041 12.43 
0.883 4 4.0 4.0 0.186 0.177 1.1153 0.9796 12.42 
0.884 4 4.0 4.0 0.246 0.188 1.0852 1.0041 12.42 
0.885 4 4.0 4.0 0.253 0.169 1.1153 1.0041 12.39 
0.886 4 4.0 4.0 0.198 0.180 1.1153 1.0041 12.42 
0.887 4 4.0 4.0 0.238 0.219 1.0852 0.9796 12.42 
0.888 4 4.0 4.0 0.186 0.180 1.0852 0.9796 12.42 
0.889 4 4.0 4.0 0.207 0.180 1.1153 1.0041 12.42 
0.890 4 4.0 4.0 0.268 0.186 1.0567 1.0041 12.43 
0.891 4 4.0 4.0 0.226 0.205 1.1153 0.9796 12.42 
0.892 4 4.0 4.0 0.161 0.207 1.1153 1.0041 12.43 
0.893 4 4.0 4.0 0.219 0.169 1.0852 1.0041 12.43 
0.894 4 4.0 4.0 0.174 0.200 1.0852 1.0041 12.42 
0.895 4 4.0 4.0 0.174 0.155 1.1153 1.0041 12.42 
0.896 4 4.0 4.0 0.221 0.152 1.0852 1.0041 12.42 
0.897 4 4.0 4.0 0.240 0.174 1.1153 0.9338 12.43 
0.898 4 4.0 4.0 0.200 0.178 1.1153 0.9796 12.40 
0.899 4 4.0 4.0 0.278 0.175 1.1153 1.0041 12.42 
0.900 4 4.0 4.0 0.216 0.238 1.1474 1.0041 12.42 
0.901 4 4.0 4.0 0.224 0.204 1.1153 1.0041 12.42 
0.902 4 4.0 4.0 0.263 0.177 1.0852 0.9125 12.43 
0.903 4 4.0 4.0 0.223 0.156 1.1153 0.9796 12.42 
0.904 4 4.0 4.0 0.238 0.163 1.1153 1.0041 12.42 
0.905 4 4.0 4.0 0.215 0.122 1.0852 1.0041 12.42 
0.906 4 4.0 4.0 0.264 0.185 1.0852 1.0041 12.42 
0.907 4 4.0 4.0 0.256 0.209 1.1153 0.9796 12.42 
0.908 4 4.0 4.0 0.293 0.165 1.0852 1.0041 12.42 
0.909 4 4.0 4.0 0.249 0.170 1.1153 1.0041 12.42 
0.910 4 4.0 4.0 0.207 0.181 1.1153 1.0041 12.43 
0.911 4 4.0 4.0 0.267 0.211 1.1153 0.9796 12.42 
0.912 4 4.0 4.0 0.244 0.153 1.1153 0.9796 12.42 
0.913 4 4.0 4.0 0.181 0.187 1.1474 1.0041 12.43 
0.914 4 4.0 4.0 0.204 0.200 1.1153 0.9796 12.43 
0.915 4 4.0 4.0 0.237 0.158 1.1153 1.0041 12.43 
0.916 4 4.0 4.0 0.184 0.156 1.1153 1.0041 12.42 
0.917 4 4.0 4.0 0.286 0.159 1.1153 0.9796 12.42 
0.918 4 4.0 4.0 0.201 0.184 1.1153 1.0041 12.43 
0.919 4 4.0 4.0 0.154 0.147 1.1153 1.0041 12.42 
0.920 4 4.0 4.0 0.219 0.215 1.0852 1.0041 12.41 
0.921 4 4.0 4.0 0.211 0.192 1.1153 1.0041 12.42 
0.922 4 4.0 4.0 0.230 0.141 1.1153 0.9796 12.39 
0.923 4 4.0 4.0 0.234 0.174 1.0852 1.0041 12.41 
0.924 4 4.0 4.0 0.174 0.174 1.0852 1.0041 12.42 
0.925 4 4.0 4.0 0.170 0.163 1.1474 1.0041 12.43 
0.926 4 4.0 4.0 0.257 0.182 1.0852 1.0041 12.42 
0.927 4 4.0 4.0 0.203 0.210 1.1153 0.9559 12.43 
0.928 4 4.0 4.0 0.209 0.173 1.1153 0.9796 12.38 
0.929 4 4.0 4.0 0.255 0.188 1.0852 1.0041 12.41 
0.930 4 4.0 4.0 0.181 0.169 1.0852 1.0041 12.42 
0.931 4 4.0 4.0 0.204 0.184 1.1474 1.0041 12.42 
0.932 4 4.0 4.0 0.230 0.150 1.1153 0.9796 12.42 
0.933 4 4.0 4.0 0.245 0.186 1.1474 1.0041 12.44 
0.934 4 4.0 4.0 0.230 0.201 1.1153 0.9796 12.43 
0.935 4 4.0 4.0 0.286 0.161 1.1153 1.0041 12.40 
0.936 4 4.0 4.0 0.182 0.158 1.1474 1.0041 12.41 
0.937 4 4.0 4.0 0.182 0.154 1.1153 0.9796 12.41 
0.938 4 4.0 4.0 0.229 0.181 1.0852 0.9796 12.42 
0.939 4 4.0 4.0 0.240 0.192 1.1153 0.9796 12.43 
0.940 4 4.0 4.0 0.202 0.204 1.1153 0.9796 12.42 
0.941 4 4.0 4.0 0.185 0.228 1.0852 1.0041 12.42 
0.942 4 4.0 4.0 0.215 0.215 1.1153 0.9796 12.42 
0.943 4 4.0 4.0 0.162 0.181 1.1474 0.9796 12.43 
0.944 4 4.0 4.0 0.261 0.184 1.0852 1.0041 12.43 
0.945 4 4.0 4.0 0.234 0.150 1.1153 1.0041 12.39 
0.946 4 4.0 4.0 0.186 0.167 1.1153 1.0041 12.42 
0.947 4 4.0 4.0 0.226 0.213 1.1153 0.9796 12.43 
0.948 4 4.0 4.0 0.188 0.190 1.0852 0.9796 12.42 
0.949 4 4.0 4.0 0.218 0.181 1.1153 1.0041 12.43 
0.950 4 4.0 4.0 0.243 0.174 1.0852 1.0041 12.43 
0.951 4 4.0 4.0 0.218 0.194 1.1153 0.9796 12.42 
0.952 4 4.0 4.0 0.188 0.161 1.1153 0.9125 12.42 
0.953 4 4.0 4.0 0.266 0.158 1.1153 1.0041 12.43 
0.954 4 4.0 4.0 0.201 0.187 1.1474 0.9796 12.43 
0.955 4 4.0 4.0 0.217 0.153 1.1153 1.0041 12.40 
0.956 4 4.0 4.0 0.271 0.164 1.0852 1.0041 12.42 
0.957 4 4.0 4.0 0.234 0.178 1.1153 1.0041 12.42 
0.958 4 4.0 4.0 0.212 0.154 1.1153 1.0041 12.41 
0.959 4 4.0 4.0 0.228 0.187 1.0852 0.9796 12.42 
0.960 4 4.0 4.0 0.228 0.202 1.0852 1.0041 12.39 
0.961 4 4.0 4.0 0.217 0.173 1.1474 1.0041 12.41 
0.962 4 4.0 4.0 0.278 0.166 1.0567 0.9796 12.42 
0.963 4 4.0 4.0 0.211 0.161 1.1153 0.9796 12.42 
0.964 4 4.0 4.0 0.193 0.175 1.1153 1.0041 12.42 
0.965 4 4.0 4.0 0.203 0.168 1.1153 1.0041 12.43 
0.966 4 4.0 4.0 0.190 0.154 1.1153 1.0041 12.43 
0.967 4 4.0 4.0 0.212 0.203 1.1474 0.9796 12.43 
0.968 4 4.0 4.0 0.253 0.175 1.1153 0.9796 12.43 
0.969 4 4.0 4.0 0.234 0.131 1.1153 1.0041 12.44 
0.970 4 4.0 4.0 0.232 0.145 1.1153 1.0041 12.43 
0.971 4 4.0 4.0 0.272 0.139 1.1153 0.9796 12.42 
0.972 4 4.0 4.0 0.198 0.157 1.1153 0.9796 12.43 
0.973 4 4.0 4.0 0.218 0.177 1.1153 1.0041 12.42 
0.974 4 4.0 4.0 0.231 0.168 1.0852 1.0041 12.43 
0.975 4 4.0 4.0 0.200 0.173 1.1153 1.0041 12.43 
0.976 4 4.0 4.0 0.192 0.136 1.1153 1.0041 12.42 
0.977 4 4.0 4.0 0.205 0.172 1.0852 1.0041 12.42 
0.978 4 4.0 4.0 0.193 0.187 1.0852 1.0041 12.42 
0.979 4 4.0 4.0 0.221 0.160 1.1474 1.0041 12.43 
0.980 4 4.0 4.0 0.280 0.177 1.0852 1.0041 12.43 
0.981 4 4.0 4.0 0.234 0.192 1.1153 1.0041 12.43 
0.982 4 4.0 4.0 0.197 0.138 1.1153 0.9796 12.43 
0.983 4 4.0 4.0 0.234 0.165 1.1153 1.0041 12.43 
0.984 4 4.0 4.0 0.178 0.200 1.1153 1.0041 12.42 
0.985 4 4.0 4.0 0.169 0.163 1.1474 1.0041 12.42 
0.986 4 4.0 4.0 0.246 0.135 1.1153 0.9338 12.43 
0.987 4 4.0 4.0 0.248 0.196 1.1153 0.9796 12.45 
0.988 4 4.0 4.0 0.216 0.185 1.1153 1.0041 12.43 
0.989 4 4.0 4.0 0.230 0.138 1.1153 1.0041 12.43 
0.990 4 4.0 4.0 0.173 0.181 1.1474 1.0041 12.42 
0.991 4 4.0 4.0 0.169 0.213 1.1153 0.9796 12.43 
0.992 4 4.0 4.0 0.193 0.196 1.0852 0.9796 12.43 
0.993 4 4.0 4.0 0.250 0.220 1.1153 1.0041 12.40 
0.994 4 4.0 4.0 0.248 0.190 1.1153 1.0041 12.42 
0.995 4 4.0 4.0 0.255 0.159 1.0852 1.0041 12.42 
0.996 4 4.0 4.0 0.196 0.162 1.1153 1.0041 12.42 
0.997 4 4.0 4.0 0.203 0.169 1.1153 0.9796 12.43 
0.998 4 4.0 4.0 0.219 0.173 1.0567 1.0041 12.42 
0.999 4 4.0 4.0 0.184 0.192 1.1153 1.0041 12.43 
1.000 4 4.0 4.0 0.205 0.192 1.1153 1.0041 12.43 
1.001 4 4.0 4.0 0.265 0.166 1.1153 1.0041 12.43 
1.002 4 4.0 4.0 0.214 0.182 1.0852 0.9796 12.42 
1.003 4 4.0 4.0 0.177 0.188 1.1153 1.0041 12.42 
1.004 4 4.0 4.0 0.214 0.194 1.0852 1.0041 12.43 
1.005 4 4.0 4.0 0.205 0.208 1.1153 1.0041 12.44 
1.006 4 4.0 4.0 0.190 0.162 1.1153 0.9559 12.43 
1.007 4 4.0 4.0 0.249 0.182 1.1153 0.9796 12.42 
1.008 4 4.0 4.0 0.238 0.182 1.1153 1.0041 12.42 
1.009 4 4.0 4.0 0.190 0.180 1.1153 1.0041 12.42 
1.010 4 4.0 4.0 0.217 0.168 1.0852 1.0041 12.42 
1.011 4 4.0 4.0 0.182 0.209 1.1153 1.0298 12.43 
1.012 4 4.0 4.0 0.224 0.170 1.1153 1.0041 12.42 
1.013 4 4.0 4.0 0.238 0.217 1.0852 1.0298 12.39 
1.014 4 4.0 4.0 0.207 0.230 1.0852 1.0041 12.41 
1.015 4 4.0 4.0 0.233 0.191 1.0852 0.9559 12.43 
1.016 4 4.0 4.0 0.253 0.135 1.0852 1.0041 12.42 
1.017 4 4.0 4.0 0.211 0.193 1.1153 1.0041 12.42 
1.018 4 4.0 4.0 0.189 0.169 1.1153 1.0041 12.38 
1.019 4 4.0 4.0 0.248 0.164 1.1153 1.0041 12.41 
1.020 4 4.0 4.0 0.204 0.203 1.1153 1.0041 12.41 
1.021 4 4.0 4.0 0.192 0.214 1.0852 1.0041 12.42 
1.022 4 4.0 4.0 0.244 0.186 1.0852 0.9796 12.42 
1.023 4 4.0 4.0 0.207 0.183 1.1153 1.0041 12.43 
1.024 4 4.0 4.0 0.177 0.168 1.1474 1.0041 12.40 
1.025 4 4.0 4.0 0.214 0.181 1.1153 1.0041 12.41 
1.026 4 4.0 4.0 0.192 0.211 1.1474 0.9559 12.43 
1.027 4 4.0 4.0 0.154 0.221 1.1153 0.9796 12.42 
1.028 4 4.0 4.0 0.277 0.178 1.0852 1.0041 12.43 
1.029 4 4.0 4.0 0.271 0.176 1.1153 1.0041 12.42 
1.030 4 4.0 4.0 0.235 0.171 1.1153 0.8727 12.42 
1.031 4 4.0 4.0 0.190 0.181 1.0852 1.0041 12.41 
1.032 4 4.0 4.0 0.180 0.198 1.0852 0.9796 12.43 
1.033 4 4.0 4.0 0.157 0.182 1.0298 1.0041 12.43 
1.034 4 4.0 4.0 0.215 0.179 1.0852 1.0041 12.42 
1.035 4 4.0 4.0 0.233 0.173 1.1153 1.0041 12.43 
1.036 4 4.0 4.0 0.250 0.146 1.1153 1.0041 12.41 
1.037 4 4.0 4.0 0.234 0.182 1.0852 0.9796 12.42 
1.038 4 4.0 4.0 0.194 0.155 1.1153 1.0041 12.43 
1.039 4 4.0 4.0 0.194 0.162 1.0852 1.0041 12.43 
1.040 4 4.0 4.0 0.204 0.224 1.0852 1.0041 12.42 
1.041 4 4.0 4.0 0.202 0.185 1.1153 1.0041 12.42 
1.042 4 4.0 4.0 0.230 0.139 1.1474 1.0041 12.43 
1.043 4 4.0 4.0 0.284 0.161 1.1153 1.0041 12.39 
1.044 4 4.0 4.0 0.214 0.184 1.1153 1.0041 12.41 
1.045 4 4.0 4.0 0.163 0.178 1.1153 1.0041 12.43 
1.046 4 4.0 4.0 0.226 0.199 1.0852 0.9559 12.42 
1.047 4 4.0 4.0 0.211 0.187 1.1153 0.9796 12.43 
1.048 4 4.0 4.0 0.199 0.165 1.1153 1.0041 12.43 
1.049 4 4.0 4.0 0.254 0.152 1.0852 1.0041 12.42 
1.050 4 4.0 4.0 0.237 0.174 1.1153 0.9796 12.42 
1.051 4 4.0 4.0 0.195 0.145 0.9796 1.0041 12.43 
1.052 4 4.0 4.0 0.214 0.178 1.0852 1.0041 12.43 
1.053 4 4.0 4.0 0.195 0.183 1.1474 1.0041 12.43 
1.054 4 4.0 4.0 0.178 0.173 1.1474 0.9796 12.42 
1.055 4 4.0 4.0 0.196 0.157 1.1153 1.0041 12.43 
1.056 4 4.0 4.0 0.203 0.131 1.1153 1.0041 12.43 
1.057 4 4.0 4.0 0.229 0.165 1.1474 1.0041 12.42 
1.058 4 4.0 4.0 0.228 0.195 1.1153 1.0041 12.42 
1.059 4 4.0 4.0 0.196 0.184 1.1153 1.0041 12.43 
1.060 4 4.0 4.0 0.200 0.168 1.1474 0.9796 12.43 
1.061 4 4.0 4.0 0.195 0.208 1.1153 1.0041 12.43 
1.062 4 4.0 4.0 0.182 0.143 1.1474 0.9796 12.43 
1.063 4 4.0 4.0 0.217 0.174 1.1474 1.0041 12.42 
1.064 4 4.0 4.0 0.267 0.179 1.1153 1.0041 12.42 
1.065 4 4.0 4.0 0.234 0.161 1.1474 1.0041 12.43 
1.066 4 4.0 4.0 0.189 0.190 1.1474 0.9796 12.43 
1.067 4 4.0 4.0 0.219 0.218 1.1153 1.0041 12.43 
1.068 4 4.0 4.0 0.179 0.174 1.1153 1.0041 12.43 
1.069 4 4.0 4.0 0.184 0.147 1.0852 1.0041 12.43 
1.070 4 4.0 4.0 0.260 0.165 1.0852 0.9796 12.42 
1.071 4 4.0 4.0 0.220 0.194 1.1153 1.0041 12.43 
1.072 4 4.0 4.0 0.201 0.192 1.1153 1.0041 12.43 
1.073 4 4.0 4.0 0.255 0.190 1.1153 1.0041 12.44 
1.074 4 4.0 4.0 0.178 0.222 1.1153 1.0041 12.43 
1.075 4 4.0 4.0 0.192 0.139 1.1474 1.0041 12.44 
1.076 4 4.0 4.0 0.250 0.167 1.1153 1.0041 12.42 
1.077 4 4.0 4.0 0.221 0.213 1.1153 1.0041 12.43 
1.078 4 4.0 4.0 0.192 0.188 1.1474 1.0041 12.44 
1.079 4 4.0 4.0 0.194 0.163 1.1474 1.0041 12.42 
1.080 4 4.0 4.0 0.173 0.230 1.1474 1.0041 12.43 
1.081 4 4.0 4.0 0.185 0.187 1.1153 1.0041 12.42 
1.082 4 4.0 4.0 0.264 0.167 1.1153 0.9796 12.41 
1.083 4 4.0 4.0 0.246 0.153 1.1153 0.9559 12.43 
1.084 4 4.0 4.0 0.211 0.170 1.1153 1.0041 12.43 
1.085 4 4.0 4.0 0.214 0.165 1.1153 1.0041 12.43 
1.086 4 4.0 4.0 0.196 0.200 1.0852 0.9796 12.43 
1.087 4 4.0 4.0 0.177 0.215 1.0852 0.9796 12.43 
1.088 4 4.0 4.0 0.246 0.153 1.1153 1.0041 12.43 
1.089 4 4.0 4.0 0.212 0.165 1.1153 1.0041 12.43 
1.090 4 4.0 4.0 0.208 0.179 1.1153 0.9796 12.43 
1.091 4 4.0 4.0 0.216 0.175 1.1474 1.0041 12.42 
1.092 4 4.0 4.0 0.186 0.161 1.1153 0.9796 12.43 
1.093 4 4.0 4.0 0.176 0.192 1.1153 0.9338 12.42 
1.094 4 4.0 4.0 0.253 0.189 1.1153 1.0041 12.43 
1.095 4 4.0 4.0 0.235 0.165 1.1153 1.0041 12.43 
1.096 4 4.0 4.0 0.219 0.144 1.1474 1.0041 12.43 
1.097 4 4.0 4.0 0.239 0.198 1.1153 1.0041 12.42 
1.098 4 4.0 4.0 0.221 0.173 1.0567 1.0041 12.43 
1.099 4 4.0 4.0 0.207 0.184 1.1153 1.0041 12.42 
1.100 4 4.0 4.0 0.265 0.226 1.1153 0.9796 12.42 
1.101 4 4.0 4.0 0.213 0.173 1.1153 1.0041 12.43 
1.102 4 4.0 4.0 0.217 0.135 1.1153 0.9796 12.42 
1.103 4 4.0 4.0 0.211 0.192 1.1153 1.0041 12.43 
1.104 4 4.0 4.0 0.198 0.184 1.0852 1.0041 12.42 
1.105 4 4.0 4.0 0.181 0.152 1.0852 1.0041 12.42 
1.106 4 4.0 4.0 0.245 0.222 1.1153 0.9796 12.42 
1.107 4 4.0 4.0 0.221 0.210 1.1153 1.0041 12.42 
1.108 4 4.0 4.0 0.205 0.184 1.1153 1.0041 12.42 
1.109 4 4.0 4.0 0.201 0.131 1.1153 1.0041 12.42 
1.110 4 4.0 4.0 0.201 0.200 1.1153 0.9796 12.43 
1.111 4 4.0 4.0 0.184 0.205 1.1474 1.0041 12.42 
1.112 4 4.0 4.0 0.236 0.154 1.1474 1.0041 12.43 
1.113 4 4.0 4.0 0.205 0.188 1.0567 0.9796 12.44 
1.114 4 4.0 4.0 0.248 0.172 1.1474 1.0041 12.42 
1.115 4 4.0 4.0 0.216 0.143 1.1474 0.9796 12.42 
1.116 4 4.0 4.0 0.214 0.191 1.1153 1.0041 12.43 
1.117 4 4.0 4.0 0.219 0.182 1.1474 1.0041 12.42 
1.118 4 4.0 4.0 0.218 0.150 1.1474 0.9796 12.43 
1.119 4 4.0 4.0 0.210 0.219 1.1153 1.0041 12.42 
1.120 4 4.0 4.0 0.214 0.225 1.1474 0.9796 12.42 
1.121 4 4.0 4.0 0.181 0.205 1.1474 1.0041 12.42 
1.122 4 4.0 4.0 0.199 0.130 1.1474 0.9796 12.41 
1.123 4 4.0 4.0 0.197 0.170 1.0852 1.0041 12.26 
1.124 4 4.0 4.0 0.234 0.159 1.1153 1.0041 12.39 
1.125 4 4.0 4.0 0.229 0.143 1.0852 1.0041 12.42 
1.126 4 4.0 4.0 0.222 0.176 1.1153 0.9796 12.42 
1.127 4 4.0 4.0 0.192 0.200 1.1153 1.0041 12.43 
1.128 4 4.0 4.0 0.175 0.157 1.1153 1.0041 12.43 
1.129 4 4.0 4.0 0.195 0.198 1.1474 1.0041 12.43 
1.130 4 4.0 4.0 0.253 0.200 1.1474 0.9796 12.43 
1.131 4 4.0 4.0 0.226 0.154 1.0852 1.0041 12.42 
1.132 4 4.0 4.0 0.221 0.154 1.1474 1.0041 12.43 
1.133 4 4.0 4.0 0.217 0.178 1.1153 0.9796 12.42 
1.134 4 4.0 4.0 0.181 0.189 1.0852 1.0041 12.43 
1.135 4 4.0 4.0 0.203 0.175 1.1153 1.0041 12.42 
1.136 4 4.0 4.0 0.249 0.181 1.1153 1.0041 12.43 
1.137 4 4.0 4.0 0.203 0.192 1.0852 1.0041 12.43 
1.138 4 4.0 4.0 0.179 0.180 1.1153 0.9796 12.42 
1.139 4 4.0 4.0 0.226 0.196 1.1153 1.0041 12.41 
1.140 4 4.0 4.0 0.173 0.207 1.1474 1.0041 12.43 
