%  1    time 0.008 sec
%  2    mission (2) state 2
%  3  4  5 Acc x,y,z: 0.134258 -0.131860 -10.054951
%  6  7  8 Gyro x,y,z: -0.007629 1.678467 -2.464294
%  9 10 Motor velocity ref left, right: -0.08 0.08
% 11 12 Motor voltage [V] left, right: 0.0 0.1
% 13 14 Wheel velocity [r/s] left, right: 0.0098 -0.0104
% 15 16 17 18 Pose x,y,h,tilt [m,m,rad,rad]: 0.0002 -0.0000 -0.002595 0.027803
% 19    Battery voltage [V]: 11.90
% 20 21 Get data time [us]: 490 +ctrl 860
% 22 23 24 25 Extra pt.: balE[0], balU[0], balUI[0], balUI[1]: -0.03 1.2113 0.0000 0.0000
0.018 2 0.889458 -0.299683 -10.719048 0.358582 4.524231 6.530762 0.00 -0.00 -0.3 -0.8 -1.7248 -0.0103 0.0000 0.0000 0.000000 0.004900 11.72 490 840 -0.00 -3.78 -0.0000 -0.0000
0.028 2 -1.937148 -0.302080 -9.999809 1.113892 -0.671387 1.213074 -0.08 0.08 3.5 2.9 1.7426 4.2391 -0.0002 0.0000 -0.002595 0.023032 11.58 490 870 -0.02 9.60 0.0000 0.0000
0.038 2 2.371089 -0.210977 -9.024043 -2.342224 9.040833 9.719849 -0.08 0.08 -6.3 -5.2 7.5126 6.5327 0.0018 -0.0000 -0.002595 0.038972 11.64 490 840 -0.04 -6.07 0.0000 0.0000
0.048 2 6.338887 -0.625737 -15.521162 1.136780 16.342163 7.751465 -0.17 0.17 -5.7 -4.4 -11.3636 -13.1288 0.0000 0.0000 -0.005191 -0.049703 9.98 490 800 0.05 -18.92 0.0000 0.0000
0.058 2 -16.408222 0.923022 -6.077563 1.480103 -22.132874 1.808167 -0.08 0.08 9.0 9.0 3.2506 8.3473 -0.0010 0.0000 -0.002595 0.072946 10.52 490 840 -0.07 53.34 0.0000 0.0000
0.068 2 5.890561 -1.977905 -11.042705 1.022339 2.265930 3.356934 -0.08 0.08 -8.3 -8.9 19.5981 20.8041 0.0038 -0.0000 -0.002595 0.168890 7.82 490 800 -0.17 -3.33 0.0000 0.0000
0.078 2 12.919916 1.841250 -8.280829 -0.625610 13.145447 -0.411987 -0.17 0.17 -9.0 -9.0 -4.6954 -2.4321 0.0052 -0.0000 -0.005191 -0.008759 6.33 490 880 0.01 -42.61 0.0000 0.0000
0.088 2 -8.144175 -2.536514 -10.445737 1.243591 -10.177612 1.495361 -0.25 0.25 9.0 9.0 -6.1467 -6.5327 0.0022 0.0000 -0.007786 0.010083 11.41 490 870 -0.01 26.55 0.0000 0.0000
0.098 2 -8.194521 0.011987 -8.573320 -0.556946 -12.207031 -0.205994 -0.08 0.08 9.0 9.0 14.0861 16.4911 0.0054 -0.0000 -0.002595 0.216999 8.53 490 800 -0.22 47.18 0.0000 0.0000
0.108 2 13.114111 0.074321 -11.903393 4.676819 12.496948 -6.866455 -0.17 0.17 -9.0 -9.0 6.8643 4.5076 0.0093 -0.0000 -0.005191 0.078271 5.32 490 830 -0.08 -34.16 0.0000 0.0000
0.118 2 -3.262944 -3.608179 -16.149296 -3.005981 -1.060486 -0.541687 -0.25 0.25 7.1 8.7 -13.3888 -15.0252 0.0062 0.0000 -0.007786 -0.019335 6.90 490 800 0.02 4.27 0.0000 0.0000
0.128 2 -12.682568 2.167305 -7.110869 -1.449585 -16.242981 -9.796143 -0.17 0.17 9.0 9.0 10.0916 12.4061 0.0068 -0.0000 -0.005191 0.166257 6.83 490 800 -0.17 50.95 0.0000 0.0000
0.138 2 11.862637 0.532236 -12.641811 0.701904 7.064819 0.427246 -0.08 0.08 -9.0 -9.0 16.2924 15.3667 0.0119 -0.0000 -0.002595 0.163251 11.63 490 800 -0.16 -28.12 -0.0000 -0.0000
0.148 2 6.322104 0.930215 -10.915639 -4.112244 6.355286 4.081726 -0.17 0.17 -9.0 -9.0 -11.9670 -12.6380 0.0109 -0.0000 -0.005191 0.000072 7.61 490 810 -0.00 -27.44 -0.0000 -0.0000
0.158 2 -18.510796 -2.057021 -2.152920 2.342224 -22.346497 -4.997253 -0.25 0.25 9.0 9.0 -2.5906 7.3895 0.0086 0.0000 -0.007786 0.100682 9.22 490 840 -0.10 64.72 0.0000 0.0000
0.168 2 5.044258 -3.193418 -5.988857 -0.160217 -10.108948 6.095886 -0.25 0.25 -9.0 -9.0 17.5619 18.0303 0.0127 -0.0000 -0.007786 0.237268 8.46 490 810 -0.24 -17.93 0.0000 0.0000
0.178 2 11.831470 1.484028 -8.441460 -6.858826 6.752014 13.732910 -0.25 0.25 -9.0 -9.0 -3.3977 -3.0457 0.0147 -0.0000 -0.007786 0.060658 6.49 490 880 -0.06 -38.65 0.0000 0.0000
0.188 2 -9.438804 -5.391890 -5.269619 4.463196 -14.183044 -12.527466 -0.25 0.25 9.0 9.0 -9.4564 -10.6478 0.0115 -0.0000 -0.007786 0.016661 11.80 490 810 -0.02 38.25 0.0000 0.0000
0.198 2 -3.092725 2.162510 -3.632153 0.762939 -20.835876 -14.152527 -0.50 0.50 9.0 9.0 13.9409 13.2575 0.0133 -0.0001 -0.015573 0.211093 8.01 490 800 -0.21 42.63 0.0000 0.0000
0.208 2 10.884472 0.357222 -14.296059 1.327515 4.844666 -5.310059 -0.50 0.50 -9.0 -9.0 10.0168 10.4021 0.0177 -0.0001 -0.015573 0.130892 7.53 490 800 -0.13 -28.02 0.0000 0.0000
0.218 2 -0.819932 -6.533081 -19.639999 -0.816345 4.676819 0.534058 -0.42 0.42 3.8 3.9 -13.7987 -13.0026 0.0159 -0.0001 -0.012977 -0.003776 6.50 490 800 0.00 -2.35 0.0000 0.0000
0.228 2 -16.261976 0.429145 -4.866846 -0.740051 -26.725769 -10.589600 -0.50 0.50 9.0 9.0 9.7991 7.4301 0.0153 -0.0001 -0.015573 0.139152 9.08 490 800 -0.14 58.36 0.0000 0.0000
0.238 2 8.194521 -5.552519 -11.313618 3.540039 -0.503540 -5.134583 -0.50 0.50 -9.0 -9.0 19.8863 20.4889 0.0201 -0.0002 -0.015573 0.204751 7.96 490 790 -0.20 -24.44 -0.0000 -0.0000
0.248 2 10.229965 1.997085 -8.990479 -4.638672 14.442444 -5.218506 -0.42 0.42 -9.0 -9.0 -3.9890 -5.5649 0.0211 -0.0002 -0.012977 0.032705 6.42 490 880 -0.03 -35.83 -0.0000 -0.0000
0.258 2 -7.331435 1.977905 -8.472627 1.785278 -9.300232 -8.163452 -0.33 0.33 9.0 9.0 -6.6614 -5.1222 0.0185 -0.0001 -0.010382 0.047635 10.66 490 870 -0.05 26.54 0.0000 0.0000
0.268 2 -5.286401 -0.982959 -8.199316 -0.732422 -7.644653 -9.765625 -0.00 0.00 9.0 9.0 14.3858 19.5981 0.0221 -0.0002 -0.000000 0.233591 8.48 490 800 -0.23 39.67 0.0000 0.0000
0.278 2 11.196142 0.668892 -10.587187 6.141663 20.278931 -24.291992 -0.00 0.00 -9.0 -9.0 5.3239 6.3487 0.0257 -0.0002 -0.000000 0.099320 5.27 490 840 -0.10 -31.87 -0.0000 -0.0000
0.288 2 -1.467246 -3.572217 -12.032856 -3.883362 8.010864 -10.208130 -0.00 0.00 7.7 6.0 -13.1288 -10.3227 0.0233 -0.0002 -0.000000 0.010322 6.76 490 760 -0.01 3.67 0.0000 0.0000
0.298 2 -12.740107 2.821811 -5.984062 -3.288269 -11.314392 -9.445190 0.25 -0.25 9.0 9.0 8.9554 14.2344 0.0243 -0.0002 0.007786 0.177891 6.66 490 800 -0.18 52.83 0.0000 0.0000
0.308 2 10.932422 2.339922 -14.272084 5.691528 20.103455 -7.522583 0.33 -0.33 -9.0 -9.0 13.3888 14.2344 0.0294 -0.0001 0.010382 0.172097 11.42 490 810 -0.17 -27.28 0.0000 0.0000
0.318 2 2.968056 2.634809 -12.411654 -5.760193 20.202637 -3.967285 0.34 -0.34 -3.2 -3.6 -10.9941 -11.7589 0.0286 -0.0001 0.010382 0.025166 7.18 490 800 -0.03 -14.76 0.0000 0.0000
0.328 2 -15.825639 -3.198213 -1.426489 -6.584167 -17.189026 7.850647 0.50 -0.50 9.0 9.0 -2.5466 2.8711 0.0270 -0.0001 0.015573 0.129995 10.35 490 880 -0.13 66.22 0.0000 0.0000
0.338 2 3.342060 -4.464072 -5.703559 6.248474 4.814148 -2.273560 0.67 -0.67 -7.8 -9.0 17.7930 20.1831 0.0314 -0.0001 0.020764 0.253420 7.07 490 800 -0.25 -6.29 0.0000 0.0000
0.348 2 9.503535 4.090068 -12.996635 4.089355 28.411865 2.876282 0.67 -0.67 -9.0 -9.0 2.4321 -6.7277 0.0334 -0.0000 0.020764 0.082856 5.90 490 880 -0.08 -25.40 0.0000 0.0000
0.358 2 -5.156939 -4.960347 -10.903652 -2.334595 -3.700256 7.606506 0.59 -0.59 9.0 9.0 -6.7953 -6.0640 0.0304 -0.0001 0.018168 0.074799 10.16 490 840 -0.07 31.72 0.0000 0.0000
0.368 2 -5.993652 -0.424351 -4.600728 -5.378723 -8.728027 8.323669 0.59 -0.59 9.0 9.0 14.2344 15.3667 0.0332 -0.0000 0.018168 0.261812 8.08 490 810 -0.26 54.78 0.0000 0.0000
0.378 2 11.102641 0.035962 -16.729483 9.742737 33.142090 13.290405 0.67 -0.67 -9.0 -9.0 4.7117 7.4301 0.0370 0.0000 0.020764 0.143253 4.90 490 840 -0.14 -22.27 -0.0000 -0.0000
0.388 2 -2.900928 0.093501 -13.253163 -4.852295 14.915466 4.348755 0.84 -0.84 9.0 8.4 -10.4827 -11.3636 0.0350 -0.0000 0.025955 0.057859 9.37 490 800 -0.06 6.61 0.0000 0.0000
0.398 2 -7.597553 0.270913 -5.291196 -5.790710 -11.634827 -5.783081 0.84 -0.84 9.0 9.0 10.4021 13.3888 0.0362 0.0000 0.025955 0.190342 6.85 490 800 -0.19 49.84 0.0000 0.0000
0.408 2 8.693193 -1.376143 -13.490512 0.679016 22.689819 -4.493713 1.00 -1.00 -9.0 -9.0 14.0861 18.5242 0.0414 0.0002 0.031146 0.172303 11.74 490 810 -0.17 -23.98 -0.0000 -0.0000
0.418 2 0.980561 -3.668115 -17.683672 3.479004 30.471802 -8.308411 1.00 -1.00 2.4 1.9 -8.7243 -11.2689 0.0410 0.0002 0.031146 0.046422 8.84 490 800 -0.05 -3.98 -0.0000 -0.0000
0.428 2 -12.598657 0.364414 -3.193418 -3.654480 -12.443542 1.502991 0.84 -0.84 9.0 9.0 9.7286 2.5182 0.0406 0.0002 0.025955 0.132246 10.05 490 850 -0.13 57.07 0.0000 0.0000
0.438 2 5.931318 -3.692090 -10.074131 -1.113892 8.209229 6.896973 0.84 -0.84 -9.0 -9.0 20.4889 21.8108 0.0459 0.0003 0.025955 0.187964 7.97 490 780 -0.19 -20.43 0.0000 0.0000
0.448 2 5.444633 -1.040498 -16.295542 11.344910 38.902283 -1.205444 0.92 -0.92 -4.0 -5.9 -2.9917 -2.8833 0.0473 0.0003 0.028550 0.040465 6.45 490 880 -0.04 -13.75 0.0000 0.0000
0.458 2 -9.743281 3.553037 -8.081841 -2.883911 -4.150391 4.913330 0.84 -0.84 9.0 9.0 3.5965 2.9270 0.0463 0.0003 0.025955 0.097700 10.17 490 890 -0.10 35.95 0.0000 0.0000
0.468 2 6.312514 0.949395 -11.121821 -12.535095 0.312805 20.347595 0.59 -0.59 -9.0 -9.0 21.4646 18.5242 0.0509 0.0004 0.018168 0.197267 7.91 490 800 -0.20 -7.13 0.0000 0.0000
0.478 2 7.602348 -4.787729 -11.764340 7.720947 41.526794 3.715515 0.67 -0.67 -9.0 -9.0 2.8711 2.9333 0.0535 0.0004 0.020764 0.048621 6.96 490 870 -0.05 -25.59 0.0000 0.0000
0.488 2 -6.518696 -3.785591 -4.845268 10.528564 7.118225 -10.437012 0.75 -0.75 9.0 9.0 5.5879 5.8287 0.0521 0.0004 0.023359 0.072777 9.07 490 880 -0.07 41.33 0.0000 0.0000
0.498 2 -3.845527 2.455000 -9.434009 -7.698059 -3.746033 -2.273560 0.67 -0.67 9.0 9.0 18.5242 19.5981 0.0563 0.0005 0.020764 0.222430 8.45 490 800 -0.22 34.73 0.0000 0.0000
0.508 2 12.646606 0.817534 -13.838144 -1.495361 42.144775 -0.076294 0.75 -0.75 -9.0 -9.0 3.3722 5.8037 0.0597 0.0006 0.023359 0.077875 10.09 490 870 -0.08 -26.65 0.0000 0.0000
0.518 2 -6.008037 -4.142812 -8.223290 8.392334 8.895874 -17.654419 0.84 -0.84 9.0 9.0 -6.9705 -6.6288 0.0575 0.0005 0.025955 0.059635 11.53 490 830 -0.06 27.86 0.0000 0.0000
0.528 2 -5.087412 2.447808 -5.147348 -4.875183 -14.427185 -16.845703 0.92 -0.92 9.0 9.0 17.7930 17.3368 0.0609 0.0006 0.028550 0.238803 8.13 490 800 -0.24 41.98 0.0000 0.0000
0.538 2 11.347182 1.253872 -18.108023 1.441956 33.210754 -18.959045 0.84 -0.84 -9.0 -9.0 10.4021 6.5013 0.0656 0.0007 0.025955 0.126162 4.87 490 840 -0.13 -19.18 -0.0000 -0.0000
0.548 2 -2.505347 -1.289834 -13.058969 0.221252 20.874023 -4.180908 1.00 -1.00 8.5 5.1 -8.7810 -6.3786 0.0644 0.0007 0.031146 0.050260 10.77 490 830 -0.05 7.21 0.0000 0.0000
0.558 2 -6.739263 -0.098296 -6.506709 -6.553650 -9.552002 -12.680054 1.00 -1.00 9.0 9.0 14.2344 14.5405 0.0664 0.0008 0.031146 0.203511 9.05 490 800 -0.20 50.64 0.0000 0.0000
0.568 2 11.936957 -1.817275 -11.855444 -2.624512 27.442932 -7.606506 1.09 -1.09 -9.0 -9.0 16.4911 17.7930 0.0722 0.0010 0.033741 0.153648 11.04 490 790 -0.15 -31.98 0.0000 0.0000
0.578 2 1.335386 1.819673 -14.384766 4.341125 35.980225 -5.958557 1.26 -1.26 1.6 -0.7 -8.6132 -8.7243 0.0718 0.0009 0.038932 0.040496 6.87 490 790 -0.04 -5.28 0.0000 0.0000
0.588 2 -14.089877 1.999482 -5.787470 -4.318237 -10.978699 -6.858826 1.00 -1.00 9.0 9.0 7.9080 2.7710 0.0716 0.0009 0.031146 0.144440 10.47 490 840 -0.14 54.36 0.0000 0.0000
0.598 2 11.486235 -2.929697 -9.311738 -6.935120 12.466431 11.817932 0.92 -0.92 -9.0 -9.0 21.4646 22.5378 0.0770 0.0011 0.028550 0.211395 8.62 490 790 -0.21 -23.62 -0.0000 -0.0000
0.608 2 3.826348 -4.015747 -15.092016 6.629944 43.395996 6.393433 1.09 -1.09 -6.7 -9.0 2.1262 2.6309 0.0790 0.0011 0.033741 0.058604 5.93 490 880 -0.06 -15.11 -0.0000 -0.0000
0.618 2 -9.287764 3.145469 -4.423316 4.661560 -2.212524 -12.756348 0.92 -0.92 9.0 9.0 3.1158 -2.9081 0.0778 0.0011 0.028550 0.087419 10.58 490 880 -0.09 43.21 0.0000 0.0000
0.628 2 2.517334 5.775483 -4.190762 -8.514404 -3.738403 3.013611 0.75 -0.75 1.7 1.2 20.4889 19.8863 0.0823 0.0012 0.023359 0.231980 8.29 490 790 -0.23 13.64 0.0000 0.0000
0.638 2 10.054951 -1.117217 -11.311220 2.708435 42.320251 17.066956 0.75 -0.75 -9.0 -9.0 3.1893 3.6947 0.0855 0.0013 0.023359 0.074149 9.21 490 870 -0.07 -30.59 -0.0000 -0.0000
0.648 2 -8.256855 -5.967280 -10.697471 11.947632 8.430481 -16.761780 0.75 -0.75 9.0 9.0 -3.2822 -6.8993 0.0839 0.0012 0.023359 0.071000 10.98 490 830 -0.07 29.99 0.0000 0.0000
0.658 2 -6.547466 4.322622 -5.626841 -7.949829 -6.088257 -5.683899 0.67 -0.67 9.0 9.0 18.7815 19.0460 0.0881 0.0013 0.020764 0.228822 8.05 490 800 -0.23 41.56 0.0000 0.0000
0.668 2 10.493686 3.327676 -14.298456 -2.098083 49.491882 16.578674 0.75 -0.75 -9.0 -9.0 6.7277 7.0799 0.0923 0.0014 0.023359 0.101058 5.13 490 840 -0.10 -21.29 -0.0000 -0.0000
0.678 2 -6.420400 -1.318604 -11.164975 9.445190 27.496338 -4.493713 0.75 -0.75 9.0 9.0 -5.0837 -7.1549 0.0907 0.0014 0.023359 0.059774 11.69 490 840 -0.06 23.79 0.0000 0.0000
0.688 2 -4.078081 0.347632 -4.464072 -6.568909 2.548218 -0.808716 0.67 -0.67 9.0 9.0 17.7930 16.4911 0.0937 0.0015 0.020764 0.227953 8.81 490 800 -0.23 38.78 0.0000 0.0000
0.698 2 12.900737 9.285366 -16.851753 -3.257751 51.200867 4.882812 0.75 -0.75 -9.0 -9.0 8.0492 11.8620 0.0987 0.0016 0.023359 0.133662 5.27 490 800 -0.13 -24.31 0.0000 0.0000
0.708 2 -4.588740 -1.548760 -10.946806 7.408142 46.218872 6.950378 0.75 -0.75 9.0 9.0 -7.2314 -7.4301 0.0975 0.0015 0.023359 0.054361 11.26 490 800 -0.05 15.43 0.0000 0.0000
0.718 2 -6.748852 -1.186743 -5.564507 -9.971619 8.193970 8.644104 0.59 -0.59 9.0 9.0 16.9034 12.8788 0.0999 0.0016 0.018168 0.226317 9.10 490 800 -0.23 52.30 0.0000 0.0000
0.728 2 15.286210 3.689692 -14.145020 0.381470 50.872803 1.960754 0.59 -0.59 -9.0 -9.0 11.5579 15.7241 0.1056 0.0017 0.018168 0.167202 9.90 480 800 -0.17 -29.19 -0.0000 -0.0000
0.738 2 -1.205923 -3.469126 -16.959639 9.109497 70.381165 13.542175 0.59 -0.59 4.8 5.5 -5.5195 -8.6684 0.1052 0.0017 0.018168 0.062501 7.51 490 830 -0.06 4.52 0.0000 0.0000
0.748 2 -10.337852 1.735762 -2.821811 -9.552002 21.804810 19.767761 0.50 -0.50 9.0 9.0 13.9409 14.3858 0.1070 0.0017 0.015573 0.227578 8.02 490 800 -0.23 64.81 0.0000 0.0000
0.758 2 12.107178 -0.210977 -12.071216 -1.121521 60.821533 3.349304 0.50 -0.50 -9.0 -9.0 18.5242 18.0303 0.1130 0.0018 0.015573 0.201008 11.39 490 800 -0.20 -29.07 0.0000 0.0000
0.768 2 5.312773 0.129463 -18.597103 10.223389 89.241028 14.442444 0.42 -0.42 0.6 0.6 -8.3992 -9.2621 0.1128 0.0018 0.012977 0.068124 7.29 490 800 -0.07 -4.72 0.0000 0.0000
0.778 2 -15.672202 3.452344 -6.935854 -9.529114 30.761719 19.683838 0.33 -0.33 9.0 9.0 13.1288 12.1826 0.1138 0.0018 0.010382 0.222415 10.03 490 810 -0.22 56.94 0.0000 0.0000
0.788 2 18.685810 -1.145986 -13.049379 -2.784729 60.745239 12.954712 0.42 -0.42 -9.0 -9.0 19.3181 18.5242 0.1201 0.0019 0.012977 0.221991 11.60 490 810 -0.22 -29.07 -0.0000 -0.0000
0.798 2 3.099917 -3.828745 -19.639999 7.034302 96.771240 8.903503 0.33 -0.33 1.7 1.4 -1.8127 -7.7717 0.1203 0.0019 0.010382 0.074126 7.25 490 840 -0.07 -0.93 -0.0000 -0.0000
0.808 2 -12.255820 2.747490 -7.873261 -5.760193 35.354614 19.767761 0.33 -0.33 9.0 9.0 12.2934 13.7987 0.1215 0.0019 0.010382 0.213965 9.79 490 810 -0.21 57.69 0.0000 0.0000
0.818 2 15.386904 1.040498 -13.538462 -6.431580 61.668396 21.446228 0.25 -0.25 -9.0 -9.0 19.3181 18.7815 0.1273 0.0019 0.007786 0.193589 11.79 490 810 -0.19 -32.56 -0.0000 -0.0000
0.828 2 5.125772 -6.631377 -19.639999 8.384705 100.212097 19.668579 0.25 -0.25 1.4 1.0 -5.7543 -1.7887 0.1277 0.0019 0.007786 0.048977 6.79 490 860 -0.05 -0.63 -0.0000 -0.0000
0.838 2 -13.210010 0.841509 -8.213701 -11.756897 41.809082 30.960083 0.33 -0.33 9.0 9.0 10.4021 12.7573 0.1283 0.0020 0.010382 0.183984 10.46 490 800 -0.18 57.64 0.0000 0.0000
0.848 2 15.665009 -3.013608 -11.507812 -8.018494 61.614990 28.419495 0.34 -0.34 -9.0 -9.0 20.1831 21.4646 0.1343 0.0020 0.010382 0.195477 8.67 490 790 -0.20 -28.37 -0.0000 -0.0000
0.858 2 1.944341 -3.989375 -19.639999 9.727478 104.553223 20.034790 0.42 -0.42 -0.3 -2.1 -6.2896 -7.4301 0.1349 0.0020 0.012977 0.036413 6.36 490 830 -0.04 -4.83 -0.0000 -0.0000
0.868 2 -9.450790 2.946479 -4.847666 -12.695312 53.916931 34.782410 0.42 -0.42 9.0 9.0 2.1567 5.7058 0.1345 0.0020 0.012977 0.146127 10.27 490 880 -0.15 59.31 0.0000 0.0000
0.878 2 11.651660 -1.877212 -9.625805 -11.421204 55.221558 31.272888 0.50 -0.50 -9.0 -9.0 21.8108 23.7240 0.1400 0.0021 0.015573 0.211972 9.07 490 790 -0.21 -28.01 -0.0000 -0.0000
0.888 2 10.726240 0.182207 -12.047241 3.227234 111.915588 37.696838 0.50 -0.50 -9.0 -9.0 -3.2351 2.4950 0.1420 0.0021 0.015573 0.030854 6.04 490 880 -0.03 -29.39 -0.0000 -0.0000
0.898 2 -14.281674 2.140933 -2.915312 -11.543274 69.747925 42.808533 0.42 -0.42 9.0 9.0 -2.6831 -3.2506 0.1406 0.0021 0.012977 0.090092 9.90 490 870 -0.09 63.64 0.0000 0.0000
0.908 2 1.980303 -1.766929 -5.806650 -17.166138 53.840637 46.493530 0.50 -0.50 -7.2 -8.3 19.5981 19.3181 0.1448 0.0022 0.015573 0.187535 7.51 490 800 -0.19 -2.00 0.0000 0.0000
0.918 2 11.028320 -3.951015 -19.639999 6.172180 96.504211 37.406921 0.42 -0.42 -9.0 -9.0 -2.1063 -7.8166 0.1454 0.0022 0.012977 0.028426 6.42 490 840 -0.03 -24.85 0.0000 0.0000
0.928 2 -13.210010 1.282642 -5.996049 -15.876770 53.611755 48.568726 0.33 -0.33 9.0 9.0 -2.2168 -2.3976 0.1440 0.0022 0.010382 0.104310 6.42 490 880 -0.10 60.17 0.0000 0.0000
0.938 2 12.414052 -3.713667 -8.611679 -21.713257 49.774170 49.598694 0.25 -0.25 -9.0 -9.0 18.5242 18.0303 0.1486 0.0022 0.007786 0.167938 8.19 490 800 -0.17 -23.62 -0.0000 -0.0000
0.948 2 5.528545 2.399858 -19.639999 -1.174927 92.094421 43.624878 0.17 -0.17 -9.0 -9.0 -2.3436 -7.8166 0.1492 0.0022 0.005191 -0.011260 6.14 490 840 0.01 -20.12 -0.0000 -0.0000
0.958 2 -7.175601 3.210200 -1.261064 -17.066956 51.979065 53.161621 0.00 -0.00 9.0 9.0 -2.0901 5.7300 0.1480 0.0022 0.000000 0.070232 10.46 490 840 -0.07 59.17 0.0000 0.0000
0.968 2 8.311996 -4.802114 -4.612715 -13.420105 54.901123 33.325195 0.08 -0.08 -9.0 -9.0 17.1173 19.3181 0.1526 0.0022 0.002595 0.096287 11.28 490 810 -0.10 -44.89 0.0000 0.0000
0.978 2 11.308823 1.385732 -12.584272 -6.095886 92.300415 36.231995 0.08 -0.08 -9.0 -9.0 -7.0799 -7.9080 0.1530 0.0022 0.002595 -0.054892 7.47 490 800 0.05 -24.57 0.0000 0.0000
0.988 2 -8.295215 0.424351 -9.692934 -11.802673 44.845581 38.444519 0.00 -0.00 9.0 9.0 -8.5048 -5.0647 0.1504 0.0022 0.000000 -0.016959 11.80 490 800 0.02 37.62 0.0000 0.0000
0.998 2 0.738418 -0.182207 -8.314394 -13.648987 38.360596 28.396606 0.08 -0.08 -9.0 -9.0 13.6593 11.6575 0.1530 0.0022 0.002595 0.053737 10.47 490 800 -0.05 -5.50 -0.0000 -0.0000
1.008 2 12.807236 0.474697 -16.410620 5.645752 74.356079 25.329590 0.08 -0.08 -9.0 -9.0 -10.1674 -10.0916 0.1522 0.0022 0.002595 -0.079400 7.10 490 810 0.08 -28.26 -0.0000 -0.0000
1.018 2 -8.472627 1.932353 -9.630600 -9.490967 27.801514 26.016235 0.25 -0.25 9.0 9.0 -5.8287 -3.2120 0.1498 0.0022 0.007786 -0.025268 11.71 490 880 0.03 31.03 0.0000 0.0000
1.028 2 7.875659 -5.173720 -8.530166 -5.691528 31.120300 6.004333 0.33 -0.33 -9.0 -9.0 9.7991 11.7589 0.1528 0.0022 0.010382 0.022939 11.87 490 810 -0.02 -16.71 -0.0000 -0.0000
1.038 2 8.194521 0.112681 -17.302475 6.050110 64.697266 6.584167 0.25 -0.25 -9.0 -9.0 -8.2455 -12.8788 0.1518 0.0022 0.007786 -0.127663 9.13 490 810 0.13 -22.74 -0.0000 -0.0000
1.048 2 -5.279209 0.067129 -6.545068 -5.493164 19.378662 13.343811 0.33 -0.33 9.0 9.0 -11.7589 -7.0431 0.1480 0.0022 0.010382 -0.091395 11.72 490 800 0.09 27.84 0.0000 0.0000
1.058 2 1.325796 0.831919 -8.575718 -2.372742 19.599915 1.335144 0.50 -0.50 -9.0 -9.0 11.9670 12.0738 0.1500 0.0022 0.015573 -0.032471 10.88 490 790 0.03 -14.81 0.0000 0.0000
1.068 2 14.432714 0.762393 -7.525630 12.222290 36.865234 -4.219055 0.50 -0.50 -9.0 -9.0 -8.0492 -8.2455 0.1496 0.0022 0.015573 -0.172108 7.51 490 810 0.17 -47.11 0.0000 0.0000
1.078 2 0.429145 0.357222 -9.230225 3.219604 2.693176 -5.416870 0.67 -0.67 -4.3 -8.7 -18.0303 -11.1758 0.1452 0.0022 0.020764 -0.240782 7.99 490 800 0.24 -17.42 0.0000 0.0000
1.088 2 -6.348476 -1.558350 -5.665200 -4.974365 -22.842407 -11.756897 1.00 -1.00 9.0 9.0 3.4674 2.6258 0.1436 0.0021 0.031146 -0.082216 10.22 490 880 0.08 31.61 0.0000 0.0000
1.098 2 13.886093 -4.751768 -9.685741 19.157410 0.053406 -9.239197 1.26 -1.26 -9.0 -9.0 3.4409 4.9173 0.1458 0.0022 0.038932 -0.138061 5.96 490 880 0.14 -45.46 0.0000 0.0000
1.108 2 15.717753 1.754941 -10.016591 4.005432 -0.343323 -21.263123 1.26 -1.26 -9.0 -9.0 -16.9034 -15.5433 0.1426 0.0021 0.038932 -0.297531 7.80 490 800 0.30 -50.66 0.0000 0.0000
1.118 2 -6.024819 3.303701 -12.215063 -0.205994 -40.412903 -20.668030 1.51 -1.51 9.0 9.0 -16.4911 -10.9941 0.1376 0.0019 0.046719 -0.230749 10.54 490 790 0.23 14.40 0.0000 0.0000
1.128 2 2.033047 -0.119873 -8.208906 12.344360 -44.921875 -27.702332 1.67 -1.67 -9.0 -9.0 7.5970 8.9554 0.1384 0.0019 0.051910 -0.064380 7.04 490 800 0.06 -16.14 -0.0000 -0.0000
1.138 2 14.557383 1.366553 -6.394028 22.445679 -19.073486 -15.525818 1.67 -1.67 -9.0 -9.0 -13.1288 -10.3227 0.1376 0.0019 0.051910 -0.225990 6.69 490 800 0.23 -57.98 -0.0000 -0.0000
1.148 2 2.819414 -11.567749 -19.639999 6.072998 -40.008545 -39.329529 1.93 -1.93 -0.4 -6.7 -22.9198 -15.1940 0.1321 0.0016 0.059696 -0.305086 7.96 490 790 0.31 -16.39 -0.0000 -0.0000
1.158 2 -7.616733 3.752026 -4.847666 -5.798340 -77.545166 -30.906677 2.18 -2.18 9.0 9.0 -7.0431 -5.2414 0.1287 0.0013 0.067483 -0.134296 8.04 490 840 0.13 41.19 0.0000 0.0000
1.168 2 13.126099 -3.612973 -10.877280 18.493652 -43.884277 -14.656067 2.43 -2.43 -9.0 -9.0 -5.8794 5.8540 0.1301 0.0014 0.075269 -0.135842 9.95 490 890 0.14 -45.69 0.0000 0.0000
1.178 2 7.556797 1.342578 -9.848769 7.545471 -28.900146 -25.497437 2.60 -2.60 -9.0 -9.0 -20.8041 -18.2739 0.1261 0.0011 0.080460 -0.272818 8.37 490 800 0.27 -40.57 0.0000 0.0000
1.188 2 -5.142553 1.404912 -8.489408 -8.201599 -71.609497 -12.557983 2.85 -2.85 9.0 9.0 -20.8041 -15.9091 0.1203 0.0006 0.088246 -0.238424 10.84 490 790 0.24 12.67 0.0000 0.0000
1.198 2 0.059937 -1.699800 -9.028837 4.020691 -77.255249 -16.464233 3.10 -3.10 -6.8 -9.0 3.0457 6.2031 0.1197 0.0006 0.096033 -0.122745 6.77 490 860 0.12 -13.03 -0.0000 -0.0000
1.208 2 13.555243 1.428887 -9.110352 18.203735 -31.257629 -0.762939 3.01 -3.01 -9.0 -9.0 -13.1288 -15.9091 0.1175 0.0004 0.093437 -0.242559 9.14 490 800 0.24 -48.55 -0.0000 -0.0000
1.218 2 -4.641484 1.299424 -7.774966 -3.395081 -58.151245 17.898560 3.18 -3.18 9.0 7.7 -22.9198 -19.0460 0.1115 -0.0002 0.098628 -0.254542 10.14 490 790 0.25 6.83 0.0000 0.0000
1.228 2 0.297285 -3.953413 -4.936372 -14.816284 -79.528809 9.140015 3.43 -3.43 -5.3 -9.0 5.6818 2.3850 0.1101 -0.0003 0.106415 -0.114075 6.22 490 880 0.11 -7.55 0.0000 0.0000
1.238 2 9.762461 2.591655 -8.796284 5.577087 -38.711548 12.001038 3.43 -3.43 -9.0 -9.0 -13.0026 -14.2344 0.1085 -0.0005 0.106415 -0.236765 8.43 490 810 0.24 -48.65 0.0000 0.0000
1.248 2 0.702456 -1.987495 -8.561333 7.614136 -56.724548 21.957397 3.27 -3.27 3.8 0.1 -19.5981 -20.4889 0.1025 -0.0011 0.101224 -0.255101 10.93 490 790 0.26 -8.79 0.0000 0.0000
1.258 2 1.932353 -4.423316 -3.651333 -16.746521 -82.885742 15.548706 3.35 -3.35 -9.0 -9.0 4.8123 2.2278 0.1011 -0.0013 0.103819 -0.125365 9.16 490 880 0.13 -24.21 0.0000 0.0000
1.268 2 9.515522 2.505347 -11.009140 -2.197266 -41.374207 17.395020 3.18 -3.18 -9.0 -9.0 -12.8788 -16.9034 0.0991 -0.0015 0.098628 -0.228967 8.48 490 800 0.23 -44.49 0.0000 0.0000
1.278 2 2.296767 -2.416641 -11.800303 7.980347 -64.071655 22.689819 3.10 -3.10 2.2 -0.1 -19.0460 -21.4646 0.0929 -0.0021 0.096033 -0.252415 11.17 490 790 0.25 -10.58 0.0000 0.0000
1.288 2 -0.920625 -2.994429 -4.950757 -12.023926 -89.927673 24.353027 2.93 -2.93 4.6 0.2 2.7154 4.7117 0.0913 -0.0022 0.090842 -0.097661 9.98 490 880 0.10 10.94 0.0000 0.0000
1.298 2 12.279795 1.126807 -11.268066 -0.305176 -46.409607 8.277893 2.93 -2.93 -9.0 -9.0 -8.0016 -12.6380 0.0905 -0.0023 0.090842 -0.206470 10.52 490 810 0.21 -47.20 -0.0000 -0.0000
1.308 2 -4.274673 -6.516299 -10.822139 6.134033 -58.357239 11.764526 2.76 -2.76 9.0 9.0 -21.4646 -23.3150 0.0845 -0.0028 0.085651 -0.249892 11.37 490 780 0.25 5.85 0.0000 0.0000
1.318 2 -3.183828 1.014126 -5.329556 -10.528564 -88.256836 17.272949 2.68 -2.68 7.8 7.6 7.3096 -2.7710 0.0823 -0.0030 0.083056 -0.108882 9.44 490 840 0.11 19.07 0.0000 0.0000
1.328 2 14.255302 -0.347632 -11.047500 -0.396729 -51.231384 8.285522 2.60 -2.60 -9.0 -9.0 -3.8747 -2.2727 0.0829 -0.0029 0.080460 -0.179039 6.83 490 880 0.18 -48.14 -0.0000 -0.0000
1.338 2 0.930215 -0.666494 -17.101088 4.173279 -45.814514 9.231567 2.43 -2.43 -2.3 -3.8 -21.1292 -23.3150 0.0777 -0.0034 0.075269 -0.257684 8.69 490 770 0.26 -18.76 -0.0000 -0.0000
1.348 2 -8.904170 3.152661 -10.445737 -6.568909 -84.640503 9.925842 2.26 -2.26 9.0 9.0 -4.2658 -8.0492 0.0740 -0.0036 0.070078 -0.138252 11.09 490 840 0.14 21.19 0.0000 0.0000
1.358 2 8.837041 0.745610 -10.424160 -3.303528 -63.537598 7.835388 2.26 -2.26 -9.0 -9.0 -1.0827 -10.3227 0.0736 -0.0037 0.070078 -0.164016 10.44 490 840 0.16 -35.91 -0.0000 -0.0000
1.368 2 4.006157 -3.011211 -15.768100 3.974915 -59.761047 13.275146 2.09 -2.09 -2.6 -4.5 -22.9198 -23.7240 0.0680 -0.0040 0.064887 -0.250782 8.76 490 780 0.25 -20.67 -0.0000 -0.0000
1.378 2 -9.124736 2.080996 -5.933716 -7.499695 -103.157043 16.654968 1.93 -1.93 9.0 9.0 -3.4763 -6.5964 0.0644 -0.0043 0.059696 -0.108649 10.24 490 860 0.11 31.91 0.0000 0.0000
1.388 2 16.365068 -1.579927 -10.743022 -1.869202 -75.920105 15.388489 1.76 -1.76 -9.0 -9.0 6.9347 3.9773 0.0664 -0.0041 0.054505 -0.111318 10.88 490 840 0.11 -45.04 0.0000 0.0000
1.398 2 -1.968315 -7.750991 -19.639999 -0.709534 -45.883179 7.194519 1.59 -1.59 0.1 -0.1 -18.5242 -21.4646 0.0628 -0.0043 0.049314 -0.229733 7.91 490 780 0.23 -10.67 0.0000 0.0000
1.408 2 -6.837558 -2.263203 -4.770947 0.030518 -88.615417 21.759033 1.59 -1.59 9.0 9.0 -5.7789 -6.0101 0.0588 -0.0045 0.049314 -0.140821 10.39 490 880 0.14 31.40 0.0000 0.0000
1.418 2 6.180654 0.112681 -7.578374 -2.525330 -73.257446 8.483887 1.59 -1.59 -9.0 -9.0 5.9051 4.3622 0.0600 -0.0045 0.049314 -0.118621 11.83 490 880 0.12 -30.95 -0.0000 -0.0000
1.428 2 5.406274 1.793301 -11.920176 -1.480103 -47.882080 17.288208 1.34 -1.34 -9.0 -9.0 -16.0984 -20.8041 0.0570 -0.0046 0.041528 -0.229368 10.25 490 800 0.23 -28.93 -0.0000 -0.0000
1.438 2 -10.934819 -0.932612 -6.410810 3.463745 -90.087891 25.970459 1.26 -1.26 9.0 9.0 -10.3227 -9.7991 0.0519 -0.0048 0.038932 -0.162951 11.22 490 810 0.16 30.19 0.0000 0.0000
1.448 2 4.152402 -6.238193 -8.316792 -0.770569 -92.056274 13.267517 1.17 -1.17 -9.0 -9.0 7.1172 4.4192 0.0526 -0.0048 0.036337 -0.055718 6.23 490 830 0.06 -14.42 0.0000 0.0000
1.458 2 8.216099 2.464590 -10.500878 -0.267029 -50.422668 1.998901 1.00 -1.00 -9.0 -9.0 -13.2575 -15.5433 0.0505 -0.0048 0.031146 -0.189869 7.80 490 810 0.19 -38.50 0.0000 0.0000
1.468 2 -7.029355 -0.637725 -7.887646 2.975464 -74.859619 19.416809 0.84 -0.84 9.0 9.0 -8.7243 -8.0016 0.0457 -0.0050 0.025955 -0.129826 8.50 490 800 0.13 21.27 0.0000 0.0000
1.478 2 6.386836 -4.677446 -3.121494 -2.510071 -84.854126 7.461548 0.67 -0.67 -9.0 -9.0 11.1758 7.8166 0.0473 -0.0049 0.020764 -0.006972 6.95 490 810 0.01 -19.34 0.0000 0.0000
1.488 2 8.719565 2.313550 -10.232363 -2.059937 -37.384033 2.189636 0.33 -0.33 -9.0 -9.0 -2.2575 -11.7589 0.0473 -0.0049 0.010382 -0.160054 8.26 490 840 0.16 -39.46 0.0000 0.0000
1.498 2 -3.521870 -1.273052 -5.140156 6.034851 -54.298401 18.020630 0.25 -0.25 9.0 9.0 -11.7589 -8.3992 0.0431 -0.0049 0.007786 -0.124714 10.98 490 800 0.12 19.14 0.0000 0.0000
1.508 2 4.881230 -5.681982 -3.473921 -4.905701 -63.842773 3.540039 0.50 -0.50 -9.0 -9.0 9.9432 12.4061 0.0445 -0.0049 0.015573 0.007082 7.34 490 810 -0.01 -14.40 0.0000 0.0000
1.518 2 10.436147 -0.158232 -10.836523 2.647400 -28.923035 -22.666931 0.50 -0.50 -9.0 -9.0 -9.3908 -12.1826 0.0445 -0.0049 0.015573 -0.133198 8.10 490 810 0.13 -37.82 0.0000 0.0000
1.528 2 -5.221670 1.090845 -11.440683 2.410889 -50.018311 1.899719 0.50 -0.50 9.0 9.0 -12.1826 -9.9432 0.0405 -0.0050 0.015573 -0.103817 11.61 490 810 0.10 17.13 0.0000 0.0000
1.538 2 -5.216875 -0.333247 -6.358066 -8.491516 -68.725586 0.221252 0.67 -0.67 9.0 9.0 9.5906 10.9941 0.0417 -0.0050 0.020764 0.066993 7.51 490 800 -0.07 34.48 0.0000 0.0000
1.548 2 12.797647 0.700059 -11.519799 1.457214 -33.081055 -31.455994 0.59 -0.59 -9.0 -9.0 -2.8711 -2.5466 0.0431 -0.0049 0.018168 -0.073423 10.11 490 880 0.07 -39.71 0.0000 0.0000
1.558 2 -10.733432 -1.450464 -9.179877 2.296448 -38.719177 -18.226624 0.59 -0.59 9.0 9.0 -10.2445 -11.4599 0.0391 -0.0050 0.018168 -0.077954 11.09 490 810 0.08 31.43 0.0000 0.0000
1.568 2 -4.957949 1.716582 -6.557055 -7.469177 -62.255859 -12.039185 0.59 -0.59 9.0 9.0 13.0026 13.0026 0.0411 -0.0050 0.018168 0.098105 7.31 490 800 -0.10 32.92 0.0000 0.0000
1.578 2 11.212924 1.392925 -11.776328 1.609802 -25.016785 -37.796021 0.50 -0.50 -9.0 -9.0 -12.1826 2.8055 0.0437 -0.0049 0.015573 -0.049935 9.33 490 850 0.05 -36.48 0.0000 0.0000
1.588 2 -5.897754 -5.293593 -8.918554 6.614685 -25.665283 -18.066406 0.33 -0.33 9.0 9.0 -15.0252 -12.8788 0.0401 -0.0049 0.010382 -0.080381 11.69 490 800 0.08 17.28 0.0000 0.0000
1.598 2 -8.160956 5.147348 -3.593794 -8.003235 -54.153442 -12.435913 0.67 -0.67 9.0 9.0 10.9054 13.5227 0.0413 -0.0049 0.020764 0.097622 7.72 490 800 -0.10 48.50 0.0000 0.0000
1.608 2 11.227309 -1.424092 -14.315239 -0.099182 -17.372131 -33.500671 0.59 -0.59 -9.0 -9.0 7.0799 7.0799 0.0447 -0.0049 0.018168 0.012019 6.11 490 800 -0.01 -28.65 -0.0000 -0.0000
1.618 2 -3.135879 -1.858032 -17.937801 -1.312256 3.662109 -26.435852 0.42 -0.42 7.7 5.9 -13.1288 -13.5227 0.0423 -0.0049 0.012977 -0.054739 8.45 490 790 0.05 5.02 0.0000 0.0000
1.628 2 -9.609023 4.929180 -2.800234 -5.325317 -27.008057 3.517151 0.42 -0.42 9.0 9.0 9.5906 13.1288 0.0431 -0.0049 0.012977 0.095729 7.23 490 800 -0.10 48.61 0.0000 0.0000
1.638 2 10.704662 4.883628 -16.034218 2.593994 3.334045 -3.494263 0.50 -0.50 -9.0 -9.0 10.0168 7.5126 0.0473 -0.0048 0.015573 0.057982 10.01 490 810 -0.06 -24.67 -0.0000 -0.0000
1.648 2 -2.148125 -2.704336 -17.762787 0.450134 26.161194 -9.674072 0.25 -0.25 8.5 8.2 -11.2689 -14.3858 0.0455 -0.0048 0.007786 -0.023702 7.59 490 800 0.02 6.75 0.0000 0.0000
1.658 2 -10.186811 5.267221 -3.891079 -2.159119 -14.282227 9.773254 0.25 -0.25 9.0 9.0 11.3636 7.1929 0.0459 -0.0048 0.007786 0.122052 7.02 490 800 -0.12 54.52 0.0000 0.0000
1.668 2 10.690278 1.359360 -13.255561 3.402710 8.430481 1.983643 0.08 -0.08 -9.0 -9.0 14.3858 11.2689 0.0507 -0.0048 0.002595 0.104550 11.61 490 810 -0.10 -32.37 0.0000 0.0000
1.678 2 -1.364155 -0.846304 -19.639999 3.158569 39.077759 3.173828 -0.17 0.17 6.3 8.6 -11.4599 -13.9409 0.0493 -0.0048 -0.005191 -0.002483 7.77 490 800 0.00 4.15 0.0000 0.0000
1.688 2 -14.113853 3.831142 -5.741919 0.816345 -8.140564 11.299133 -0.08 0.08 9.0 9.0 6.3190 7.1549 0.0491 -0.0048 -0.002595 0.150691 6.61 490 830 -0.15 61.13 0.0000 0.0000
1.698 2 14.993720 -1.023716 -10.217978 -1.960754 9.475708 1.007080 -0.08 0.08 -9.0 -9.0 16.6947 18.0303 0.0540 -0.0048 -0.002595 0.184844 8.12 490 790 -0.18 -30.51 -0.0000 -0.0000
1.708 2 -2.222446 -8.573320 -19.639999 4.035950 39.512634 -8.392334 -0.08 0.08 5.0 4.9 -11.4599 -10.7323 0.0536 -0.0048 -0.002595 0.044851 6.98 490 800 -0.04 0.46 0.0000 0.0000
1.718 2 -9.474766 0.122271 -2.699541 1.541138 3.845215 -1.419067 -0.17 0.17 9.0 9.0 5.1029 9.5906 0.0534 -0.0048 -0.005191 0.168494 8.15 490 840 -0.17 60.32 0.0000 0.0000
1.728 2 12.545913 -2.637207 -9.848769 -5.889893 12.390137 -6.736755 -0.08 0.08 -9.0 -9.0 20.8041 20.4889 0.0584 -0.0048 -0.002595 0.205013 8.67 490 780 -0.21 -29.00 0.0000 0.0000
1.738 2 1.620684 -4.991514 -19.639999 0.724792 48.057556 -11.352539 -0.08 0.08 -1.7 -1.3 -5.1222 -2.7541 0.0596 -0.0048 -0.002595 0.054634 6.33 490 880 -0.05 -5.89 0.0000 0.0000
1.748 2 -12.529131 -1.843647 -7.283486 4.623413 19.309998 -6.195068 -0.08 0.08 9.0 9.0 3.7356 2.1846 0.0588 -0.0048 -0.002595 0.144236 9.86 490 880 -0.14 48.65 0.0000 0.0000
1.758 2 6.175859 -1.922764 -8.005122 -4.821777 16.860962 -11.184692 0.00 -0.00 -9.0 -9.0 19.5981 20.8041 0.0638 -0.0048 0.000000 0.221029 8.02 490 790 -0.22 -23.16 -0.0000 -0.0000
1.768 2 7.067715 0.179810 -17.101088 -2.502441 55.503845 -21.347046 0.08 -0.08 -6.8 -7.0 -3.1818 -3.3891 0.0656 -0.0048 0.002595 0.064328 6.53 490 870 -0.06 -17.13 -0.0000 -0.0000
1.778 2 -12.159922 -1.217910 -8.563730 3.555298 29.212952 -2.067566 -0.00 0.00 9.0 9.0 2.9270 2.2920 0.0650 -0.0048 0.000000 0.124819 9.75 490 880 -0.12 42.26 0.0000 0.0000
1.788 2 9.227827 -4.161992 -6.461157 -2.845764 23.841858 2.044678 0.00 -0.00 -9.0 -9.0 19.5981 21.8108 0.0699 -0.0048 0.000000 0.225850 7.53 490 790 -0.23 -27.37 0.0000 0.0000
1.798 2 6.772827 0.688071 -11.351977 -1.335144 63.385010 -11.779785 0.00 -0.00 -9.0 -9.0 4.0731 3.9425 0.0727 -0.0048 0.000000 0.062295 6.55 490 880 -0.06 -22.44 0.0000 0.0000
1.808 2 -8.592500 -0.762393 -5.415864 0.701904 40.443420 -0.984192 -0.08 0.08 9.0 9.0 4.8468 -2.4950 0.0717 -0.0048 -0.002595 0.101222 5.55 490 870 -0.10 38.92 0.0000 0.0000
1.818 2 3.027993 -3.030391 -5.914536 -3.471375 24.177551 -1.831055 -0.00 0.00 3.2 1.7 19.3181 22.1684 0.0763 -0.0048 0.000000 0.259248 7.63 490 780 -0.26 15.97 0.0000 0.0000
1.828 2 9.637793 1.071665 -11.634877 2.311707 66.757202 -5.783081 0.00 -0.00 -9.0 -9.0 3.6746 3.3639 0.0799 -0.0048 0.000000 0.082233 8.99 490 840 -0.08 -27.66 -0.0000 -0.0000
1.838 2 -4.591137 -0.105488 -6.530684 3.822327 45.982361 0.213623 0.00 -0.00 9.0 9.0 -3.2506 6.8643 0.0787 -0.0048 0.000000 0.095975 9.51 490 800 -0.10 30.35 0.0000 0.0000
1.848 2 -2.984839 -4.363379 -7.014970 -5.683899 22.720337 -5.012512 0.08 -0.08 9.0 9.0 20.1831 21.8108 0.0833 -0.0048 0.002595 0.271215 8.26 490 770 -0.27 39.35 0.0000 0.0000
1.858 2 12.991840 2.560488 -12.493169 2.586365 64.155579 -5.935669 0.00 -0.00 -9.0 -9.0 6.3786 4.1102 0.0872 -0.0048 0.000000 0.090099 9.76 490 840 -0.09 -29.24 -0.0000 -0.0000
1.868 2 -5.797060 -2.855376 -7.062920 7.469177 45.707703 -13.870239 0.17 -0.17 9.0 9.0 -3.8200 -2.9720 0.0859 -0.0048 0.005191 0.092001 10.58 490 870 -0.09 33.42 0.0000 0.0000
1.878 2 -5.099399 0.347632 -5.089809 -6.256104 16.555786 -14.450073 0.08 -0.08 9.0 9.0 21.1292 21.4646 0.0906 -0.0048 0.002595 0.252689 8.62 490 750 -0.25 39.66 0.0000 0.0000
1.888 2 12.816826 4.715806 -12.836005 -2.952576 65.055847 -5.470276 0.08 -0.08 -9.0 -9.0 7.1172 7.8166 0.0950 -0.0048 0.002595 0.079473 10.08 490 780 -0.08 -26.54 0.0000 0.0000
1.898 2 -6.638569 -2.258408 -9.654575 6.500244 50.956726 0.205994 -0.08 0.08 9.0 9.0 -3.1521 -4.8123 0.0938 -0.0048 -0.002595 0.068425 11.14 490 870 -0.07 32.01 0.0000 0.0000
1.908 2 -4.428110 -1.862827 -4.998706 -5.752563 22.239685 -3.456116 -0.08 0.08 9.0 9.0 19.0460 20.8041 0.0978 -0.0048 -0.002595 0.222397 7.55 490 790 -0.22 29.94 0.0000 0.0000
1.918 2 12.608247 3.816758 -12.646606 -4.623413 64.750671 1.976013 -0.08 0.08 -9.0 -9.0 8.7243 7.3895 0.1026 -0.0048 -0.002595 0.079420 5.19 490 780 -0.08 -29.36 -0.0000 -0.0000
1.928 2 -8.793886 -1.934751 -11.301631 7.102966 54.580688 -3.463745 0.00 -0.00 9.0 9.0 -6.6614 -6.1747 0.1012 -0.0048 0.000000 0.049370 11.64 490 840 -0.05 32.28 0.0000 0.0000
1.938 2 -2.896133 -0.728828 -2.011470 -6.149292 17.341614 -10.917664 -0.00 0.00 9.0 9.0 18.5242 19.5981 0.1045 -0.0048 0.000000 0.223942 9.21 490 800 -0.22 42.20 0.0000 0.0000
1.948 2 15.362929 1.172358 -13.212407 0.968933 59.097290 -2.609253 0.08 -0.08 -9.0 -9.0 8.5587 7.7717 0.1095 -0.0048 0.002595 0.110213 5.09 490 800 -0.11 -29.01 0.0000 0.0000
1.958 2 -9.510727 -1.771724 -8.115405 8.728027 59.577942 -4.394531 0.17 -0.17 9.0 9.0 -6.6288 -5.0270 0.1085 -0.0048 0.005191 0.049415 11.80 490 870 -0.05 30.93 0.0000 0.0000
1.968 2 -3.910259 0.189399 -4.442495 -7.026672 23.544312 -9.162903 0.08 -0.08 9.0 9.0 19.0460 18.0303 0.1115 -0.0048 0.002595 0.228697 9.67 490 810 -0.23 48.46 0.0000 0.0000
1.978 2 13.794990 3.596191 -12.596259 0.976562 57.640076 6.179810 0.25 -0.25 -9.0 -9.0 6.8296 9.7991 0.1167 -0.0048 0.007786 0.098415 5.20 490 810 -0.10 -30.26 0.0000 0.0000
1.988 2 -9.357289 -1.603901 -10.213183 5.653381 57.098389 -2.777100 0.25 -0.25 9.0 9.0 -7.3493 -5.8540 0.1155 -0.0048 0.007786 0.032140 10.66 490 840 -0.03 26.80 0.0000 0.0000
1.998 2 0.064731 -3.013608 -4.123633 -4.898071 19.126892 -7.118225 0.25 -0.25 5.2 4.4 17.7930 17.3368 0.1183 -0.0048 0.007786 0.177685 7.94 490 800 -0.18 20.76 0.0000 0.0000
2.008 2 11.606108 3.612973 -12.198281 2.487183 53.146362 3.036499 0.25 -0.25 -9.0 -9.0 8.8384 8.5587 0.1232 -0.0047 0.007786 0.059215 10.31 490 810 -0.06 -30.70 0.0000 0.0000
2.018 2 -6.640966 -2.246421 -15.605073 7.240295 53.970337 -3.807068 0.34 -0.34 9.0 9.0 -8.1956 -7.6399 0.1217 -0.0048 0.010382 0.008660 10.87 490 790 -0.01 23.55 0.0000 0.0000
2.028 2 1.400117 0.498672 -1.306616 -6.690979 11.856079 -6.484985 0.25 -0.25 -7.3 -8.2 15.9091 14.6986 0.1240 -0.0047 0.007786 0.148718 8.27 490 810 -0.15 -2.60 0.0000 0.0000
2.038 2 17.659697 1.083652 -12.418847 2.502441 44.418335 3.524780 0.42 -0.42 -9.0 -9.0 6.0369 7.3096 0.1276 -0.0047 0.012977 0.048151 9.76 490 840 -0.05 -38.94 0.0000 0.0000
2.048 2 -8.889785 -2.066611 -11.685225 8.323669 44.815063 6.401062 0.33 -0.33 9.0 9.0 -8.0016 -9.1370 0.1258 -0.0047 0.010382 -0.022214 10.43 490 810 0.02 21.81 0.0000 0.0000
2.058 2 0.278105 -0.985356 -4.303442 -11.047363 3.120422 8.224487 0.25 -0.25 6.7 5.9 13.7987 13.3888 0.1272 -0.0047 0.007786 0.130151 8.59 490 800 -0.13 22.74 0.0000 0.0000
2.068 2 15.240659 -0.968574 -11.960932 0.778198 37.536621 14.328003 0.17 -0.17 -9.0 -9.0 7.1172 6.9347 0.1314 -0.0047 0.005191 0.044534 10.66 490 810 -0.04 -39.25 -0.0000 -0.0000
2.078 2 -0.999741 -1.088447 -13.943632 3.913879 38.192749 15.029907 0.08 -0.08 -1.5 0.6 -7.8620 -12.1826 0.1296 -0.0047 0.002595 -0.044971 7.89 490 800 0.04 -1.97 -0.0000 -0.0000
2.088 2 -11.152987 1.371348 -7.607143 -12.878418 -8.789062 17.120361 0.08 -0.08 9.0 9.0 9.7286 8.2961 0.1296 -0.0047 0.002595 0.084418 10.11 490 790 -0.08 45.46 0.0000 0.0000
2.098 2 10.702266 -1.131602 -10.076528 -3.662109 15.739441 20.309448 0.17 -0.17 -9.0 -9.0 5.6345 9.0756 0.1330 -0.0047 0.005191 0.035994 6.31 490 830 -0.04 -34.94 0.0000 0.0000
2.108 2 -1.692607 0.819932 -16.113335 4.455566 27.969360 7.698059 0.25 -0.25 -0.6 -0.6 -10.9054 -11.3636 0.1308 -0.0047 0.007786 -0.067017 7.01 490 800 0.07 -2.99 0.0000 0.0000
2.118 2 -9.762461 -1.685415 -6.396426 -8.850098 -20.713806 5.813599 0.33 -0.33 9.0 9.0 5.8287 11.3636 0.1306 -0.0047 0.010382 0.075385 9.76 490 830 -0.08 47.22 0.0000 0.0000
2.128 2 17.693262 0.091104 -11.270464 -1.655579 6.538391 3.120422 0.42 -0.42 -9.0 -9.0 11.4599 12.7573 0.1348 -0.0046 0.012977 0.054013 11.04 490 810 -0.05 -36.42 0.0000 0.0000
2.138 2 4.490444 -1.824468 -16.341093 8.010864 33.569336 1.838684 0.50 -0.50 -6.1 -6.1 -9.5230 -10.4827 0.1338 -0.0047 0.015573 -0.079248 6.87 490 800 0.08 -12.02 0.0000 0.0000
2.148 2 -8.136982 1.088447 -7.626323 -8.605957 -19.180298 7.034302 0.59 -0.59 9.0 9.0 -3.0803 5.7789 0.1320 -0.0047 0.018168 0.003535 10.85 490 870 -0.00 31.65 0.0000 0.0000
2.158 2 7.480078 -2.277588 -7.038945 -3.196716 -5.935669 1.869202 0.59 -0.59 -9.0 -9.0 8.8965 7.4711 0.1352 -0.0046 0.018168 0.025629 8.26 490 800 -0.03 -35.81 -0.0000 -0.0000
2.168 2 6.952637 1.040498 -14.504639 4.859924 22.590637 8.293152 0.50 -0.50 -9.0 -8.4 -9.8706 -12.2934 0.1338 -0.0046 0.015573 -0.097355 6.72 490 810 0.10 -18.16 -0.0000 -0.0000
2.178 2 -12.876762 0.867881 -9.364482 -5.607605 -33.439636 11.871338 0.59 -0.59 9.0 9.0 -3.8970 8.0016 0.1316 -0.0047 0.018168 -0.005736 10.52 490 830 0.01 40.28 0.0000 0.0000
2.188 2 10.556020 -0.429145 -7.513642 -6.080627 -21.720886 2.082825 0.67 -0.67 -9.0 -9.0 15.1940 13.1288 0.1354 -0.0046 0.020764 0.064196 8.76 490 800 -0.06 -36.92 0.0000 0.0000
2.198 2 5.883369 1.510400 -18.781708 4.684448 16.677856 6.401062 0.50 -0.50 -9.0 -8.8 -11.1758 -12.5210 0.1346 -0.0046 0.015573 -0.092325 6.74 490 790 0.09 -19.06 0.0000 0.0000
2.208 2 -8.777104 1.071665 -4.250698 -2.769470 -30.731201 15.121460 0.50 -0.50 9.0 9.0 -3.5033 -3.7253 0.1322 -0.0047 0.015573 -0.018677 8.89 490 870 0.02 46.17 0.0000 0.0000
2.218 2 9.076787 -4.842871 -6.979009 -6.401062 -27.328491 2.380371 0.67 -0.67 -9.0 -9.0 15.1940 15.3667 0.1358 -0.0046 0.020764 0.069403 8.56 490 810 -0.07 -30.94 -0.0000 -0.0000
2.228 2 8.530166 5.523750 -14.399150 1.937866 14.221191 11.589050 0.67 -0.67 -9.0 -9.0 -9.8706 -8.4517 0.1358 -0.0046 0.020764 -0.086887 6.71 490 800 0.09 -26.91 -0.0000 -0.0000
2.238 2 -10.910845 2.236831 -6.223808 -2.563477 -26.031494 12.008667 0.59 -0.59 9.0 9.0 -7.0431 -8.0974 0.1324 -0.0047 0.018168 -0.056809 10.95 490 790 0.06 30.35 0.0000 0.0000
2.248 2 -1.639863 -3.612973 -8.321587 -6.896973 -35.705566 6.637573 0.67 -0.67 3.9 2.2 11.1758 12.4061 0.1350 -0.0046 0.020764 0.047513 8.04 490 790 -0.05 17.91 0.0000 0.0000
2.258 2 11.102641 4.540791 -15.358134 4.432678 1.846313 12.641907 0.50 -0.50 -9.0 -9.0 -8.6132 -12.2934 0.1346 -0.0046 0.015573 -0.100075 9.33 490 810 0.10 -38.66 -0.0000 -0.0000
2.268 2 -11.495825 0.354824 -6.331694 -4.997253 -35.392761 24.543762 0.50 -0.50 9.0 9.0 -7.5126 -6.4702 0.1314 -0.0047 0.015573 -0.067875 11.06 490 840 0.07 36.62 0.0000 0.0000
2.278 2 2.766670 -1.745352 -5.547724 -9.162903 -54.267883 18.562317 0.67 -0.67 -9.0 -9.0 12.8788 14.5405 0.1334 -0.0046 0.020764 0.085605 7.61 490 790 -0.09 -21.67 0.0000 0.0000
2.288 2 11.644467 -0.656904 -10.685483 6.362915 -6.713867 8.605957 0.75 -0.75 -9.0 -9.0 -2.7374 -3.2902 0.1344 -0.0046 0.023359 -0.081527 6.63 490 880 0.08 -40.43 0.0000 0.0000
2.298 2 -5.638828 -3.696885 -10.457725 6.935120 -22.964478 -7.888794 0.75 -0.75 9.0 9.0 -8.8965 -10.1674 0.1308 -0.0047 0.023359 -0.076406 11.83 490 800 0.08 14.59 0.0000 0.0000
2.308 2 -0.587378 1.867622 -1.318604 -7.194519 -46.043396 0.450134 0.75 -0.75 9.0 7.5 11.7589 13.2575 0.1324 -0.0046 0.023359 0.080343 8.01 490 800 -0.08 25.71 0.0000 0.0000
2.318 2 14.588550 1.335386 -12.298974 3.700256 -0.320435 13.023376 0.84 -0.84 -9.0 -9.0 2.5709 3.1818 0.1346 -0.0046 0.025955 -0.057724 10.44 490 870 0.06 -38.90 0.0000 0.0000
2.328 2 -1.364155 -2.471782 -12.778466 7.438660 -22.483826 -4.257202 0.92 -0.92 6.2 6.1 -11.6575 -13.7987 0.1308 -0.0047 0.028550 -0.093308 10.98 490 790 0.09 6.47 0.0000 0.0000
2.338 2 -0.469902 2.160112 -3.639346 -7.873535 -55.885315 6.050110 0.75 -0.75 3.2 3.3 13.2575 11.2689 0.1316 -0.0047 0.023359 0.060075 9.92 490 800 -0.06 16.44 0.0000 0.0000
2.348 2 12.519541 1.944341 -13.279535 1.983643 -11.016846 14.045715 0.75 -0.75 -9.0 -9.0 5.7543 5.3875 0.1348 -0.0046 0.023359 -0.019861 10.50 490 880 0.02 -38.46 0.0000 0.0000
2.358 2 -3.847925 -3.998965 -13.811772 3.570557 -8.285522 14.793396 0.84 -0.84 3.5 2.0 -13.9409 -13.3888 0.1318 -0.0047 0.025955 -0.098997 8.65 490 790 0.10 0.32 0.0000 0.0000
2.368 2 -8.961709 -0.920625 -4.905205 -10.467529 -49.514771 16.036987 0.67 -0.67 9.0 9.0 6.5964 5.0837 0.1314 -0.0047 0.020764 0.061847 8.86 490 880 -0.06 48.16 0.0000 0.0000
2.378 2 11.917778 1.383335 -11.363964 -1.686096 -23.551941 21.972656 0.84 -0.84 -9.0 -9.0 4.3481 7.7717 0.1338 -0.0046 0.025955 0.000043 11.09 490 840 -0.00 -35.11 0.0000 0.0000
2.388 2 -1.663838 -1.093242 -13.169252 2.250671 -6.111145 15.586853 0.92 -0.92 2.4 0.3 -13.9409 -13.9409 0.1312 -0.0047 0.028550 -0.089273 8.92 490 790 0.09 -3.24 0.0000 0.0000
2.398 2 -8.827451 -1.409707 -6.504311 -9.735107 -55.000305 19.042969 0.67 -0.67 9.0 9.0 12.0738 5.2617 0.1306 -0.0047 0.020764 0.062097 9.57 490 840 -0.06 46.57 0.0000 0.0000
2.408 2 6.427593 -3.591396 -10.884472 1.533508 -30.464172 13.999939 0.59 -0.59 -9.0 -9.0 4.3622 5.6111 0.1332 -0.0047 0.018168 -0.002684 6.88 490 870 0.00 -29.25 0.0000 0.0000
2.418 2 -1.913174 -0.584980 -16.060591 5.187988 -21.217346 17.837524 0.50 -0.50 1.8 1.4 -13.7987 -15.1940 0.1302 -0.0047 0.015573 -0.094495 6.99 490 800 0.09 -3.12 0.0000 0.0000
2.428 2 -8.674013 -2.493359 -5.005898 -9.643555 -65.765381 12.634277 0.42 -0.42 9.0 9.0 11.9670 10.0916 0.1300 -0.0047 0.012977 0.067812 8.83 490 800 -0.07 48.18 0.0000 0.0000
2.438 2 11.467055 0.292490 -13.512090 0.022888 -35.575867 9.887695 0.50 -0.50 -9.0 -9.0 9.7286 8.0974 0.1338 -0.0047 0.015573 0.019172 10.06 490 810 -0.02 -37.14 -0.0000 -0.0000
2.448 2 1.162768 0.810342 -14.825898 3.959656 -11.169434 10.597229 0.42 -0.42 -0.4 -0.9 -13.9409 -14.8601 0.1312 -0.0047 0.012977 -0.086738 7.50 490 800 0.09 -7.13 -0.0000 -0.0000
2.458 2 -14.221738 1.414502 -4.615112 -8.659363 -62.622070 14.236450 0.42 -0.42 9.0 9.0 6.5644 6.8993 0.1304 -0.0047 0.012977 0.055446 10.01 490 840 -0.06 49.80 0.0000 0.0000
2.468 2 13.483320 -0.630532 -10.241953 -1.350403 -37.872314 8.445740 0.42 -0.42 -9.0 -9.0 10.3227 11.0842 0.1344 -0.0047 0.012977 0.030490 11.80 490 810 -0.03 -40.47 0.0000 0.0000
2.478 2 1.735762 -2.754683 -18.424486 6.088257 1.388550 0.694275 0.50 -0.50 -2.8 -3.4 -10.2445 -10.4827 0.1334 -0.0047 0.015573 -0.083582 9.33 490 800 0.08 -7.02 0.0000 0.0000
2.488 2 -11.606108 1.754941 -3.157456 -7.789612 -41.343689 12.771606 0.50 -0.50 9.0 9.0 -2.9984 -2.5660 0.1314 -0.0047 0.015573 0.035334 10.68 490 870 -0.04 54.67 0.0000 0.0000
2.498 2 5.885767 -2.764272 -10.870088 -3.440857 -33.798218 6.134033 0.59 -0.59 -9.0 -9.0 15.1940 15.5433 0.1352 -0.0047 0.018168 0.085450 11.63 490 800 -0.09 -33.09 -0.0000 -0.0000
2.508 2 5.039463 -1.635068 -19.639999 6.065369 3.486633 4.249573 0.50 -0.50 -4.0 -5.3 -12.5210 -12.8788 0.1346 -0.0047 0.015573 -0.043928 9.13 490 790 0.04 -15.01 -0.0000 -0.0000
2.518 2 -15.046464 0.781572 -1.395322 -1.914978 -40.901184 15.884399 0.50 -0.50 9.0 9.0 4.2258 3.3977 0.1330 -0.0047 0.015573 0.050981 10.41 490 870 -0.05 59.87 0.0000 0.0000
2.528 2 6.257373 -1.321001 -12.610644 -6.500244 -37.086487 10.131836 0.59 -0.59 -9.0 -9.0 17.7930 18.2739 0.1372 -0.0046 0.018168 0.141892 8.08 490 790 -0.14 -28.10 0.0000 0.0000
2.538 2 9.165493 5.746714 -15.027285 2.540588 5.325317 10.231018 0.59 -0.59 -9.0 -9.0 -6.0913 -2.0582 0.1380 -0.0046 0.018168 -0.023101 6.42 490 880 0.02 -26.66 0.0000 0.0000
2.548 2 -14.243315 0.016782 -8.160956 -2.326965 -22.293091 10.704041 0.50 -0.50 9.0 9.0 -2.8469 -2.7374 0.1362 -0.0046 0.015573 0.046873 9.03 490 870 -0.05 43.38 0.0000 0.0000
2.558 2 9.007260 -2.759477 -4.006157 -4.402161 -28.297424 10.604858 0.59 -0.59 -9.0 -9.0 17.5619 18.7815 0.1405 -0.0046 0.018168 0.171820 8.21 490 800 -0.17 -39.10 0.0000 0.0000
2.568 2 8.968901 3.799975 -13.080546 1.747131 14.228821 7.583618 0.50 -0.50 -9.0 -9.0 -2.2463 -6.7277 0.1419 -0.0045 0.015573 0.005210 6.20 490 880 -0.01 -25.17 0.0000 0.0000
2.578 2 -13.219599 0.841509 -8.681206 -0.320435 -14.472961 14.816284 0.50 -0.50 9.0 9.0 -3.0117 -2.5807 0.1403 -0.0046 0.015573 0.043930 9.24 490 860 -0.04 32.95 0.0000 0.0000
2.588 2 9.700127 -4.682241 -1.939546 -2.868652 -29.350281 9.063721 0.50 -0.50 -9.0 -9.0 17.3368 18.5242 0.1443 -0.0045 0.015573 0.199431 7.10 490 810 -0.20 -15.48 0.0000 0.0000
2.598 2 8.247266 4.358584 -12.756889 3.807068 16.906738 0.473022 0.59 -0.59 -9.0 -9.0 -3.2044 -3.0525 0.1461 -0.0045 0.018168 0.026712 7.40 490 880 -0.03 -24.87 0.0000 0.0000
2.608 2 -11.399926 2.944082 -8.029097 -1.724243 -8.316040 8.308411 0.59 -0.59 9.0 9.0 -3.6548 -5.1029 0.1441 -0.0045 0.018168 0.061150 9.25 490 880 -0.06 34.58 0.0000 0.0000
2.618 2 -0.999741 -3.843130 -6.823174 -5.401611 -26.924133 5.470276 0.67 -0.67 9.0 9.0 16.6947 17.5619 0.1475 -0.0044 0.020764 0.260390 7.13 490 800 -0.26 36.09 0.0000 0.0000
2.628 2 10.213183 5.674790 -16.779829 7.980347 15.853882 -4.112244 0.92 -0.92 -9.0 -9.0 -6.2031 3.6157 0.1505 -0.0044 0.028550 0.074920 9.98 490 880 -0.07 -28.80 -0.0000 -0.0000
2.638 2 -6.190244 -1.728569 -8.271240 2.311707 3.494263 -12.992859 0.92 -0.92 9.0 9.0 -4.4926 -6.6288 0.1485 -0.0044 0.028550 0.080733 10.71 490 870 -0.08 28.46 0.0000 0.0000
2.648 2 -0.100693 2.457397 -4.452085 -5.264282 -21.110535 -7.270813 0.92 -0.92 3.9 3.2 18.2739 17.7930 0.1525 -0.0043 0.028550 0.240542 7.77 490 810 -0.24 15.38 0.0000 0.0000
2.658 2 12.203075 3.387612 -10.723843 3.105164 25.688171 3.280640 0.84 -0.84 -9.0 -9.0 5.9571 5.0458 0.1559 -0.0042 0.025955 0.071656 9.98 490 880 -0.07 -29.98 0.0000 0.0000
2.668 2 -5.336748 -2.078598 -9.961450 7.278442 6.591797 -0.091553 0.75 -0.75 9.0 9.0 -4.1481 -4.0127 0.1541 -0.0043 0.023359 0.064183 11.07 490 870 -0.06 23.09 0.0000 0.0000
2.678 2 -4.032529 -1.517593 -4.106851 -6.217957 -12.947083 1.190186 0.92 -0.92 9.0 9.0 17.1173 18.5242 0.1577 -0.0042 0.028550 0.230143 7.86 490 800 -0.23 47.87 0.0000 0.0000
2.688 2 9.616216 3.598589 -13.866914 6.179810 24.322510 -3.593445 1.00 -1.00 -9.0 -9.0 6.1747 4.0609 0.1616 -0.0040 0.031146 0.056372 9.95 490 870 -0.06 -27.50 0.0000 0.0000
2.698 2 -6.281347 0.100693 -9.266186 3.860474 15.457153 0.473022 0.84 -0.84 9.0 9.0 -2.8895 -4.4629 0.1604 -0.0041 0.025955 0.045057 11.20 490 870 -0.05 26.90 0.0000 0.0000
2.708 2 -6.650557 -0.637725 -5.646020 -4.379272 -4.791260 2.342224 0.92 -0.92 5.4 2.8 17.7930 19.3181 0.1642 -0.0040 0.028550 0.171020 8.43 490 810 -0.17 20.52 0.0000 0.0000
2.718 2 12.795249 2.133740 -10.524853 2.723694 31.677246 3.814697 0.92 -0.92 -9.0 -9.0 7.9545 5.6818 0.1682 -0.0038 0.028550 0.023296 9.22 490 840 -0.02 -30.86 0.0000 0.0000
2.728 2 -8.702783 -0.875073 -8.731552 2.647400 20.355225 8.880615 0.59 -0.59 9.0 9.0 -3.4674 -6.8296 0.1666 -0.0039 0.018168 0.018049 11.74 490 830 -0.02 28.00 0.0000 0.0000
2.738 2 -3.370830 0.877471 -2.929697 -3.173828 -6.401062 11.489868 0.59 -0.59 9.0 9.0 18.0303 19.0460 0.1698 -0.0038 0.018168 0.164968 9.29 490 810 -0.16 36.33 0.0000 0.0000
2.748 2 13.200419 1.114819 -16.113335 3.250122 36.018372 18.318176 0.75 -0.75 -9.0 -9.0 7.8620 8.8965 0.1746 -0.0037 0.023359 0.067033 5.22 490 800 -0.07 -23.33 -0.0000 -0.0000
2.758 2 -8.359946 -3.128686 -10.232363 3.005981 37.498474 10.917664 0.59 -0.59 9.0 9.0 -8.2961 -11.5579 0.1730 -0.0037 0.018168 0.005009 7.70 490 790 -0.01 18.86 0.0000 0.0000
2.768 2 -5.672392 0.563403 -3.696885 -8.125305 -3.135681 14.312744 0.50 -0.50 9.0 9.0 12.7573 13.3888 0.1744 -0.0037 0.015573 0.196499 7.77 490 790 -0.20 55.58 0.0000 0.0000
2.778 2 17.050741 -2.984839 -13.862119 6.851196 25.581360 20.385742 0.50 -0.50 -9.0 -9.0 9.4564 9.7991 0.1793 -0.0037 0.015573 0.119029 8.57 490 800 -0.12 -30.95 -0.0000 -0.0000
2.788 2 -5.998447 0.505864 -18.594706 2.296448 45.234680 15.663147 0.50 -0.50 7.3 6.4 -6.5013 -7.8620 0.1785 -0.0037 0.015573 0.030763 7.34 490 830 -0.03 8.73 0.0000 0.0000
2.798 2 -5.981665 1.476836 -2.987236 -9.376526 8.552551 14.335632 0.34 -0.34 9.0 9.0 15.3667 13.3888 0.1805 -0.0036 0.010382 0.191133 7.26 490 810 -0.19 54.01 0.0000 0.0000
2.808 2 13.742246 -2.675566 -12.831210 5.966187 36.308289 10.025024 0.42 -0.42 -9.0 -9.0 11.3636 11.5579 0.1855 -0.0036 0.012977 0.105009 8.45 490 800 -0.11 -33.03 -0.0000 -0.0000
2.818 2 -1.270654 -1.680620 -16.858944 -0.465393 53.413391 13.595581 0.25 -0.25 4.3 6.5 -5.1417 -10.3227 0.1847 -0.0036 0.007786 0.021574 6.93 490 840 -0.02 5.20 0.0000 0.0000
2.828 2 -6.461157 2.227241 -6.581030 -4.241943 11.177063 9.300232 0.25 -0.25 9.0 9.0 14.6986 16.0984 0.1871 -0.0036 0.007786 0.176048 7.75 490 790 -0.18 44.85 0.0000 0.0000
2.838 2 11.735571 0.043154 -11.982510 4.508972 40.901184 11.123657 0.25 -0.25 -9.0 -9.0 13.3888 11.3636 0.1927 -0.0035 0.007786 0.085491 9.13 490 790 -0.09 -35.35 -0.0000 -0.0000
2.848 2 -3.229380 1.083652 -17.093897 2.548218 65.162659 9.399414 0.33 -0.33 4.8 4.3 -8.1462 -6.6944 0.1921 -0.0036 0.010382 -0.005864 6.64 490 830 0.01 6.84 0.0000 0.0000
2.858 2 -9.489150 -0.390786 -3.718462 -6.149292 19.180298 6.530762 0.42 -0.42 9.0 9.0 12.5210 13.0026 0.1935 -0.0035 0.012977 0.151934 7.99 490 800 -0.15 56.22 0.0000 0.0000
2.868 2 13.416191 -4.864448 -10.234760 4.676819 42.350769 -2.861023 0.34 -0.34 -9.0 -9.0 10.5646 8.6684 0.1986 -0.0035 0.010382 0.101398 10.81 490 800 -0.10 -32.25 -0.0000 -0.0000
2.878 2 0.594570 0.616147 -15.660214 4.196167 65.879822 1.296997 0.33 -0.33 1.0 0.1 -5.5421 -6.4394 0.1982 -0.0035 0.010382 0.002954 6.53 490 860 -0.00 0.28 0.0000 0.0000
2.888 2 -10.958794 2.035444 -7.930800 -3.211975 25.184631 0.473022 0.33 -0.33 9.0 9.0 13.6593 13.7987 0.1998 -0.0035 0.010382 0.156895 9.67 490 800 -0.16 49.15 0.0000 0.0000
2.898 2 16.849356 -2.150522 -10.421762 5.493164 49.819946 -2.265930 0.33 -0.33 -9.0 -9.0 17.1173 13.9409 0.2058 -0.0034 0.010382 0.099760 10.76 490 810 -0.10 -36.39 0.0000 0.0000
2.908 2 1.292231 -0.251733 -14.382368 4.287720 82.061768 -4.867554 0.33 -0.33 0.6 -1.2 -8.0974 -7.3493 0.2054 -0.0034 0.010382 -0.009982 6.69 490 800 0.01 -0.12 0.0000 0.0000
2.918 2 -12.780864 -0.127065 -7.012573 -3.395081 31.600952 -1.907349 0.42 -0.42 9.0 9.0 9.9432 9.9432 0.2060 -0.0034 0.012977 0.138124 10.25 490 800 -0.14 50.63 0.0000 0.0000
2.928 2 12.495566 -2.253613 -11.001948 0.267029 51.582336 5.195618 0.50 -0.50 -9.0 -9.0 12.8788 11.2689 0.2110 -0.0033 0.015573 0.105778 10.79 490 810 -0.11 -32.05 0.0000 0.0000
2.938 2 2.421435 -1.265859 -19.479370 6.431580 79.116821 -2.319336 0.25 -0.25 -2.7 -3.0 -4.4777 -8.7243 0.2104 -0.0033 0.007786 -0.006314 6.93 490 840 0.01 -5.64 0.0000 0.0000
2.948 2 -9.980630 2.960864 -7.345820 -4.257202 27.809143 4.188538 0.25 -0.25 9.0 9.0 8.7810 12.6380 0.2108 -0.0033 0.007786 0.145821 10.60 490 810 -0.15 49.93 0.0000 0.0000
2.958 2 13.648745 0.381196 -12.351718 -1.113892 50.544739 8.125305 0.33 -0.33 -9.0 -9.0 15.9091 17.5619 0.2163 -0.0033 0.010382 0.131156 11.20 490 810 -0.13 -29.26 0.0000 0.0000
2.968 2 2.975249 -1.771724 -17.141846 3.906250 86.448669 -5.027771 0.42 -0.42 0.1 -2.3 -8.8384 -8.2961 0.2157 -0.0033 0.012977 0.001846 7.17 490 800 -0.00 -4.59 0.0000 0.0000
2.978 2 -10.150849 0.064731 -4.711010 -3.875732 34.172058 0.114441 0.33 -0.33 9.0 9.0 10.5646 10.0916 0.2159 -0.0033 0.010382 0.158509 10.33 490 790 -0.16 60.83 0.0000 0.0000
2.988 2 13.049379 -3.903066 -11.877021 -1.037598 55.442810 16.212463 0.25 -0.25 -9.0 -9.0 12.2934 13.3888 0.2205 -0.0032 0.007786 0.116874 10.17 490 800 -0.12 -35.11 0.0000 0.0000
2.998 2 5.701162 -1.040498 -18.381332 3.616333 83.747864 -3.051758 0.08 -0.08 -0.5 -0.1 -6.2031 -10.9054 0.2197 -0.0032 0.002595 -0.003206 7.04 490 840 0.00 -5.81 0.0000 0.0000
3.008 2 -9.776845 4.286660 -11.246489 -5.485535 30.708313 8.277893 0.00 -0.00 9.0 9.0 10.7323 11.8620 0.2203 -0.0032 0.000000 0.132628 10.49 490 770 -0.13 40.25 0.0000 0.0000
3.018 2 16.468159 0.546621 -10.117285 2.540588 59.829712 7.148743 0.08 -0.08 -9.0 -9.0 13.5227 12.7573 0.2253 -0.0032 0.002595 0.109783 11.66 490 800 -0.11 -31.52 0.0000 0.0000
3.028 2 4.957949 -0.697661 -12.435630 -1.174927 73.181152 1.518250 0.17 -0.17 -7.1 -9.0 -9.3908 -7.5126 0.2247 -0.0032 0.005191 -0.024443 8.04 490 790 0.02 -17.59 0.0000 0.0000
3.038 2 -11.342387 -2.220049 -7.127651 -3.562927 32.249451 2.426147 0.25 -0.25 9.0 9.0 4.0609 -2.6106 0.2233 -0.0033 0.007786 0.035264 10.95 490 880 -0.04 43.13 0.0000 0.0000
3.048 2 1.822070 -2.850581 -11.769135 5.729675 44.410706 -0.190735 0.50 -0.50 -2.3 -4.8 17.1173 18.0303 0.2275 -0.0032 0.015573 0.124389 7.85 490 810 -0.12 7.23 0.0000 0.0000
3.058 2 11.167373 -0.175015 -10.162837 7.804871 65.910339 -7.118225 0.34 -0.34 -9.0 -9.0 -6.0101 -2.1881 0.2287 -0.0032 0.010382 -0.028554 7.10 490 880 0.03 -36.51 -0.0000 -0.0000
3.068 2 -8.060264 -0.462710 -10.699868 -1.190186 34.042358 3.906250 0.50 -0.50 9.0 8.2 -12.1826 -9.3908 0.2255 -0.0032 0.015573 -0.084020 7.99 490 800 0.08 14.90 0.0000 0.0000
3.078 2 -7.350615 0.630532 -4.226724 -1.052856 20.576477 -6.072998 0.59 -0.59 9.0 9.0 12.4061 12.8788 0.2265 -0.0032 0.018168 0.105803 7.25 490 800 -0.11 48.92 0.0000 0.0000
3.088 2 16.086962 -3.907861 -10.577598 16.929626 45.333862 -11.787415 0.59 -0.59 -9.0 -9.0 5.9835 6.2605 0.2302 -0.0031 0.018168 0.022506 4.84 490 870 -0.02 -38.65 0.0000 0.0000
3.098 2 4.886025 1.639863 -15.734535 -2.441406 27.008057 -20.637512 0.59 -0.59 -9.0 -9.0 -13.5227 -12.1826 0.2273 -0.0032 0.018168 -0.127236 7.04 490 790 0.13 -24.31 0.0000 0.0000
3.108 2 -17.153833 0.700059 -8.628462 -3.005981 2.891541 -26.847839 0.84 -0.84 9.0 9.0 -5.4091 -3.1669 0.2247 -0.0032 0.025955 -0.001116 10.58 490 870 0.00 48.88 0.0000 0.0000
3.118 2 8.520576 -2.232036 -6.264565 12.687683 14.945984 -29.708862 1.26 -1.26 -9.0 -9.0 13.5227 17.7930 0.2281 -0.0031 0.038932 0.102913 8.24 490 810 -0.10 -29.55 -0.0000 -0.0000
3.128 2 13.917260 3.135879 -9.925488 13.389587 32.768250 -40.405273 1.26 -1.26 -9.0 -9.0 -2.2205 -2.2096 0.2289 -0.0031 0.038932 -0.078487 6.47 490 880 0.08 -43.13 -0.0000 -0.0000
3.138 2 2.152920 -1.836455 -6.185449 9.086609 12.641907 -40.092468 1.42 -1.42 -3.3 -7.9 -16.6947 -11.9670 0.2249 -0.0033 0.044123 -0.153346 7.83 490 800 0.15 -16.29 -0.0000 -0.0000
3.148 2 -15.717753 3.560229 -2.495757 2.059937 -4.661560 -37.284851 1.51 -1.51 9.0 9.0 5.8794 6.4394 0.2243 -0.0033 0.046719 0.029054 9.48 490 870 -0.03 56.13 0.0000 0.0000
3.158 2 13.778208 -5.482993 -12.363706 23.490906 22.003174 -27.229309 1.51 -1.51 -9.0 -9.0 5.0647 3.3472 0.2267 -0.0032 0.046719 -0.022853 9.78 490 870 0.02 -34.80 0.0000 0.0000
3.168 2 2.807427 5.734726 -18.136791 -2.708435 15.106201 -20.538330 1.34 -1.34 -6.3 -9.0 -14.8601 -12.2934 0.2239 -0.0033 0.041528 -0.162657 7.77 490 800 0.16 -18.69 0.0000 0.0000
3.178 2 -10.488892 4.006157 -8.506191 -7.789612 -13.900757 -15.129089 1.76 -1.76 9.0 9.0 -6.6614 -4.7448 0.2205 -0.0035 0.054505 -0.076461 10.76 490 880 0.08 32.09 0.0000 0.0000
3.188 2 7.206768 0.848701 -10.457725 7.728577 -0.846863 -14.495850 1.93 -1.93 -9.0 -9.0 10.7323 14.5405 0.2229 -0.0033 0.059696 0.043737 8.18 490 800 -0.04 -17.48 0.0000 0.0000
3.198 2 10.529648 8.741142 -16.007847 9.376526 19.119263 -20.393372 2.01 -2.01 -9.0 -9.0 -11.8620 -11.0842 0.2223 -0.0034 0.062292 -0.126280 7.17 490 800 0.13 -34.92 0.0000 0.0000
3.208 2 -6.240591 -2.378281 -9.683345 -1.968384 -3.486633 -10.681152 2.18 -2.18 9.0 5.2 -17.5619 -13.7987 0.2175 -0.0037 0.067483 -0.175202 8.64 490 810 0.18 6.97 0.0000 0.0000
3.218 2 -3.915054 1.172358 -2.169702 -2.037048 -21.484375 -12.451172 2.09 -2.09 9.0 9.0 5.5879 2.6412 0.2169 -0.0037 0.064887 0.029848 6.69 490 870 -0.03 52.49 0.0000 0.0000
3.228 2 12.210268 -3.214995 -10.776587 21.369934 20.812988 -4.692078 1.93 -1.93 -9.0 -9.0 4.8995 2.4409 0.2189 -0.0036 0.059696 -0.067073 5.52 490 880 0.07 -39.09 -0.0000 -0.0000
3.238 2 5.423057 2.766670 -15.389301 -9.986877 8.384705 -8.468628 1.84 -1.84 -8.9 -9.0 -16.9034 -17.1173 0.2151 -0.0038 0.057101 -0.193095 7.78 490 800 0.19 -26.08 -0.0000 -0.0000
3.248 2 -10.476904 1.826865 -9.939873 -11.894226 -18.653870 -9.384155 2.01 -2.01 9.0 9.0 -9.6591 -9.3260 0.2111 -0.0040 0.062292 -0.103290 10.73 490 790 0.10 24.34 0.0000 0.0000
3.258 2 9.422021 3.713667 -8.297612 0.755310 -6.935120 11.306763 1.93 -1.93 -9.0 -9.0 8.1956 8.8384 0.2125 -0.0040 0.059696 -0.019256 8.05 490 800 0.02 -25.18 -0.0000 -0.0000
3.268 2 8.652436 4.838076 -9.206249 3.219604 22.789001 11.238098 1.84 -1.84 -9.0 -9.0 -13.9409 -14.6986 0.2103 -0.0041 0.057101 -0.163985 7.23 490 800 0.16 -30.39 -0.0000 -0.0000
3.278 2 -6.010434 -5.610058 -5.880971 -13.717651 -12.321472 19.935608 1.93 -1.93 9.0 9.0 -13.2575 -13.1288 0.2052 -0.0044 0.059696 -0.172665 11.47 490 790 0.17 23.23 0.0000 0.0000
3.288 2 2.505347 -3.104712 -6.269360 -2.433777 -23.353577 11.825562 1.84 -1.84 -6.1 -9.0 7.6399 6.1747 0.2054 -0.0044 0.057101 -0.046940 10.22 480 830 0.05 -6.41 0.0000 0.0000
3.298 2 12.078408 -1.498413 -9.623408 12.504578 24.154663 19.752502 1.84 -1.84 -9.0 -9.0 -9.8706 -9.3908 0.2050 -0.0044 0.057101 -0.174117 9.32 490 800 0.17 -45.93 0.0000 0.0000
3.308 2 -1.639863 -1.162768 -10.026181 -5.043030 0.923157 -1.136780 1.84 -1.84 5.5 2.6 -18.2739 -16.9034 0.1998 -0.0047 0.057101 -0.203308 8.37 490 800 0.20 -2.04 0.0000 0.0000
3.318 2 -2.342319 4.936372 -3.847925 -11.573792 -20.393372 3.051758 1.84 -1.84 4.2 2.5 5.5879 2.0836 0.1994 -0.0047 0.057101 -0.089586 8.40 490 870 0.09 13.87 0.0000 0.0000
3.328 2 14.303251 -1.054883 -9.527510 7.171631 21.018982 13.595581 1.84 -1.84 -9.0 -9.0 -11.9670 -11.5579 0.1986 -0.0048 0.057101 -0.194376 10.19 490 800 0.19 -44.90 0.0000 0.0000
3.338 2 -2.188882 0.067129 -15.741728 -0.724792 -5.455017 0.053406 1.84 -1.84 2.5 -1.5 -18.5242 -15.1940 0.1934 -0.0050 0.057101 -0.221280 10.30 490 800 0.22 -8.02 -0.0000 -0.0000
3.348 2 -0.999741 1.304219 -3.545845 -11.283875 -29.083252 -1.731873 1.84 -1.84 2.8 0.3 2.1567 1.8993 0.1926 -0.0051 0.057101 -0.091329 9.82 490 870 0.09 11.05 0.0000 0.0000
3.358 2 14.804321 -1.009331 -9.175083 5.798340 12.825012 4.905701 1.84 -1.84 -9.0 -9.0 -9.6591 -8.8384 0.1922 -0.0051 0.057101 -0.197869 10.49 490 810 0.20 -49.53 -0.0000 -0.0000
3.368 2 -1.891597 -1.208320 -13.737451 2.075195 -3.654480 -5.630493 1.76 -1.76 9.0 8.6 -19.0460 -19.8863 0.1868 -0.0054 0.054505 -0.228596 11.47 490 800 0.23 6.28 0.0000 0.0000
3.378 2 -2.116958 2.366294 -8.431870 -10.444641 -31.364441 -3.852844 1.84 -1.84 1.9 2.1 4.4777 -2.1262 0.1854 -0.0055 0.057101 -0.108520 9.98 490 880 0.11 10.53 0.0000 0.0000
3.388 2 17.477489 -1.498413 -9.736089 5.554199 4.524231 -3.211975 1.84 -1.84 -9.0 -9.0 -5.0458 -5.4527 0.1854 -0.0055 0.057101 -0.206751 10.39 490 890 0.21 -49.82 -0.0000 -0.0000
3.398 2 -2.759477 -2.531719 -14.308046 5.508423 -10.948181 -17.639160 1.93 -1.93 6.3 3.9 -20.8041 -20.1831 0.1799 -0.0058 0.059696 -0.268483 9.40 490 780 0.27 -1.98 -0.0000 -0.0000
3.408 2 -5.231260 2.464590 -7.400962 -6.477356 -45.646667 -10.032654 1.84 -1.84 9.0 9.0 -3.3389 -5.5195 0.1769 -0.0060 0.057101 -0.143616 10.39 490 870 0.14 22.38 0.0000 0.0000
3.418 2 13.046982 -2.500552 -10.448134 5.035400 -16.738892 -8.262634 1.84 -1.84 -9.0 -9.0 -2.6515 -8.3473 0.1773 -0.0060 0.057101 -0.185535 8.97 490 840 0.19 -45.91 -0.0000 -0.0000
3.428 2 -2.769067 0.975767 -13.615180 5.424500 -16.464233 -8.735657 1.76 -1.76 1.7 -0.3 -20.1831 -20.1831 0.1723 -0.0062 0.054505 -0.262556 8.07 490 760 0.26 -9.70 -0.0000 -0.0000
3.438 2 -5.149746 2.059419 -9.285366 -6.858826 -48.263550 -1.289368 1.76 -1.76 9.0 7.3 -4.0246 -4.3622 0.1695 -0.0064 0.054505 -0.144333 10.24 490 870 0.14 16.76 0.0000 0.0000
3.448 2 9.836782 -0.103091 -11.977715 2.189636 -22.865295 -2.441406 1.84 -1.84 -9.0 -9.0 -2.1397 -1.7746 0.1693 -0.0064 0.057101 -0.208643 10.43 490 880 0.21 -40.46 0.0000 0.0000
3.458 2 0.136655 0.362017 -14.003569 5.928040 -29.220581 -14.045715 1.84 -1.84 -1.2 -2.8 -21.8108 -22.5378 0.1641 -0.0067 0.057101 -0.285828 10.47 490 770 0.29 -16.67 0.0000 0.0000
3.468 2 -4.219531 2.323140 -9.587446 -6.294250 -62.637329 -11.863708 1.84 -1.84 9.0 6.8 -7.5970 -7.0066 0.1601 -0.0069 0.057101 -0.183078 10.85 490 800 0.18 11.77 0.0000 0.0000
3.478 2 9.175083 -2.586860 -8.573320 1.922607 -41.923523 -10.673523 2.01 -2.01 -9.0 -9.0 -5.3875 2.7374 0.1605 -0.0069 0.062292 -0.187220 10.81 490 880 0.19 -50.01 -0.0000 -0.0000
3.488 2 4.571958 -1.143589 -11.910585 6.469727 -26.321411 -10.391235 1.93 -1.93 -4.5 -6.1 -20.4889 -21.4646 0.1562 -0.0072 0.059696 -0.281222 9.40 490 780 0.28 -21.54 -0.0000 -0.0000
3.498 2 -4.535996 2.152920 -10.661509 -2.319336 -68.328857 1.190186 2.01 -2.01 9.0 7.5 -12.5210 -13.1288 0.1508 -0.0075 0.062292 -0.224315 11.75 490 790 0.22 9.20 0.0000 0.0000
3.508 2 0.045552 -0.136655 -10.759805 -1.731873 -66.177368 0.015259 2.01 -2.01 -3.4 -5.6 3.6548 2.7263 0.1504 -0.0075 0.062292 -0.146039 11.60 490 850 0.15 -4.34 -0.0000 -0.0000
3.518 2 9.069594 2.217651 -11.328003 7.156372 -35.392761 -5.683899 2.01 -2.01 -9.0 -9.0 -17.7930 -19.0460 0.1472 -0.0077 0.062292 -0.268160 10.57 490 810 0.27 -39.49 -0.0000 -0.0000
3.528 2 -7.633515 1.589517 -10.539238 -3.517151 -72.952271 7.858276 2.09 -2.09 9.0 8.7 -18.5242 -13.0026 0.1410 -0.0081 0.064887 -0.248034 11.82 490 810 0.25 12.86 0.0000 0.0000
3.538 2 1.788506 -5.720342 -5.710752 -4.203796 -83.000183 -4.180908 2.18 -2.18 -9.0 -9.0 2.3235 2.0093 0.1404 -0.0081 0.067483 -0.117784 8.61 490 870 0.12 -25.65 -0.0000 -0.0000
3.548 2 11.275258 4.123633 -9.808012 8.018494 -46.440125 -2.616882 2.09 -2.09 -9.0 -9.0 -14.0861 -12.8788 0.1386 -0.0083 0.064887 -0.236997 8.83 490 800 0.24 -43.73 -0.0000 -0.0000
3.558 2 0.170220 -2.968056 -10.591982 3.372192 -74.501038 -2.723694 2.18 -2.18 3.7 0.1 -22.1684 -20.4889 0.1324 -0.0087 0.067483 -0.260482 9.92 490 780 0.26 -9.69 -0.0000 -0.0000
3.568 2 -2.210459 -1.241885 -1.615889 -11.405945 -99.914551 5.310059 2.18 -2.18 9.0 9.0 -2.7263 -3.0457 0.1299 -0.0088 0.067483 -0.086508 9.78 490 870 0.09 40.27 0.0000 0.0000
3.578 2 10.467314 1.793301 -11.730776 9.468079 -63.728333 -3.143311 2.01 -2.01 -9.0 -9.0 -4.4926 -2.1031 0.1303 -0.0088 0.062292 -0.166381 5.63 490 880 0.17 -39.60 -0.0000 -0.0000
3.588 2 2.522129 -9.302148 -19.639999 3.547668 -57.907104 -10.131836 2.01 -2.01 -1.8 -3.8 -22.5378 -23.3150 0.1251 -0.0091 0.062292 -0.245755 8.40 490 780 0.25 -19.02 -0.0000 -0.0000
3.598 2 -9.460381 1.347373 -8.515781 -12.268066 -100.982666 10.017395 2.18 -2.18 9.0 9.0 -7.4301 -5.3239 0.1211 -0.0094 0.067483 -0.115974 10.81 490 830 0.12 30.67 0.0000 0.0000
3.608 2 14.744385 0.141450 -9.788833 3.257751 -79.421997 5.699158 2.26 -2.26 -9.0 -9.0 5.7789 7.0066 0.1225 -0.0093 0.070078 -0.104772 11.68 490 830 0.10 -38.64 0.0000 0.0000
3.618 2 2.459795 -0.455518 -17.362411 -1.304626 -55.419922 16.181946 2.09 -2.09 -3.7 -6.1 -18.2739 -18.7815 0.1193 -0.0095 0.064887 -0.213217 9.62 480 800 0.21 -18.80 0.0000 0.0000
3.628 2 -10.364223 0.822329 -4.607920 -9.651184 -95.962524 31.860352 2.01 -2.01 9.0 9.0 -11.2689 -9.3260 0.1143 -0.0098 0.062292 -0.146366 11.42 490 800 0.15 35.72 0.0000 0.0000
3.638 2 8.642846 -3.687295 -7.458501 -3.761292 -94.985962 27.915955 1.84 -1.84 -9.0 -9.0 9.7286 1.6925 0.1151 -0.0098 0.057101 -0.027301 7.10 490 850 0.03 -37.11 -0.0000 -0.0000
3.648 2 9.414829 1.644658 -11.047500 3.646851 -53.421021 28.625488 1.76 -1.76 -9.0 -9.0 -8.7243 -13.5227 0.1141 -0.0098 0.054505 -0.167485 7.53 490 800 0.17 -36.03 -0.0000 -0.0000
3.658 2 1.555952 0.584980 -10.074131 -1.235962 -81.047058 32.104492 1.51 -1.51 3.9 1.2 -13.9409 -13.3888 0.1091 -0.0101 0.046719 -0.155783 11.61 490 800 0.16 -2.98 0.0000 0.0000
3.668 2 -8.654834 -1.443271 -6.214219 -8.857727 -96.260071 34.667969 1.51 -1.51 9.0 9.0 6.7613 6.0640 0.1091 -0.0101 0.046719 -0.003590 10.03 490 870 0.00 36.60 0.0000 0.0000
3.678 2 13.075751 1.711787 -14.245712 4.066467 -54.924011 31.723022 1.34 -1.34 -9.0 -9.0 -5.2211 -3.5493 0.1103 -0.0100 0.041528 -0.123520 9.11 490 870 0.12 -40.19 0.0000 0.0000
3.688 2 -8.558935 -0.795957 -9.668960 3.219604 -62.644958 23.948669 1.26 -1.26 9.0 9.0 -16.4911 -18.5242 0.1056 -0.0102 0.038932 -0.150288 11.58 490 810 0.15 16.98 0.0000 0.0000
3.698 2 -1.277847 0.400376 -3.267739 -7.087708 -90.690613 22.346497 1.26 -1.26 9.0 8.6 7.6399 7.4711 0.1052 -0.0102 0.038932 0.014903 8.84 490 800 -0.01 22.41 0.0000 0.0000
3.708 2 14.451894 2.318345 -15.943114 1.159668 -54.542542 17.181396 1.34 -1.34 -9.0 -9.0 -12.8788 4.1102 0.1075 -0.0101 0.041528 -0.067657 5.28 490 840 0.07 -31.10 -0.0000 -0.0000
3.718 2 -1.177153 -0.515454 -15.250249 4.653931 -38.436890 17.608643 1.26 -1.26 5.0 3.5 -16.4911 -18.0303 0.1040 -0.0103 0.038932 -0.128453 7.85 490 800 0.13 -1.74 -0.0000 -0.0000
3.728 2 -8.544551 -0.503467 -4.169184 -6.034851 -81.657410 23.811340 1.09 -1.09 9.0 9.0 7.7717 2.1846 0.1032 -0.0103 0.033741 0.032042 6.72 490 840 -0.03 49.20 0.0000 0.0000
3.738 2 9.278173 3.301304 -15.907153 -0.312805 -55.236816 11.314392 1.09 -1.09 -9.0 -9.0 9.0756 7.2314 0.1060 -0.0102 0.033741 -0.000000 10.14 490 800 0.00 -28.26 -0.0000 -0.0000
3.748 2 1.145986 0.357222 -18.352564 3.715515 -29.945374 11.016846 1.00 -1.00 2.8 1.3 -14.8601 -16.6947 0.1026 -0.0103 0.031146 -0.090950 7.67 490 800 0.09 -6.38 -0.0000 -0.0000
3.758 2 -14.243315 3.147866 -3.612973 -5.691528 -77.995300 21.774292 0.75 -0.75 9.0 9.0 11.2689 6.0369 0.1024 -0.0103 0.023359 0.079522 9.08 490 840 -0.08 52.91 0.0000 0.0000
3.768 2 14.041928 1.644658 -14.360790 2.410889 -51.132202 9.849548 0.67 -0.67 -9.0 -9.0 12.7573 9.1991 0.1062 -0.0102 0.020764 0.074027 11.06 490 790 -0.07 -32.88 0.0000 0.0000
3.778 2 -0.577788 -4.008554 -18.961517 6.233215 -18.615723 7.225037 0.42 -0.42 4.7 5.5 -12.2934 -13.7987 0.1044 -0.0103 0.012977 -0.041616 7.75 490 800 0.04 0.39 0.0000 0.0000
3.788 2 -10.714252 2.188882 -3.382817 -0.038147 -53.413391 14.671326 0.50 -0.50 9.0 9.0 8.1956 5.9835 0.1042 -0.0103 0.015573 0.097550 7.48 490 840 -0.10 52.55 0.0000 0.0000
3.798 2 8.182534 3.670513 -17.300077 -0.183105 -32.165527 6.767273 0.50 -0.50 -9.0 -9.0 8.9554 8.1462 0.1079 -0.0102 0.015573 0.084083 10.38 490 810 -0.08 -30.83 -0.0000 -0.0000
3.808 2 0.203784 -2.433423 -19.639999 0.900269 -11.306763 3.036499 0.33 -0.33 9.0 9.0 -14.0861 -15.5433 0.1054 -0.0102 0.010382 -0.011213 7.55 490 780 0.01 3.38 0.0000 0.0000
3.818 2 -13.123701 0.352427 -6.127910 0.419617 -63.560486 -2.723694 0.59 -0.59 9.0 9.0 6.5964 9.6591 0.1056 -0.0102 0.018168 0.156972 6.74 490 840 -0.16 55.03 0.0000 0.0000
3.828 2 14.245712 1.718979 -18.261459 2.067566 -35.324097 -7.667542 0.67 -0.67 -9.0 -9.0 11.8620 12.2934 0.1095 -0.0101 0.020764 0.128762 10.77 490 810 -0.13 -28.12 0.0000 0.0000
3.838 2 -1.956328 -5.854599 -19.639999 -0.640869 -7.530212 -12.763977 0.50 -0.50 9.0 9.0 -11.7589 -12.4061 0.1079 -0.0102 0.015573 0.021415 7.17 480 790 -0.02 9.36 0.0000 0.0000
3.848 2 -11.526992 3.924644 -7.935596 -6.546021 -46.409607 -0.175476 0.59 -0.59 9.0 9.0 9.7286 10.7323 0.1085 -0.0102 0.018168 0.173818 6.64 490 800 -0.17 53.47 0.0000 0.0000
3.858 2 9.760063 3.986977 -15.003310 2.929688 -14.823914 -1.907349 0.59 -0.59 -9.0 -9.0 9.3908 11.6575 0.1129 -0.0101 0.018168 0.120885 9.90 490 810 -0.12 -24.87 -0.0000 -0.0000
3.868 2 -4.665459 -1.673428 -16.456171 0.129700 3.494263 0.473022 0.50 -0.50 9.0 9.0 -9.2621 -11.8620 0.1115 -0.0101 0.015573 0.042848 8.12 490 790 -0.04 12.77 0.0000 0.0000
3.878 2 -5.746714 1.376143 -4.245903 -4.005432 -29.724121 4.737854 0.59 -0.59 9.0 9.0 11.6575 12.0738 0.1129 -0.0101 0.018168 0.185854 6.49 490 800 -0.19 51.02 0.0000 0.0000
3.888 2 11.131411 5.355927 -11.577338 1.220703 6.019592 5.523682 0.59 -0.59 -9.0 -9.0 9.8706 8.8384 0.1169 -0.0100 0.018168 0.102551 5.92 490 790 -0.10 -28.07 0.0000 0.0000
3.898 2 -7.130049 -2.924902 -16.724688 3.562927 7.919312 2.746582 0.59 -0.59 9.0 9.0 -9.1991 -7.1549 0.1153 -0.0100 0.018168 0.058988 11.79 490 790 -0.06 15.63 0.0000 0.0000
3.908 2 -10.934819 1.241885 -5.082617 -6.759644 -25.207520 -2.464294 0.67 -0.67 9.0 9.0 13.9409 16.2924 0.1175 -0.0100 0.020764 0.218254 9.60 490 800 -0.22 55.75 0.0000 0.0000
3.918 2 14.264893 -0.112681 -13.473730 -1.480103 10.398865 -3.997803 0.75 -0.75 -9.0 -9.0 8.1956 8.3992 0.1217 -0.0099 0.023359 0.117317 5.09 490 800 -0.12 -29.62 -0.0000 -0.0000
3.928 2 -10.968384 -0.059937 -14.288867 2.143860 10.520935 -11.161804 0.84 -0.84 9.0 9.0 -8.7810 -6.6944 0.1199 -0.0099 0.025955 0.072134 11.88 490 840 -0.07 23.11 0.0000 0.0000
3.938 2 -5.075425 -2.745093 -3.346855 -5.783081 -21.049500 -15.701294 0.84 -0.84 9.0 9.0 16.2924 15.0252 0.1227 -0.0099 0.025955 0.252489 9.30 490 790 -0.25 53.31 0.0000 0.0000
3.948 2 10.882075 4.058901 -14.672461 -0.709534 12.771606 -14.732361 0.67 -0.67 -9.0 -9.0 10.0168 7.9080 0.1272 -0.0098 0.020764 0.128119 4.84 490 800 -0.13 -25.58 -0.0000 -0.0000
3.958 2 -9.676152 -1.373745 -13.919658 7.637024 9.071350 -7.202148 0.67 -0.67 9.0 9.0 -7.8620 -4.7953 0.1256 -0.0098 0.020764 0.094592 11.15 490 830 -0.09 26.00 0.0000 0.0000
3.968 2 -7.770171 -0.278105 -7.460898 -8.102417 -13.854980 -9.445190 0.75 -0.75 9.0 9.0 16.4911 18.0303 0.1290 -0.0097 0.023359 0.274271 7.53 490 800 -0.27 53.42 0.0000 0.0000
3.978 2 11.236899 2.023457 -14.423124 1.243591 17.318726 -20.523071 0.67 -0.67 -9.0 -9.0 8.5048 3.9310 0.1328 -0.0096 0.020764 0.117603 6.26 490 830 -0.12 -28.92 0.0000 0.0000
3.988 2 -9.206249 2.802632 -8.995274 2.357483 6.958008 2.975464 0.59 -0.59 9.0 9.0 -4.1481 -4.0731 0.1314 -0.0096 0.018168 0.105617 10.28 490 860 -0.11 36.81 0.0000 0.0000
3.998 2 -7.403359 -1.210718 -7.053330 -8.712769 -13.046265 5.455017 0.84 -0.84 9.0 9.0 15.7241 19.3181 0.1348 -0.0096 0.025955 0.299875 7.13 490 800 -0.30 53.95 0.0000 0.0000
4.008 2 9.033632 -0.767187 -15.314980 7.827759 29.953003 -15.007019 1.00 -1.00 -9.0 -9.0 5.3661 7.8166 0.1388 -0.0094 0.031146 0.148839 5.39 490 830 -0.15 -22.61 0.0000 0.0000
4.018 2 -10.627944 0.700059 -10.404980 -2.014160 19.653320 -4.219055 0.92 -0.92 9.0 9.0 -2.8589 -4.1354 0.1374 -0.0095 0.028550 0.148458 9.67 490 860 -0.15 45.53 0.0000 0.0000
4.028 2 -7.084497 1.313809 -0.980561 -9.399414 4.096985 4.943848 0.92 -0.92 9.0 9.0 17.7930 18.7815 0.1414 -0.0094 0.028550 0.329304 8.40 490 800 -0.33 69.10 0.0000 0.0000
4.038 2 10.134068 -1.486426 -13.394614 9.780884 44.990540 -2.456665 1.00 -1.00 -9.0 -9.0 6.5644 8.1462 0.1461 -0.0092 0.031146 0.174723 5.22 490 840 -0.17 -23.40 -0.0000 -0.0000
4.048 2 -10.205991 0.093501 -12.783261 2.540588 35.224915 2.632141 0.92 -0.92 9.0 9.0 -3.1743 -4.2929 0.1451 -0.0093 0.028550 0.147740 10.00 490 870 -0.15 28.95 0.0000 0.0000
4.058 2 -5.413466 -0.002397 -3.713667 -2.616882 13.015747 0.434875 0.92 -0.92 9.0 9.0 18.5242 19.3181 0.1491 -0.0091 0.028550 0.314676 7.93 490 800 -0.31 57.16 0.0000 0.0000
4.068 2 12.742504 2.308755 -13.123701 5.058289 44.631958 3.822327 1.00 -1.00 -9.0 -9.0 8.7810 9.7991 0.1541 -0.0090 0.031146 0.163444 5.17 490 800 -0.16 -23.61 -0.0000 -0.0000
4.078 2 -8.642846 0.431543 -13.893286 3.959656 36.651611 -1.426697 0.92 -0.92 9.0 9.0 -3.1375 -5.4748 0.1531 -0.0090 0.028550 0.123743 11.30 490 870 -0.12 19.78 0.0000 0.0000
4.088 2 -7.161216 -0.932612 -4.720601 -3.402710 9.773254 0.511169 0.84 -0.84 9.0 9.0 18.5242 20.8041 0.1569 -0.0089 0.025955 0.282838 9.49 490 770 -0.28 55.44 0.0000 0.0000
4.098 2 9.752871 3.313291 -14.917002 4.325867 42.251587 12.748718 0.84 -0.84 -9.0 -9.0 16.2924 15.5433 0.1630 -0.0088 0.025955 0.194726 6.64 490 800 -0.19 -20.68 0.0000 0.0000
4.108 2 -2.745093 1.045293 -19.639999 2.784729 50.025940 9.056091 0.84 -0.84 8.9 9.0 -2.0551 -6.3487 0.1630 -0.0088 0.025955 0.130311 11.49 490 860 -0.13 16.11 0.0000 0.0000
4.118 2 -6.312514 1.241885 -3.138276 -7.057190 17.021179 11.093140 0.75 -0.75 9.0 9.0 18.2739 18.2739 0.1660 -0.0087 0.023359 0.255319 10.06 490 800 -0.26 54.93 0.0000 0.0000
4.128 2 11.654058 -1.213115 -11.145796 2.281189 43.006897 6.263733 0.84 -0.84 -9.0 -9.0 17.7930 16.0984 0.1722 -0.0085 0.025955 0.189409 9.70 490 810 -0.19 -27.79 -0.0000 -0.0000
4.138 2 -4.195557 -1.342578 -14.101865 3.089905 59.623718 4.196167 0.75 -0.75 9.0 9.0 -5.0084 -2.6258 0.1724 -0.0085 0.023359 0.101572 7.94 490 870 -0.10 17.45 0.0000 0.0000
4.148 2 -10.134068 -0.189399 -3.891079 -5.546570 21.842957 7.720947 0.59 -0.59 9.0 9.0 16.0984 14.8601 0.1748 -0.0085 0.018168 0.223969 7.28 490 800 -0.22 63.06 0.0000 0.0000
4.158 2 8.041083 -6.715288 -10.136464 5.340576 42.945862 -1.678467 0.59 -0.59 -9.0 -9.0 21.8108 22.1684 0.1817 -0.0084 0.018168 0.223548 9.07 490 770 -0.22 -22.50 0.0000 0.0000
4.168 2 3.164648 -1.615889 -17.712440 1.480103 75.180054 -2.304077 0.50 -0.50 -0.8 -1.5 2.3355 2.3724 0.1831 -0.0083 0.015573 0.093356 6.47 490 880 -0.09 -0.67 0.0000 0.0000
4.178 2 -13.471333 2.167305 -6.648159 -4.371643 34.538269 -1.434326 0.34 -0.34 9.0 9.0 14.2344 11.6575 0.1843 -0.0083 0.010382 0.189316 10.63 490 810 -0.19 52.86 0.0000 0.0000
4.188 2 8.825053 -8.218495 -8.925747 -1.319885 42.022705 4.760742 0.42 -0.42 -9.0 -9.0 25.5145 27.0454 0.1909 -0.0082 0.012977 0.263897 7.80 490 760 -0.26 -24.81 -0.0000 -0.0000
4.198 2 6.863930 0.062334 -11.275258 1.007080 83.618164 -5.989075 0.50 -0.50 -5.5 -9.0 -6.7613 4.0978 0.1943 -0.0082 0.015573 0.097849 5.90 490 880 -0.10 -16.42 -0.0000 -0.0000
4.208 2 -12.428437 1.002139 -8.808271 1.312256 53.512573 -12.084961 0.33 -0.33 9.0 9.0 9.9432 2.2651 0.1943 -0.0082 0.010382 0.150209 6.80 490 840 -0.15 45.60 0.0000 0.0000
4.218 2 1.603901 3.974990 -6.317309 -5.653381 41.473389 1.785278 0.33 -0.33 0.5 -0.6 24.1477 25.5145 0.2004 -0.0081 0.010382 0.276064 8.02 490 770 -0.28 15.40 0.0000 0.0000
4.228 2 11.045102 2.222446 -11.869829 3.814697 83.633423 0.045776 0.33 -0.33 -9.0 -9.0 6.2605 5.1811 0.2048 -0.0081 0.010382 0.100612 8.99 490 870 -0.10 -24.27 -0.0000 -0.0000
4.238 2 -5.511763 -2.977646 -9.779243 1.983643 63.789368 -6.713867 0.25 -0.25 9.0 9.0 2.0063 6.5013 0.2046 -0.0081 0.007786 0.114121 10.09 490 880 -0.11 30.09 0.0000 0.0000
4.248 2 -2.615630 -0.246938 -4.687036 -3.150940 39.680481 -4.699707 0.42 -0.42 9.0 7.3 21.8108 24.1477 0.2098 -0.0080 0.012977 0.270005 7.72 490 780 -0.27 29.36 0.0000 0.0000
4.258 2 12.040049 1.718979 -13.044584 5.111694 85.357666 -1.655579 0.42 -0.42 -9.0 -9.0 7.8166 7.5126 0.2150 -0.0080 0.012977 0.112963 8.38 490 810 -0.11 -25.85 0.0000 0.0000
4.268 2 -9.532305 2.570078 -12.768877 2.296448 70.182800 -7.522583 0.50 -0.50 9.0 9.0 -1.6988 -2.6207 0.2148 -0.0080 0.015573 0.092441 11.66 490 870 -0.09 36.48 0.0000 0.0000
4.278 2 -0.414761 2.646797 -1.321001 -3.555298 35.873413 -5.371094 0.42 -0.42 7.1 6.2 21.4646 21.1292 0.2191 -0.0079 0.012977 0.246964 9.63 490 770 -0.25 25.76 0.0000 0.0000
4.288 2 10.500878 1.503208 -15.446840 5.531311 72.998047 0.694275 0.50 -0.50 -9.0 -9.0 8.9554 7.9080 0.2245 -0.0078 0.015573 0.115882 9.35 490 800 -0.12 -24.48 0.0000 0.0000
4.298 2 -8.230483 -2.169702 -9.817602 0.968933 61.752319 -3.967285 0.42 -0.42 9.0 9.0 -1.3869 -3.9425 0.2239 -0.0078 0.012977 0.065864 11.41 490 870 -0.07 27.34 0.0000 0.0000
4.308 2 -3.704077 0.182207 -3.356445 -4.020691 28.945923 -7.392883 0.42 -0.42 9.0 9.0 16.6947 16.6947 0.2267 -0.0078 0.012977 0.222612 10.00 490 800 -0.22 46.92 0.0000 0.0000
4.318 2 14.737192 0.069526 -10.270722 5.203247 54.550171 -0.717163 0.42 -0.42 -9.0 -9.0 11.1758 8.8384 0.2319 -0.0077 0.012977 0.116369 5.52 490 800 -0.12 -34.33 -0.0000 -0.0000
4.328 2 -6.638569 0.894253 -13.099726 -0.762939 58.769226 -3.768921 0.34 -0.34 8.8 7.7 -5.1811 -5.9051 0.2313 -0.0077 0.010382 0.049236 9.73 490 870 -0.05 13.31 0.0000 0.0000
4.338 2 -5.856997 -0.608955 -4.924385 -3.700256 24.940491 -5.416870 0.42 -0.42 9.0 9.0 15.7241 15.3667 0.2336 -0.0077 0.012977 0.202383 7.63 490 800 -0.20 46.21 0.0000 0.0000
4.348 2 14.250507 -2.462192 -11.088257 7.064819 51.109314 -2.601624 0.42 -0.42 -9.0 -9.0 12.1826 13.3888 0.2396 -0.0076 0.012977 0.124429 7.66 490 800 -0.12 -32.45 -0.0000 -0.0000
4.358 2 1.639863 1.011729 -16.130117 -1.548767 69.244385 -1.113892 0.34 -0.34 1.0 0.2 -5.9051 -8.3473 0.2390 -0.0076 0.010382 0.026028 7.15 490 840 -0.03 -1.80 -0.0000 -0.0000
4.368 2 -8.566128 3.282124 -6.403618 -4.844666 20.584106 -2.159119 0.25 -0.25 9.0 9.0 14.0861 13.5227 0.2404 -0.0076 0.007786 0.157776 10.41 490 790 -0.16 46.75 0.0000 0.0000
4.378 2 9.012055 -1.745352 -10.611162 3.738403 41.275024 5.516052 0.25 -0.25 -9.0 -9.0 11.5579 11.5579 0.2456 -0.0076 0.007786 0.104134 9.22 490 800 -0.10 -29.32 0.0000 0.0000
4.388 2 2.984839 -0.222964 -18.714579 -2.693176 58.311462 -0.282288 0.25 -0.25 -1.9 -2.4 -8.1956 -8.9554 0.2448 -0.0076 0.007786 -0.003448 6.91 490 790 0.00 -6.63 0.0000 0.0000
4.398 2 -11.045102 2.718721 -7.710234 -3.471375 6.294250 -10.040283 0.25 -0.25 9.0 9.0 9.5230 8.1956 0.2448 -0.0076 0.007786 0.129182 10.38 490 810 -0.13 47.86 0.0000 0.0000
4.408 2 11.375952 -1.462451 -8.606885 0.274658 24.681091 6.645203 0.17 -0.17 -9.0 -9.0 13.0026 10.9941 0.2502 -0.0076 0.005191 0.108115 10.47 490 810 -0.11 -37.39 0.0000 0.0000
4.418 2 2.888940 -6.027216 -19.639999 2.014160 52.177429 -6.057739 0.08 -0.08 -2.9 -2.5 -8.6684 -9.8706 0.2492 -0.0076 0.002595 -0.017769 7.17 490 790 0.02 -8.11 0.0000 0.0000
4.428 2 -10.678290 2.747490 -8.252060 -4.653931 0.045776 -3.433228 -0.08 0.08 9.0 9.0 7.5126 2.0427 0.2488 -0.0076 -0.002595 0.108602 10.31 490 840 -0.11 50.13 0.0000 0.0000
4.438 2 13.615180 2.229639 -8.400702 -2.006531 14.495850 12.603760 -0.17 0.17 -9.0 -9.0 12.6380 15.9091 0.2535 -0.0076 -0.005191 0.119906 11.25 490 810 -0.12 -26.50 0.0000 0.0000
4.448 2 2.927300 -2.104971 -16.731880 -0.610352 46.684265 -0.892639 -0.17 0.17 -2.0 -0.7 -9.8706 -11.0842 0.2527 -0.0076 -0.005191 -0.013783 7.31 490 800 0.01 -8.23 0.0000 0.0000
4.458 2 -9.496343 0.652109 -6.439580 -1.304626 -8.193970 -4.669189 -0.08 0.08 9.0 9.0 3.6548 2.1397 0.2517 -0.0076 -0.002595 0.086916 10.16 490 870 -0.09 54.81 0.0000 0.0000
4.468 2 9.906308 0.273311 -7.547207 2.983093 7.476807 -2.464294 0.00 -0.00 -9.0 -9.0 16.9034 16.2924 0.2563 -0.0076 0.000000 0.116247 8.76 490 770 -0.12 -28.45 -0.0000 -0.0000
4.478 2 6.751250 2.373486 -13.370639 1.434326 40.275574 -0.335693 -0.08 0.08 -8.1 -7.2 -9.5230 -10.7323 0.2561 -0.0076 -0.002595 -0.029184 6.76 490 790 0.03 -19.36 -0.0000 -0.0000
4.488 2 -9.577856 -1.217910 -3.123892 -4.219055 -6.294250 6.019592 -0.08 0.08 9.0 9.0 5.5421 -2.4365 0.2545 -0.0076 -0.002595 0.034268 7.64 490 870 -0.03 53.36 0.0000 0.0000
4.498 2 3.349253 -1.042895 -10.318671 0.366211 -6.500244 7.583618 -0.08 0.08 -9.0 -9.0 15.7241 16.9034 0.2585 -0.0076 -0.002595 0.101573 11.33 490 790 -0.10 -8.04 -0.0000 -0.0000
4.508 2 8.141777 1.951533 -13.269946 2.204895 37.605286 -0.892639 -0.17 0.17 -9.0 -9.0 -5.2010 -10.5646 0.2587 -0.0076 -0.005191 -0.046289 8.84 490 830 0.05 -27.54 -0.0000 -0.0000
4.518 2 -10.788574 0.644917 -2.205664 -3.013611 -0.274658 8.361816 -0.08 0.08 9.0 9.0 -4.1737 -4.0127 0.2565 -0.0076 -0.002595 -0.000588 10.05 490 870 0.00 49.22 0.0000 0.0000
4.528 2 0.817534 -2.025854 -10.958794 1.991272 -6.927490 5.615234 0.08 -0.08 -7.3 -7.6 15.5433 15.9091 0.2601 -0.0076 0.002595 0.088672 7.91 490 800 -0.09 -0.41 0.0000 0.0000
4.538 2 10.093310 3.049570 -15.276621 4.089355 29.495239 -10.032654 0.17 -0.17 -9.0 -9.0 -10.4827 -6.5013 0.2599 -0.0076 0.005191 -0.052706 7.23 490 840 0.05 -30.91 0.0000 0.0000
4.548 2 -10.174824 1.337783 -2.565283 -4.821777 -7.194519 -2.471924 0.17 -0.17 9.0 9.0 -6.6614 -7.0431 0.2571 -0.0076 0.005191 -0.000538 9.81 490 830 0.00 50.99 0.0000 0.0000
4.558 2 5.806650 -3.167046 -7.655093 6.782532 -17.974854 -6.347656 0.00 -0.00 -9.0 -9.0 15.5433 15.7241 0.2603 -0.0076 0.000000 0.097539 7.48 490 770 -0.10 -22.47 -0.0000 -0.0000
4.568 2 8.837041 2.188882 -11.025923 2.197266 29.151917 -10.406494 0.17 -0.17 -9.0 -9.0 -8.7243 -2.1195 0.2607 -0.0076 0.005191 -0.043573 6.72 490 840 0.04 -26.61 -0.0000 -0.0000
4.578 2 -4.732588 4.509624 -9.036030 0.602722 -1.876831 -19.615173 0.25 -0.25 9.0 9.0 -6.1747 -8.4517 0.2577 -0.0076 0.007786 -0.030895 11.49 490 830 0.03 18.92 0.0000 0.0000
4.588 2 0.817534 -3.342060 -6.691313 4.890442 -17.318726 -15.762329 0.25 -0.25 -7.0 -8.2 14.5405 15.5433 0.2605 -0.0076 0.007786 0.094088 7.83 490 790 -0.09 -3.03 0.0000 0.0000
