%  1    time 0.008 sec
%  2    mission (2) state 2
%  3  4  5 Acc x,y,z: 0.407568 0.220566 -10.397788
%  6  7  8 Gyro x,y,z: -0.549316 5.378723 2.227783
%  9 10 Motor velocity ref left, right: 0.08 -0.08
% 11 12 Motor voltage [V] left, right: -0.2 -0.3
% 13 14 Wheel velocity [r/s] left, right: -0.0052 -0.0052
% 15 16 17 18 Pose x,y,h,tilt [m,m,rad,rad]: -0.0002 -0.0000 0.002595 -0.020637
% 19    Battery voltage [V]: 11.94
% 20 21 Get data time [us]: 490 +ctrl 870
% 22 23 24 25 Extra pt.: balE[0], balU[0], balUI[0], balUI[1]: 0.02 -1.7494 0.0000 0.0000
0.018 2 0.093501 -1.083652 -10.376210 0.457764 3.021240 -1.953125 0.17 -0.17 0.4 -0.1 -1.5194 -0.0052 -0.0004 -0.0000 0.005191 -0.019048 11.91 490 870 0.02 -1.05 0.0000 0.0000
0.028 2 1.126807 0.256528 -10.198798 -0.595093 2.983093 -4.547119 0.17 -0.17 -0.3 -1.1 -3.1969 -0.0052 -0.0004 -0.0000 0.005191 -0.018870 11.88 490 880 0.02 -2.93 0.0000 0.0000
0.038 2 0.285298 -0.091104 -10.342647 -0.617981 1.335144 -11.306763 0.17 -0.17 -0.7 -0.0 -1.0145 -0.0052 -0.0004 -0.0000 0.005191 -0.025187 11.94 490 880 0.03 -2.08 0.0000 0.0000
0.048 2 1.066870 -0.103091 -10.330659 0.343323 2.723694 -8.880615 0.25 -0.25 -1.6 -1.0 -0.7959 -0.0052 -0.0006 -0.0000 0.007786 -0.026817 11.83 490 880 0.03 -3.53 0.0000 0.0000
0.058 2 0.599365 -0.786367 -10.397788 -0.183105 1.457214 -7.408142 0.33 -0.33 -1.0 -0.2 -1.0077 -0.0051 -0.0008 -0.0000 0.010382 -0.033730 11.94 490 880 0.03 -3.02 0.0000 0.0000
0.068 2 -0.035962 0.194194 -9.865551 -0.595093 -1.449585 -11.177063 0.33 -0.33 -0.7 0.0 -1.0077 -0.0051 -0.0008 -0.0000 0.010382 -0.027932 11.87 490 870 0.03 -1.05 0.0000 0.0000
0.078 2 1.503208 0.004795 -10.541636 -0.297546 1.068115 -5.867004 0.33 -0.33 -2.3 -1.3 -0.5900 -0.0051 -0.0008 -0.0000 0.010382 -0.035468 11.87 490 880 0.04 -4.93 0.0000 0.0000
0.088 2 -0.740815 -1.138794 -10.155644 1.930237 -5.088806 -11.596680 0.50 -0.50 0.3 0.9 -2.7654 -0.0051 -0.0012 -0.0000 0.015573 -0.035661 11.93 490 880 0.04 -0.59 0.0000 0.0000
0.098 2 1.143589 -0.026372 -9.901513 -0.045776 -4.852295 -12.504578 0.50 -0.50 -2.3 -1.8 -0.9082 -0.0051 -0.0012 -0.0000 0.015573 -0.026971 11.91 490 880 0.03 -3.61 -0.0000 -0.0000
0.108 2 1.014126 0.136655 -10.762202 0.038147 -1.808167 -11.009216 0.67 -0.67 -0.7 -1.4 -4.2258 -2.6412 -0.0016 -0.0000 0.020764 -0.040662 11.82 490 860 0.04 -4.73 -0.0000 -0.0000
0.118 2 -2.299165 1.551157 -10.529648 0.396729 -12.481689 -22.804260 0.67 -0.67 1.1 1.2 -1.6757 -1.9770 -0.0020 -0.0000 0.020764 -0.035806 11.91 490 880 0.04 2.33 0.0000 0.0000
0.128 2 1.047690 -0.771982 -9.752871 2.189636 -9.109497 -17.311096 0.67 -0.67 -2.3 -2.4 -0.7484 -0.8186 -0.0020 -0.0000 0.020764 -0.019516 11.90 490 870 0.02 -2.95 -0.0000 -0.0000
0.138 2 2.011470 0.189399 -10.848511 -0.244141 -3.623962 -4.798889 0.67 -0.67 -2.4 -2.1 -0.5183 -4.0854 -0.0024 -0.0000 0.020764 -0.036143 11.74 490 880 0.04 -6.08 -0.0000 -0.0000
0.148 2 -2.718721 -2.840991 -10.517661 0.312805 -16.487122 13.435364 0.75 -0.75 2.8 1.0 -4.9716 -3.1669 -0.0038 -0.0001 0.023359 -0.037644 11.93 490 880 0.04 1.59 0.0000 0.0000
0.158 2 -2.030649 -0.963779 -8.781899 1.831055 -17.402649 12.535095 0.67 -0.67 -1.3 -1.6 6.7613 4.3481 -0.0028 -0.0000 0.020764 0.001768 11.72 490 870 -0.00 3.79 0.0000 0.0000
0.168 2 7.700644 1.793301 -11.853046 -2.990723 -1.617432 13.084412 0.50 -0.50 -5.6 -4.5 -1.8373 -10.0916 -0.0032 -0.0001 0.015573 -0.037588 10.88 490 860 0.04 -14.88 0.0000 0.0000
0.178 2 -8.717168 -2.152920 -8.832246 -0.251770 -25.733948 25.100708 0.42 -0.42 6.6 6.4 -5.4970 -5.7543 -0.0062 -0.0001 0.012977 -0.047998 11.87 490 880 0.05 9.36 0.0000 0.0000
0.188 2 -5.672392 -2.577271 -8.415088 2.441406 -29.083252 17.799377 0.33 -0.33 3.5 3.4 13.5227 13.2575 -0.0040 -0.0001 0.010382 0.043197 10.90 490 810 -0.04 17.46 0.0000 0.0000
0.198 2 12.634619 0.527441 -11.378349 2.532959 -7.461548 13.763428 0.33 -0.33 -8.5 -8.9 -2.8290 -2.6567 -0.0024 -0.0001 0.010382 -0.022893 10.12 490 890 0.02 -19.76 0.0000 0.0000
0.208 2 -6.408413 -3.821553 -11.133808 2.571106 -28.411865 5.187988 0.25 -0.25 8.2 8.3 -12.7573 -13.5227 -0.0062 -0.0001 0.007786 -0.059338 11.60 490 820 0.06 6.00 0.0000 0.0000
0.218 2 -7.930800 4.962744 -0.582583 -3.814697 -44.830322 6.889343 0.17 -0.17 9.0 9.0 12.0738 9.1370 -0.0056 -0.0001 0.005191 0.043687 8.56 490 810 -0.04 30.30 0.0000 0.0000
0.228 2 12.066421 2.109766 -14.703628 5.554199 -11.482239 4.714966 0.00 -0.00 -9.0 -8.3 4.9716 4.4629 -0.0028 -0.0001 0.000000 0.013298 4.90 490 850 -0.01 -13.01 0.0000 0.0000
0.238 2 2.745093 -11.371157 -19.639999 -7.667542 -18.348694 -3.166199 0.17 -0.17 1.5 1.3 -14.6986 -13.7987 -0.0056 -0.0001 0.005191 -0.049829 7.44 490 800 0.05 -7.86 0.0000 0.0000
0.248 2 -13.176445 -0.901445 -4.883628 -0.251770 -44.021606 -10.520935 0.08 -0.08 9.0 9.0 4.9716 5.8540 -0.0062 -0.0001 0.002595 0.021218 10.69 490 890 -0.02 26.83 0.0000 0.0000
0.258 2 10.191607 -1.301821 -9.918296 6.217957 -13.679504 -12.168884 0.08 -0.08 -9.0 -9.0 12.7573 15.5433 -0.0022 -0.0001 0.002595 0.040851 12.18 490 810 -0.04 -16.67 -0.0000 -0.0000
0.268 2 2.781054 6.012832 -12.147934 -4.112244 0.564575 -8.674622 0.25 -0.25 0.4 -0.4 -13.3888 -11.0842 -0.0034 -0.0001 0.007786 -0.025475 11.15 490 810 0.03 -8.39 -0.0000 -0.0000
0.278 2 -11.179360 -1.956328 -2.054624 -8.079529 -36.109924 -5.279541 0.33 -0.33 9.0 9.0 2.9984 2.8290 -0.0048 -0.0001 0.010382 0.014068 10.93 490 880 -0.01 28.19 0.0000 0.0000
0.288 2 10.937217 -5.123374 -6.147089 2.891541 -20.256042 -19.042969 0.42 -0.42 -9.0 -9.0 12.4061 15.0252 -0.0010 -0.0001 0.012977 0.044093 10.03 490 820 -0.04 -11.53 -0.0000 -0.0000
0.298 2 3.668115 2.294370 -14.185776 1.167297 13.008118 -13.343811 0.42 -0.42 -1.7 -1.5 -9.9432 -11.6575 -0.0018 -0.0001 0.012977 -0.021595 8.15 490 810 0.02 -9.73 -0.0000 -0.0000
0.308 2 -13.147676 0.544224 -2.457397 -3.654480 -20.362854 -0.900269 0.42 -0.42 9.0 9.0 6.6944 4.6470 -0.0034 -0.0001 0.012977 0.031954 10.49 490 880 -0.03 28.67 0.0000 0.0000
0.318 2 7.671875 -6.223808 -10.174824 -0.076294 -14.778137 -8.125305 0.50 -0.50 -9.0 -9.0 17.5619 16.0984 0.0008 -0.0000 0.015573 0.066067 10.87 490 820 -0.07 -11.07 0.0000 0.0000
0.328 2 4.581548 3.332471 -15.722548 -1.762390 17.532349 -5.668640 0.34 -0.34 -0.3 -0.1 -9.9432 -11.3636 0.0004 -0.0000 0.010382 -0.002106 8.65 490 810 0.00 -7.77 0.0000 0.0000
0.338 2 -11.620493 0.182207 -1.054883 0.686646 -16.342163 -5.722046 0.50 -0.50 9.0 9.0 5.3449 -1.9857 -0.0008 -0.0001 0.015573 0.054565 10.20 490 890 -0.05 32.12 0.0000 0.0000
0.348 2 8.570923 -5.423057 -9.906308 -1.220703 -9.246826 -7.423401 0.42 -0.42 -9.0 -9.0 17.1173 17.3368 0.0034 0.0000 0.012977 0.095493 7.15 490 820 -0.10 -9.17 0.0000 0.0000
0.358 2 5.722739 4.833281 -14.305649 -2.586365 26.428223 -2.563477 0.33 -0.33 -1.3 0.5 -4.6954 -10.3227 0.0036 0.0000 0.010382 0.024151 9.25 490 840 -0.02 -7.94 0.0000 0.0000
0.368 2 -14.849873 0.045552 -6.501914 0.137329 2.883911 9.437561 0.33 -0.33 9.0 9.0 4.9899 2.4278 0.0032 0.0000 0.010382 0.074981 10.31 490 890 -0.07 29.37 0.0000 0.0000
0.378 2 11.215322 -4.327417 -8.029097 3.097534 10.231018 1.594543 0.42 -0.42 -9.0 -9.0 18.5242 17.3368 0.0078 0.0001 0.012977 0.107960 8.97 490 820 -0.11 -9.03 0.0000 0.0000
0.388 2 1.599106 -1.805288 -19.639999 -0.404358 40.534973 0.846863 0.25 -0.25 3.4 3.6 -7.1929 -8.2961 0.0078 0.0001 0.007786 0.041563 7.93 490 800 -0.04 -2.11 0.0000 0.0000
0.398 2 -7.091689 1.460054 -2.555693 0.785828 12.374878 -3.692627 0.33 -0.33 9.0 9.0 12.2934 13.9409 0.0089 0.0001 0.010382 0.095614 9.00 490 810 -0.10 30.89 0.0000 0.0000
0.408 2 8.398305 2.663579 -14.288867 -0.213623 33.088684 -10.078430 0.33 -0.33 -9.0 -9.0 11.7589 10.6478 0.0141 0.0001 0.010382 0.079632 10.08 490 820 -0.08 -11.77 0.0000 0.0000
0.418 2 -0.580186 1.076460 -17.067524 2.586365 51.460266 -8.964539 0.25 -0.25 7.3 6.2 -8.3992 -8.2455 0.0131 0.0001 0.007786 0.033738 11.03 490 810 -0.03 4.12 0.0000 0.0000
0.428 2 -10.246748 4.876435 -6.394028 -5.523682 9.384155 -2.418518 0.25 -0.25 9.0 9.0 15.5433 14.6986 0.0151 0.0001 0.007786 0.109811 10.12 490 820 -0.11 27.22 0.0000 0.0000
0.438 2 10.603970 4.142812 -15.859203 1.922607 38.970947 -7.568359 0.17 -0.17 -9.0 -8.7 10.0168 8.2961 0.0197 0.0002 0.005191 0.072644 8.86 490 820 -0.07 -7.87 0.0000 0.0000
0.448 2 -4.003760 -4.888422 -13.068559 1.068115 46.203613 -2.449036 0.25 -0.25 9.0 6.9 -7.5126 -5.4527 0.0183 0.0002 0.007786 0.040854 11.58 490 840 -0.04 9.49 0.0000 0.0000
0.458 2 -5.075425 0.752803 -7.005381 -6.912231 9.574890 -11.993408 0.33 -0.33 8.0 6.7 15.5433 15.9091 0.0209 0.0002 0.010382 0.128237 9.19 490 820 -0.13 23.93 0.0000 0.0000
0.468 2 10.723843 2.867363 -15.072837 1.663208 43.487549 -9.963989 0.25 -0.25 -7.3 -8.1 7.7273 7.1929 0.0255 0.0002 0.007786 0.083432 8.67 490 810 -0.08 -7.65 0.0000 0.0000
0.478 2 -5.200093 -2.373486 -11.169770 4.928589 46.333313 -0.389099 0.17 -0.17 8.6 7.9 -4.2391 -4.4926 0.0245 0.0002 0.005191 0.058005 11.53 490 880 -0.06 12.66 0.0000 0.0000
0.488 2 -5.128169 2.236831 -6.698506 -7.202148 16.929626 0.869751 0.33 -0.33 8.2 6.4 17.1173 18.0303 0.0278 0.0002 0.010382 0.141172 9.52 490 820 -0.14 25.71 0.0000 0.0000
0.498 2 13.596001 -0.508262 -13.030200 5.912781 52.284241 1.258850 0.25 -0.25 -7.2 -7.4 5.7789 3.9196 0.0316 0.0003 0.007786 0.077048 9.73 490 880 -0.08 -11.25 -0.0000 -0.0000
0.508 2 -7.175601 2.920107 -10.452929 0.953674 38.162231 13.618469 0.17 -0.17 7.2 9.0 4.4777 -2.9270 0.0310 0.0003 0.005191 0.073464 11.53 490 890 -0.07 18.26 0.0000 0.0000
0.518 2 4.279468 -3.509883 -7.019765 -6.515503 18.882751 13.641357 0.25 -0.25 -3.5 -5.0 19.8863 20.1831 0.0352 0.0003 0.007786 0.144205 10.44 490 810 -0.14 7.17 0.0000 0.0000
0.528 2 8.580512 1.169961 -10.925229 6.858826 57.975769 14.457703 0.17 -0.17 -5.0 -5.5 3.1969 2.6672 0.0378 0.0003 0.005191 0.063020 8.89 490 880 -0.06 -9.06 -0.0000 -0.0000
0.538 2 -12.768877 -0.059937 -8.455845 -5.760193 26.618958 31.982422 0.00 -0.00 9.0 9.0 2.1636 2.5709 0.0374 0.0003 0.000000 0.087800 10.81 490 840 -0.09 25.45 0.0000 0.0000
0.548 2 5.168926 -4.610317 -3.584204 -1.327515 16.220093 14.549255 0.08 -0.08 -9.0 -9.0 20.4889 21.4646 0.0424 0.0003 0.002595 0.150620 11.00 490 790 -0.15 -4.70 0.0000 0.0000
0.558 2 7.906826 2.994429 -12.687363 5.897522 61.882019 24.414062 -0.08 0.08 -5.0 -4.8 3.1158 2.6672 0.0449 0.0003 -0.002595 0.067056 8.38 490 890 -0.07 -8.23 0.0000 0.0000
0.568 2 -11.927368 0.119873 -8.774707 -4.264832 28.137207 21.476746 0.00 -0.00 9.0 9.0 5.5879 2.7429 0.0447 0.0003 0.000000 0.091510 10.98 490 860 -0.09 24.48 0.0000 0.0000
0.578 2 6.367656 -0.781572 -4.325019 -4.600525 26.351929 14.747620 0.08 -0.08 -9.0 -9.0 20.4889 22.5378 0.0497 0.0003 0.002595 0.144649 11.04 490 780 -0.14 -11.29 0.0000 0.0000
0.588 2 6.734468 0.661699 -18.398115 6.423950 64.079285 21.110535 0.08 -0.08 0.4 -3.1 -6.6288 2.2538 0.0517 0.0003 0.002595 0.067608 8.01 490 880 -0.07 -5.11 0.0000 0.0000
0.598 2 -11.800303 2.021060 -4.480855 -5.508423 27.015686 25.238037 -0.08 0.08 9.0 9.0 9.0151 2.1917 0.0517 0.0003 -0.002595 0.098749 10.76 490 850 -0.10 28.92 0.0000 0.0000
0.608 2 9.359687 -5.526147 -9.292559 -4.837036 31.784058 25.215149 -0.08 0.08 -9.0 -9.0 21.1292 21.1292 0.0573 0.0003 -0.002595 0.139444 11.41 480 750 -0.14 -12.97 -0.0000 -0.0000
0.618 2 4.857256 -4.591137 -18.158369 7.369995 66.802979 13.359070 0.00 -0.00 1.1 1.9 -2.8290 -5.9835 0.0587 0.0003 0.000000 0.068108 8.64 490 840 -0.07 -2.13 -0.0000 -0.0000
0.628 2 -9.179877 4.082876 -4.653471 -8.041382 28.816223 18.051147 -0.00 0.00 9.0 9.0 9.1370 8.2961 0.0591 0.0003 0.000000 0.101645 10.84 490 810 -0.10 29.07 0.0000 0.0000
0.638 2 6.957431 -4.874038 -10.953999 -4.371643 37.544250 16.929626 0.08 -0.08 -9.0 -9.0 17.5619 18.5242 0.0646 0.0003 0.002595 0.124667 12.04 490 820 -0.12 -8.62 -0.0000 -0.0000
0.648 2 5.514160 0.203784 -16.084564 3.433228 70.625305 11.390686 0.00 -0.00 1.4 2.5 -2.4278 -7.8620 0.0652 0.0003 0.000000 0.061367 10.08 490 840 -0.06 -0.57 -0.0000 -0.0000
0.658 2 -11.630083 -0.443530 -6.919072 -6.126404 24.986267 19.592285 0.00 -0.00 9.0 9.0 10.5646 10.9941 0.0660 0.0003 0.000000 0.104139 10.73 490 770 -0.10 30.15 0.0000 0.0000
0.668 2 6.329297 -4.150005 -10.074131 0.595093 45.394897 15.571594 0.00 -0.00 -9.0 -9.0 18.2739 18.0303 0.0716 0.0003 0.000000 0.124040 11.98 490 820 -0.12 -8.55 -0.0000 -0.0000
0.678 2 3.059160 -1.292231 -18.345371 1.403809 74.966431 6.286621 0.00 -0.00 2.7 2.8 -1.9945 -5.2823 0.0720 0.0003 0.000000 0.062967 10.74 490 840 -0.06 2.04 0.0000 0.0000
0.688 2 -7.909224 -0.951792 -7.535220 -5.996704 30.471802 13.877869 0.00 -0.00 9.0 9.0 8.8965 8.6132 0.0728 0.0003 0.000000 0.100585 11.28 490 780 -0.10 26.17 0.0000 0.0000
0.698 2 5.423057 -2.900928 -9.680947 3.982544 53.306580 6.431580 0.08 -0.08 -9.0 -9.0 13.1288 11.1758 0.0774 0.0003 0.002595 0.111700 11.52 490 810 -0.11 -8.40 -0.0000 -0.0000
0.708 2 7.921211 -1.292231 -17.005190 -0.274658 64.422607 3.044128 0.17 -0.17 1.2 -0.9 -6.4089 -1.9513 0.0772 0.0003 0.005191 0.054705 11.44 490 880 -0.05 -3.75 -0.0000 -0.0000
0.718 2 -9.165493 -0.055142 -9.899116 -2.548218 28.244019 3.143311 0.17 -0.17 9.0 7.8 2.0868 4.9716 0.0776 0.0003 0.005191 0.080229 11.61 490 900 -0.08 21.89 0.0000 0.0000
0.728 2 6.185449 -1.579927 -8.573320 3.211975 48.614502 12.756348 0.17 -0.17 -7.8 -9.0 18.0303 18.5242 0.0825 0.0004 0.005191 0.124053 11.60 490 820 -0.12 0.46 0.0000 0.0000
0.738 2 10.977973 -0.189399 -8.316792 4.959106 57.167053 -6.095886 0.17 -0.17 -5.8 -6.5 -2.3976 -3.1448 0.0837 0.0004 0.005191 0.047260 9.40 490 890 -0.05 -15.43 -0.0000 -0.0000
0.748 2 -12.857583 -0.906240 -7.029355 -5.012512 31.204224 5.332947 0.25 -0.25 9.0 9.0 -5.8287 -5.1613 0.0819 0.0004 0.007786 0.032149 11.74 490 880 -0.03 22.19 0.0000 0.0000
0.758 2 -2.402256 -3.533857 -3.234175 3.623962 24.932861 -3.967285 0.42 -0.42 9.0 5.6 15.5433 18.7815 0.0851 0.0004 0.012977 0.131037 9.92 490 810 -0.13 27.08 0.0000 0.0000
0.768 2 13.049379 -0.400376 -9.163095 6.942749 41.938782 -7.774353 0.50 -0.50 -9.0 -9.0 5.2617 4.7117 0.0893 0.0005 0.015573 0.073932 9.65 490 890 -0.07 -13.99 0.0000 0.0000
0.778 2 -0.942202 -12.596259 -19.639999 1.144409 26.702881 -23.750305 0.34 -0.34 4.8 3.8 -11.9670 -13.3888 0.0869 0.0004 0.010382 -0.000154 7.85 490 810 0.00 -1.05 0.0000 0.0000
0.788 2 -6.365259 4.413725 -6.775224 1.174927 0.534058 -26.679993 0.33 -0.33 9.0 8.6 7.1549 8.5048 0.0869 0.0004 0.010382 0.077723 9.33 490 810 -0.08 23.50 0.0000 0.0000
0.798 2 9.697729 -3.318086 -13.679912 6.744385 12.756348 -9.407043 0.33 -0.33 -9.0 -9.0 11.8620 11.7589 0.0913 0.0005 0.010382 0.087152 10.95 490 810 -0.09 -11.60 0.0000 0.0000
0.808 2 11.124218 2.275190 -11.337592 -3.120422 10.574341 -6.546021 0.33 -0.33 -3.3 -4.6 -12.4061 -13.2575 0.0897 0.0005 0.010382 -0.010928 8.51 490 800 0.01 -16.95 0.0000 0.0000
0.818 2 -11.783520 3.886284 -2.227241 0.762939 -20.370483 -9.269714 0.17 -0.17 9.0 9.0 3.8858 -4.0487 0.0877 0.0004 0.005191 0.015532 11.44 490 890 -0.02 23.35 0.0000 0.0000
0.828 2 5.991255 -1.872417 -9.366879 -1.686096 -9.895325 11.070251 0.17 -0.17 -8.4 -9.0 16.4911 18.2739 0.0913 0.0005 0.005191 0.084487 8.43 490 810 -0.08 -3.83 -0.0000 -0.0000
0.838 2 15.501982 1.685415 -5.372710 0.854492 -1.899719 4.188538 0.08 -0.08 -9.0 -9.0 -2.3641 -5.9310 0.0923 0.0005 0.002595 -0.015306 6.30 490 890 0.02 -28.77 -0.0000 -0.0000
0.848 2 -6.468349 -3.658525 -9.664165 -2.326965 -20.339966 11.291504 -0.08 0.08 9.0 8.1 -11.3636 -10.0168 0.0883 0.0005 -0.002595 -0.052571 11.87 490 810 0.05 9.31 0.0000 0.0000
0.858 2 -6.914277 0.517852 -2.428628 -2.861023 -30.754089 1.724243 0.00 -0.00 9.0 9.0 10.0168 13.5227 0.0893 0.0005 0.000000 0.050028 9.21 490 770 -0.05 31.48 0.0000 0.0000
0.868 2 14.610126 -5.888164 -11.052295 8.316040 -13.832092 2.784729 0.08 -0.08 -9.0 -9.0 6.1747 4.4192 0.0923 0.0005 0.002595 0.001363 6.23 490 880 -0.00 -21.18 0.0000 0.0000
0.878 2 3.051968 5.689175 -19.639999 -13.282776 -11.474609 7.987976 -0.08 0.08 -0.9 -0.3 -14.6986 -16.6947 0.0891 0.0005 -0.002595 -0.085091 7.64 490 800 0.09 -9.97 0.0000 0.0000
0.888 2 -14.816308 -0.340439 -10.222774 -1.991272 -40.748596 -10.398865 -0.17 0.17 9.0 9.0 -3.2585 -4.4777 0.0865 0.0005 -0.005191 -0.024473 11.12 490 880 0.02 21.58 0.0000 0.0000
0.898 2 13.114111 0.484287 -9.242211 1.785278 -22.277832 11.741638 -0.17 0.17 -9.0 -9.0 11.7589 13.5227 0.0897 0.0005 -0.005191 0.014717 11.85 490 810 -0.01 -19.88 0.0000 0.0000
0.908 2 11.289643 1.582324 -7.031753 -0.549316 -15.419006 6.301880 -0.17 0.17 -9.0 -9.0 -13.6593 -14.8601 0.0881 0.0005 -0.005191 -0.080560 8.38 490 810 0.08 -28.05 0.0000 0.0000
0.918 2 -9.462778 6.331694 -10.810151 -9.437561 -41.496277 14.320374 -0.17 0.17 9.0 9.0 -10.2445 -10.8182 0.0837 0.0005 -0.005191 -0.077694 11.88 490 800 0.08 12.90 0.0000 0.0000
0.928 2 -4.471264 -3.991772 -7.115664 4.508972 -43.357849 4.241943 -0.25 0.25 -5.2 -5.7 10.0916 11.5579 0.0851 0.0005 -0.007786 -0.006615 10.96 490 810 0.01 2.11 0.0000 0.0000
0.938 2 12.833608 -2.387871 -10.397788 9.414673 -18.058777 11.352539 -0.17 0.17 -9.0 -9.0 -10.0916 -10.1674 0.0845 0.0005 -0.005191 -0.074709 10.05 490 810 0.07 -21.78 0.0000 0.0000
0.948 2 -2.335127 -1.421694 -13.483320 -6.172180 -42.526245 4.035950 -0.08 0.08 0.8 -0.1 -16.6947 -15.0252 0.0799 0.0005 -0.002595 -0.113679 11.69 490 810 0.11 -8.18 0.0000 0.0000
0.958 2 -5.310376 1.716582 -0.453120 -4.440308 -60.623169 -3.967285 -0.00 0.00 8.1 7.3 3.7879 6.2605 0.0788 0.0005 0.000000 -0.027339 10.57 490 880 0.03 23.67 0.0000 0.0000
0.968 2 14.216943 -3.507485 -12.418847 7.408142 -22.232056 14.953613 0.17 -0.17 -9.0 -9.0 2.5515 5.7058 0.0805 0.0005 0.005191 -0.055787 10.66 490 890 0.06 -22.35 -0.0000 -0.0000
0.978 2 1.531978 -5.056245 -19.639999 -7.148743 -32.966614 -10.055542 0.08 -0.08 -0.8 -0.7 -16.9034 -18.7815 0.0762 0.0005 0.002595 -0.115167 11.03 490 810 0.12 -11.25 -0.0000 -0.0000
0.988 2 -9.469971 1.042895 -10.918036 -4.600525 -66.864014 -6.088257 0.08 -0.08 6.7 7.4 -6.6288 -7.3096 0.0730 0.0005 0.002595 -0.072857 11.72 490 840 0.07 11.18 0.0000 0.0000
0.998 2 10.265927 -1.647056 -9.199058 1.869202 -45.249939 10.391235 0.17 -0.17 -9.0 -9.0 5.0647 6.5013 0.0744 0.0005 0.005191 -0.042735 12.04 490 880 0.04 -20.66 -0.0000 -0.0000
1.008 2 5.571699 3.895874 -12.771274 3.387451 -19.767761 6.057739 0.25 -0.25 -4.1 -6.2 -16.2924 -15.0252 0.0718 0.0005 0.007786 -0.110874 10.06 490 810 0.11 -17.42 -0.0000 -0.0000
1.018 2 -8.676411 -2.867363 -8.403100 -11.985779 -61.737061 13.511658 0.25 -0.25 7.0 7.5 -6.1189 -8.5048 0.0678 0.0005 0.007786 -0.087355 11.60 490 860 0.09 11.50 0.0000 0.0000
1.028 2 3.478716 -0.613750 -8.012314 -2.113342 -58.403015 20.851135 0.17 -0.17 -9.0 -9.0 3.4062 1.4619 0.0684 0.0005 0.005191 -0.058479 11.88 490 880 0.06 -14.93 0.0000 0.0000
1.038 2 8.117803 -0.580186 -15.612266 5.836487 -25.787354 12.969971 0.17 -0.17 -3.1 -4.0 -16.9034 -17.1173 0.0652 0.0004 0.005191 -0.118031 10.39 490 820 0.12 -16.53 0.0000 0.0000
1.048 2 -13.878901 -1.450464 -6.667339 -7.423401 -63.407898 21.751404 0.17 -0.17 9.0 9.0 -5.7300 -7.2314 0.0616 0.0004 0.005191 -0.075666 11.52 490 850 0.08 16.58 0.0000 0.0000
1.058 2 9.141519 -6.084756 -10.268325 -2.273560 -54.588318 16.426086 0.25 -0.25 -9.0 -9.0 8.3473 10.4827 0.0638 0.0004 0.007786 -0.037556 11.58 490 810 0.04 -22.40 0.0000 0.0000
1.068 2 6.240591 1.081255 -15.878384 1.930237 -13.359070 13.435364 0.17 -0.17 -5.6 -5.1 -13.2575 -15.9091 0.0620 0.0004 0.005191 -0.109708 8.80 490 810 0.11 -16.60 0.0000 0.0000
1.078 2 -11.862637 0.148643 -4.797319 -2.784729 -45.906067 16.914368 0.17 -0.17 9.0 9.0 -6.6614 -5.6345 0.0583 0.0004 0.005191 -0.075362 11.09 490 890 0.08 17.62 0.0000 0.0000
1.088 2 8.168149 -4.068491 -5.996049 -2.685547 -46.676636 17.852783 0.08 -0.08 -9.0 -9.0 7.5970 4.8295 0.0597 0.0004 0.002595 -0.045282 11.49 490 840 0.05 -29.72 -0.0000 -0.0000
1.098 2 4.267480 -0.177412 -16.547276 0.617981 -13.702393 17.539978 -0.08 0.08 -2.5 -1.4 -14.6986 -16.4911 0.0573 0.0004 -0.002595 -0.104584 10.11 490 810 0.10 -11.47 -0.0000 -0.0000
1.108 2 -10.527250 -1.030908 -3.342060 -1.853943 -53.565979 24.200439 -0.00 0.00 9.0 9.0 -4.4048 -6.6944 0.0539 0.0004 0.000000 -0.062924 11.72 490 880 0.06 20.01 0.0000 0.0000
1.118 2 5.116181 -0.532236 -9.808012 -1.586914 -46.104431 15.808105 -0.08 0.08 -9.0 -9.0 9.5906 9.7286 0.0561 0.0004 -0.002595 -0.022048 11.34 490 810 0.02 -19.13 0.0000 0.0000
1.128 2 5.530942 0.592173 -17.714838 -0.144958 -10.589600 16.532898 -0.25 0.25 -7.8 -4.7 -9.3260 -13.6593 0.0549 0.0004 -0.007786 -0.090104 8.53 490 800 0.09 -14.62 0.0000 0.0000
1.138 2 -9.786435 0.942202 -8.988081 -2.693176 -31.959534 22.506714 -0.08 0.08 7.6 6.1 -7.9545 -5.2823 0.0513 0.0004 -0.002595 -0.062500 11.56 490 850 0.06 11.75 0.0000 0.0000
1.148 2 5.571699 -4.461675 -6.286142 0.045776 -39.512634 7.095337 -0.08 0.08 -9.0 -9.0 8.9554 6.0913 0.0529 0.0004 -0.002595 -0.017346 12.18 490 850 0.02 -11.70 0.0000 0.0000
1.158 2 4.197954 2.152920 -16.072578 0.999451 -7.995605 9.902954 -0.25 0.25 -2.8 -2.1 -13.3888 -13.6593 0.0509 0.0005 -0.007786 -0.076515 11.14 490 800 0.08 -11.05 0.0000 0.0000
1.168 2 -9.354893 -0.059937 -5.528545 -3.135681 -36.125183 20.454407 -0.17 0.17 9.0 9.0 -6.6944 -4.6791 0.0479 0.0005 -0.005191 -0.049860 11.69 490 880 0.05 16.91 0.0000 0.0000
1.178 2 4.790127 -1.416899 -7.285883 1.205444 -37.033081 6.210327 -0.08 0.08 -9.0 -9.0 11.3636 10.9054 0.0501 0.0005 -0.002595 0.006198 11.42 490 820 -0.01 -15.41 -0.0000 -0.0000
1.188 2 6.581030 3.785591 -13.655937 2.426147 3.120422 6.713867 -0.17 0.17 -4.8 -3.7 -11.7589 -12.7573 0.0491 0.0005 -0.005191 -0.062945 9.02 490 810 0.06 -13.50 -0.0000 -0.0000
1.198 2 -12.807236 -1.102832 -7.961967 -3.662109 -20.385742 9.857178 -0.08 0.08 8.5 3.1 -4.4337 6.7277 0.0465 0.0005 -0.002595 -0.030361 11.11 490 890 0.03 16.71 0.0000 0.0000
1.208 2 5.770689 -2.208061 -6.590620 0.091553 -20.065308 -3.120422 -0.08 0.08 -9.0 -9.0 9.8706 11.7589 0.0489 0.0005 -0.002595 0.016020 11.50 490 810 -0.02 -15.21 0.0000 0.0000
1.218 2 3.749629 -0.522646 -18.345371 3.295898 14.625549 -9.239197 0.17 -0.17 -1.3 -3.8 -13.5227 -9.0151 0.0479 0.0005 0.005191 -0.050294 10.35 490 810 0.05 -9.47 0.0000 0.0000
1.228 2 -7.894839 2.802632 -4.912397 -2.418518 -13.328552 -14.389038 0.17 -0.17 9.0 9.0 -3.8970 -3.5493 0.0455 0.0005 0.005191 -0.015489 11.17 490 880 0.02 18.30 0.0000 0.0000
1.238 2 6.756045 -7.434526 -8.141777 -1.487732 -8.880615 -12.733459 0.25 -0.25 -9.0 -9.0 11.1758 11.7589 0.0485 0.0005 0.007786 0.018928 11.80 490 820 -0.02 -14.25 0.0000 0.0000
1.248 2 2.272793 -1.174756 -19.450600 4.043579 21.598816 -23.437500 0.42 -0.42 0.3 -2.6 -13.3888 -10.0168 0.0473 0.0005 0.012977 -0.043148 9.22 490 810 0.04 -7.49 0.0000 0.0000
1.258 2 -8.024302 2.855376 -3.857515 -6.134033 -13.870239 -9.864807 0.33 -0.33 9.0 9.0 -2.6207 -2.6005 0.0455 0.0004 0.010382 0.000527 11.18 490 880 -0.00 22.96 0.0000 0.0000
1.268 2 8.604487 -6.995791 -7.978750 0.816345 -3.692627 -12.596130 0.25 -0.25 -9.0 -9.0 12.6380 11.6575 0.0489 0.0005 0.007786 0.027680 11.80 490 820 -0.03 -16.53 0.0000 0.0000
1.278 2 1.810083 -4.063696 -19.639999 2.525330 27.725220 -15.213013 0.33 -0.33 3.1 1.1 -14.0861 -12.8788 0.0475 0.0005 0.010382 -0.032995 9.29 490 800 0.03 -3.59 0.0000 0.0000
1.288 2 -9.062402 -0.019180 -6.123115 -3.036499 -13.114929 -5.470276 0.33 -0.33 9.0 8.4 2.1671 3.6647 0.0467 0.0005 0.010382 0.022623 11.44 490 880 -0.02 25.19 0.0000 0.0000
1.298 2 12.915122 -2.217651 -8.717168 3.173828 6.042480 -13.038635 0.34 -0.34 -9.0 -9.0 10.0916 9.8706 0.0499 0.0005 0.010382 0.024160 11.60 490 810 -0.02 -20.83 0.0000 0.0000
1.308 2 2.133740 -0.891855 -16.204437 3.440857 31.120300 -7.965088 0.25 -0.25 3.9 2.7 -13.7987 -13.9409 0.0477 0.0005 0.007786 -0.024808 11.03 490 810 0.02 -2.84 0.0000 0.0000
1.318 2 -12.291781 3.092725 -6.590620 -3.677368 -10.749817 -8.476257 0.33 -0.33 9.0 6.7 8.0492 9.7991 0.0475 0.0005 0.010382 0.048061 10.76 490 810 -0.05 23.42 0.0000 0.0000
1.328 2 10.500878 1.076460 -16.043808 2.883911 17.105103 -10.307312 0.25 -0.25 -9.0 -9.0 9.1991 5.9571 0.0509 0.0005 0.007786 0.028550 10.77 490 850 -0.03 -12.58 -0.0000 -0.0000
1.338 2 -3.390010 -0.858291 -15.209492 5.317688 36.705017 -8.850098 0.08 -0.08 5.0 5.1 -9.6591 -11.1758 0.0489 0.0005 0.002595 -0.013500 11.25 490 810 0.01 3.17 0.0000 0.0000
1.348 2 -4.914795 4.533598 -2.471782 -4.081726 3.410339 4.058838 -0.08 0.08 8.1 9.0 13.1288 9.1991 0.0497 0.0005 -0.002595 0.063734 10.16 490 810 -0.06 26.56 0.0000 0.0000
1.358 2 11.270464 5.892959 -14.871449 2.937317 34.744263 14.465332 -0.08 0.08 -9.0 -9.0 8.5587 6.3487 0.0533 0.0005 -0.002595 0.035856 10.03 490 840 -0.04 -9.97 0.0000 0.0000
1.368 2 -3.823950 -2.884145 -13.809375 2.563477 47.096252 11.405945 -0.17 0.17 5.9 6.1 -8.7810 -9.1991 0.0515 0.0005 -0.005191 0.001560 11.58 490 800 -0.00 5.72 0.0000 0.0000
1.378 2 -2.603642 -0.625737 -4.866846 -4.180908 17.730713 6.172180 -0.17 0.17 2.5 2.2 13.1288 13.2575 0.0531 0.0005 -0.005191 0.070765 10.87 490 810 -0.07 16.91 0.0000 0.0000
1.388 2 12.574682 4.279468 -12.418847 0.434875 50.765991 12.626648 -0.17 0.17 -9.0 -9.0 5.3661 5.0647 0.0559 0.0005 -0.005191 0.026903 10.57 490 870 -0.03 -10.82 0.0000 0.0000
1.398 2 -5.389492 -3.517075 -16.261976 2.990723 51.048279 -5.424500 -0.08 0.08 6.8 7.4 -6.4089 -7.0799 0.0541 0.0005 -0.002595 0.012486 11.90 490 840 -0.01 10.07 0.0000 0.0000
1.408 2 -4.732588 1.030908 -5.164131 -0.289917 30.036926 -12.985229 -0.08 0.08 3.4 2.6 13.7987 14.5405 0.0565 0.0005 -0.002595 0.083402 11.01 490 820 -0.08 19.07 0.0000 0.0000
1.418 2 10.855702 3.147866 -12.912724 4.219055 68.397522 -10.253906 0.00 -0.00 -7.8 -9.0 2.9333 5.0837 0.0591 0.0005 0.000000 0.026943 10.35 490 850 -0.03 -11.61 -0.0000 -0.0000
1.428 2 -4.742177 -0.038359 -12.056830 7.278442 54.107666 -24.696350 0.08 -0.08 7.9 5.8 -5.4308 -3.8308 0.0573 0.0005 0.002595 0.030155 11.68 490 870 -0.03 12.29 0.0000 0.0000
1.438 2 1.062075 5.669995 -5.212080 -4.280090 39.291382 -13.191223 0.08 -0.08 -2.1 -2.3 16.2924 15.1940 0.0609 0.0005 0.002595 0.100317 11.39 490 810 -0.10 10.38 0.0000 0.0000
1.448 2 7.554399 2.728310 -10.575200 7.209778 77.514648 -19.004822 0.08 -0.08 -3.3 -4.1 -4.8123 -4.8295 0.0626 0.0005 0.002595 0.030137 9.21 490 880 -0.03 -10.21 -0.0000 -0.0000
1.458 2 -7.266704 4.495239 -9.074389 -1.930237 47.874451 -6.996155 0.08 -0.08 6.7 2.9 -2.3641 4.3066 0.0613 0.0005 0.002595 0.044179 11.28 490 880 -0.04 14.34 0.0000 0.0000
1.468 2 7.772568 -5.986460 -9.242211 -1.739502 46.325684 4.959106 0.08 -0.08 -9.0 -9.0 14.0861 15.1940 0.0650 0.0005 0.002595 0.085720 11.87 490 810 -0.09 -4.74 -0.0000 -0.0000
1.478 2 5.063437 2.522129 -10.707060 3.616333 72.410583 -10.215759 0.00 -0.00 -1.0 -1.1 -6.4394 -8.8965 0.0652 0.0005 0.000000 0.019678 9.54 490 820 -0.02 -6.56 -0.0000 -0.0000
1.488 2 -8.633257 0.153437 -7.480078 -5.249023 33.119202 1.998901 0.00 -0.00 9.0 8.8 3.9773 6.2317 0.0648 0.0005 0.000000 0.055294 11.23 490 860 -0.06 25.52 0.0000 0.0000
1.498 2 8.513384 -4.653471 -8.057866 8.811951 52.154541 -2.044678 0.08 -0.08 -9.0 -9.0 10.1674 10.8182 0.0682 0.0005 0.002595 0.064012 11.99 490 810 -0.06 -13.64 0.0000 0.0000
1.508 2 2.507744 -2.898530 -19.639999 -1.182556 71.754456 -11.810303 0.17 -0.17 1.9 -0.3 -10.7323 -8.2455 0.0672 0.0005 0.005191 0.006859 11.33 490 810 -0.01 -4.07 0.0000 0.0000
1.518 2 -5.653213 0.222964 -7.870864 -2.265930 29.899597 -14.083862 0.33 -0.33 7.6 5.9 1.8601 7.2703 0.0672 0.0005 0.010382 0.054366 11.39 490 850 -0.05 20.01 0.0000 0.0000
1.528 2 7.463295 -2.291973 -8.858618 12.001038 52.314758 -8.125305 0.25 -0.25 -9.0 -9.0 8.7810 7.1929 0.0702 0.0005 0.007786 0.045448 11.41 490 810 -0.05 -13.68 -0.0000 -0.0000
1.538 2 1.052485 -3.087929 -17.659697 0.907898 61.141968 -13.221741 0.00 -0.00 2.5 2.2 -8.2455 -8.7810 0.0684 0.0005 0.000000 0.001558 11.53 490 770 -0.00 -0.75 -0.0000 -0.0000
1.548 2 -4.658267 1.647056 -7.664682 -4.783630 27.854919 -8.926392 0.08 -0.08 5.8 4.9 1.9945 7.0431 0.0690 0.0005 0.002595 0.042510 11.36 490 850 -0.04 17.18 0.0000 0.0000
1.558 2 7.892441 -2.208061 -8.424678 9.925842 54.573059 -2.128601 0.17 -0.17 -9.0 -9.0 5.4091 5.6345 0.0716 0.0005 0.005191 0.032660 11.49 490 890 -0.03 -14.69 -0.0000 -0.0000
1.568 2 0.887061 -4.140415 -19.244419 -0.915527 56.930542 -16.944885 0.17 -0.17 1.6 0.6 -8.6132 -8.8965 0.0696 0.0005 0.005191 -0.016045 11.71 490 810 0.02 -3.22 -0.0000 -0.0000
1.578 2 -5.816240 1.553555 -9.827192 -3.578186 25.794983 -13.427734 0.17 -0.17 4.7 3.8 1.8176 1.5367 0.0696 0.0005 0.005191 0.021208 11.53 490 890 -0.02 14.65 0.0000 0.0000
1.588 2 11.004345 -1.009331 -8.079443 8.811951 48.568726 2.868652 0.25 -0.25 -9.0 -9.0 5.3030 7.3493 0.0718 0.0005 0.007786 0.019385 11.33 490 850 -0.02 -15.84 0.0000 0.0000
1.598 2 1.455259 -1.985098 -15.192710 -0.076294 51.963806 -10.688782 0.25 -0.25 2.7 1.1 -10.0168 -10.0916 0.0694 0.0005 0.007786 -0.028281 11.79 490 810 0.03 -3.09 0.0000 0.0000
1.608 2 -4.847666 0.946997 -8.633257 -6.156921 19.622803 -5.226135 0.25 -0.25 3.2 2.7 6.1467 2.8290 0.0694 0.0005 0.007786 0.012715 11.01 490 890 -0.01 13.27 0.0000 0.0000
1.618 2 9.853564 -1.555952 -8.228086 8.583069 47.149658 10.414124 0.25 -0.25 -9.0 -9.0 4.6791 4.1608 0.0714 0.0005 0.007786 0.001270 10.88 490 880 -0.00 -18.79 -0.0000 -0.0000
1.628 2 -0.309272 -0.347632 -13.953222 -2.311707 44.883728 -5.638123 0.25 -0.25 2.8 2.4 -9.1370 -11.7589 0.0686 0.0005 0.007786 -0.043105 11.66 490 800 0.04 -1.40 -0.0000 -0.0000
1.638 2 -3.586601 1.009331 -7.981147 -7.736206 14.602661 -0.274658 0.17 -0.17 2.3 1.2 1.8054 2.0366 0.0684 0.0005 0.005191 -0.003602 11.33 490 890 0.00 10.21 0.0000 0.0000
1.648 2 10.826933 -2.136138 -8.264048 5.241394 38.162231 23.406982 0.08 -0.08 -8.5 -9.0 -4.2658 -5.8540 0.0694 0.0005 0.002595 -0.030301 10.68 490 890 0.03 -20.36 0.0000 0.0000
1.658 2 0.469902 -1.730967 -15.135170 -6.813049 22.163391 20.042419 -0.08 0.08 1.6 -0.4 -13.0026 -10.4021 0.0662 0.0005 -0.002595 -0.073395 11.72 490 810 0.07 -5.49 0.0000 0.0000
1.668 2 -3.533857 0.220566 -5.492583 -10.246277 -6.790161 13.305664 -0.08 0.08 0.8 3.8 3.0252 -3.5400 0.0650 0.0005 -0.002595 -0.040094 11.61 490 890 0.04 8.45 0.0000 0.0000
1.678 2 9.048018 -3.895874 -6.700903 4.005432 14.839172 22.430420 -0.08 0.08 -9.0 -9.0 -2.7209 -5.4308 0.0654 0.0005 -0.002595 -0.059167 10.98 490 890 0.06 -21.24 -0.0000 -0.0000
1.688 2 3.577012 -2.790644 -13.816567 -1.777649 -2.540588 -4.501343 -0.08 0.08 -0.6 -1.0 -15.9091 -15.7241 0.0613 0.0005 -0.002595 -0.108117 11.44 490 800 0.11 -10.96 -0.0000 -0.0000
1.698 2 -5.387094 2.224844 -7.712632 -9.086609 -29.724121 -2.365112 0.08 -0.08 4.1 2.6 -5.6580 -4.1354 0.0589 0.0005 0.002595 -0.080482 11.60 490 880 0.08 6.49 0.0000 0.0000
1.708 2 7.755786 -0.707251 -7.269101 2.151489 -11.184692 8.483887 -0.08 0.08 -9.0 -9.0 1.9857 -4.0008 0.0589 0.0005 -0.002595 -0.083267 11.18 490 880 0.08 -20.33 0.0000 0.0000
1.718 2 4.169184 0.486685 -11.033114 -2.090454 -24.566650 -4.234314 -0.08 0.08 -2.8 -3.2 -18.5242 -18.7815 0.0545 0.0006 -0.002595 -0.142278 11.26 490 810 0.14 -16.40 0.0000 0.0000
1.728 2 -7.839697 0.666494 -11.740366 -9.101868 -55.122375 -5.111694 0.00 -0.00 3.5 3.3 -8.4517 -9.3260 0.0507 0.0005 0.000000 -0.124880 11.74 490 770 0.12 3.21 0.0000 0.0000
1.738 2 5.681982 -1.062075 -9.316533 2.578735 -48.675537 1.716614 0.00 -0.00 -9.0 -9.0 -2.6672 -2.5515 0.0499 0.0006 0.000000 -0.112782 11.85 490 850 0.11 -19.10 0.0000 0.0000
1.748 2 7.990737 -0.009590 -12.989443 0.114441 -43.769836 2.922058 0.00 -0.00 -6.5 -6.9 -20.4889 -20.4889 0.0451 0.0006 0.000000 -0.175875 10.24 490 760 0.18 -24.06 0.0000 0.0000
1.758 2 -6.674531 -0.028770 -13.159662 -8.773804 -88.821411 1.327515 0.00 -0.00 2.0 1.1 -13.5227 -12.7573 0.0398 0.0006 0.000000 -0.169862 11.87 490 760 0.17 -3.14 0.0000 0.0000
1.768 2 2.586860 1.457656 -6.974214 -0.602722 -90.599060 7.690430 -0.08 0.08 -9.0 -9.0 -3.9890 -5.5421 0.0380 0.0006 -0.002595 -0.142837 11.91 490 880 0.14 -18.84 0.0000 0.0000
1.778 2 6.640966 0.824727 -12.296576 3.631592 -68.740845 5.661011 -0.08 0.08 -5.7 -5.8 -22.5378 -22.1684 0.0332 0.0006 -0.002595 -0.203831 11.01 490 780 0.20 -23.80 0.0000 0.0000
1.788 2 -6.993393 -1.335386 -9.069594 -11.543274 -116.004944 5.142212 -0.08 0.08 5.0 4.3 -17.5619 -16.2924 0.0272 0.0006 -0.002595 -0.198450 11.90 490 820 0.20 -0.75 0.0000 0.0000
1.798 2 3.387612 2.186484 -8.012314 -4.364014 -120.170593 4.730225 -0.00 0.00 -9.0 -9.0 -5.5421 -6.3786 0.0245 0.0006 0.000000 -0.172488 11.80 490 880 0.17 -21.85 -0.0000 -0.0000
1.808 2 6.302925 2.205664 -13.128495 6.278992 -95.405579 7.286072 -0.17 0.17 -4.6 -4.4 -24.5867 -24.5867 0.0193 0.0006 -0.005191 -0.230076 10.43 490 790 0.23 -23.74 -0.0000 -0.0000
1.818 2 -8.992876 0.438735 -8.228086 -5.653381 -141.830444 4.829407 -0.08 0.08 6.8 5.4 -19.0460 -16.2924 0.0127 0.0006 -0.002595 -0.220199 11.96 490 820 0.22 0.98 0.0000 0.0000
1.828 2 0.477095 0.668892 -10.059746 -5.256653 -143.249512 1.022339 0.00 -0.00 -9.0 -9.0 -7.5970 -6.0369 0.0101 0.0006 0.000000 -0.187712 11.90 480 810 0.19 -18.43 -0.0000 -0.0000
1.838 2 6.307720 -0.316465 -13.838144 6.568909 -115.943909 -10.505676 0.08 -0.08 -5.4 -5.8 -26.0052 -25.5145 0.0046 0.0006 0.002595 -0.252619 10.79 490 790 0.25 -26.85 -0.0000 -0.0000
1.848 2 -7.885249 1.594311 -5.053847 1.144409 -155.685425 -7.293701 0.00 -0.00 7.4 7.0 -18.2739 -17.3368 -0.0020 0.0006 0.000000 -0.229556 11.79 490 790 0.23 2.20 0.0000 0.0000
1.858 2 5.785073 0.589775 -8.789091 -4.997253 -157.287598 -5.889893 0.00 -0.00 -9.0 -9.0 -6.4394 -6.7613 -0.0044 0.0006 0.000000 -0.201586 11.82 490 850 0.20 -24.75 0.0000 0.0000
1.868 2 2.296767 -1.584722 -12.728120 0.617981 -127.990723 -11.398315 -0.08 0.08 -3.2 -2.5 -26.5151 -27.5973 -0.0107 0.0006 -0.002595 -0.266151 10.25 490 780 0.27 -23.14 0.0000 0.0000
1.878 2 -9.702524 -1.088447 -5.197695 3.143311 -168.022156 -6.240845 -0.08 0.08 8.7 8.1 -16.6947 -15.3667 -0.0171 0.0006 -0.002595 -0.225818 11.74 490 810 0.23 5.21 0.0000 0.0000
1.888 2 5.701162 -1.059678 -9.405239 -1.190186 -160.072327 -9.788513 0.08 -0.08 -9.0 -9.0 -4.1354 -3.1087 -0.0187 0.0006 0.002595 -0.194831 11.91 490 890 0.19 -32.29 0.0000 0.0000
1.898 2 5.056245 0.251733 -14.367983 -0.968933 -130.210876 -25.444031 0.08 -0.08 -8.0 -7.4 -23.7240 -25.0420 -0.0235 0.0006 0.002595 -0.267242 10.77 490 780 0.27 -29.45 0.0000 0.0000
1.908 2 -11.884213 3.577012 -9.549087 0.350952 -157.501221 -14.999390 0.00 -0.00 4.1 2.3 -15.7241 -12.5210 -0.0302 0.0006 0.000000 -0.230668 11.49 490 780 0.23 -2.32 0.0000 0.0000
1.918 2 7.446514 -0.700059 -4.926782 -7.064819 -161.750793 -14.549255 0.08 -0.08 -9.0 -9.0 -3.2044 -2.7541 -0.0320 0.0006 0.002595 -0.179104 12.28 490 880 0.18 -24.33 0.0000 0.0000
1.928 2 4.454482 2.124150 -9.927885 -3.280640 -128.730774 -34.942627 -0.08 0.08 -9.0 -8.2 -19.5981 -23.7240 -0.0360 0.0006 -0.002595 -0.247932 10.79 490 810 0.25 -29.80 0.0000 0.0000
1.938 2 -8.551743 1.222705 -5.408672 -5.035400 -154.258728 4.043579 0.08 -0.08 5.5 5.9 -14.6986 -15.7241 -0.0428 0.0006 0.002595 -0.214198 11.55 490 820 0.21 1.14 0.0000 0.0000
1.948 2 3.989375 -5.701162 -3.135879 0.785828 -160.896301 -14.358521 0.25 -0.25 -9.0 -9.0 -2.3808 2.2959 -0.0437 0.0006 0.007786 -0.136270 11.25 490 890 0.14 -17.14 0.0000 0.0000
1.958 2 6.159077 2.697144 -11.987305 0.625610 -112.998962 -39.321899 -0.08 0.08 -9.0 -8.8 -13.5227 -18.2739 -0.0457 0.0006 -0.002595 -0.201000 9.87 490 800 0.20 -26.16 0.0000 0.0000
1.968 2 -12.159922 -0.498672 -7.475283 -1.228333 -127.151489 9.475708 -0.08 0.08 9.0 7.6 -18.2739 -11.9670 -0.0521 0.0007 -0.002595 -0.174983 11.44 490 810 0.17 7.45 0.0000 0.0000
1.978 2 -0.465107 -0.616147 -3.471523 -4.966736 -120.964050 7.522583 0.17 -0.17 -1.1 -1.8 3.5033 4.1228 -0.0523 0.0007 0.005191 -0.086070 10.52 490 890 0.09 4.09 0.0000 0.0000
1.988 2 5.430249 -4.034926 -12.198281 8.323669 -74.798584 -26.733398 -0.17 0.17 -9.0 -4.7 -7.5970 -16.6947 -0.0535 0.0007 -0.005191 -0.133029 10.16 490 820 0.13 -19.82 -0.0000 -0.0000
1.998 2 -4.358584 -1.647056 -7.379385 7.713318 -88.714600 14.305115 -0.17 0.17 8.0 5.6 -16.4911 -10.9941 -0.0587 0.0007 -0.005191 -0.124846 11.63 490 810 0.12 2.29 0.0000 0.0000
2.008 2 -3.303701 1.215513 -1.814878 -2.449036 -88.287354 19.210815 0.08 -0.08 3.8 2.7 4.4926 7.7717 -0.0585 0.0007 0.002595 -0.040366 10.20 490 850 0.04 12.32 0.0000 0.0000
2.018 2 6.703300 -3.301304 -13.423384 3.669739 -50.163269 -4.310608 0.08 -0.08 -6.0 -6.0 -6.0101 -2.2024 -0.0581 0.0007 0.002595 -0.073844 10.33 490 870 0.07 -15.10 0.0000 0.0000
2.028 2 -7.211562 -2.133740 -13.377831 -1.045227 -56.190491 9.872437 -0.08 0.08 6.5 7.6 -10.9054 -12.4061 -0.0626 0.0007 -0.002595 -0.082167 11.87 490 810 0.08 3.28 0.0000 0.0000
2.038 2 -6.252578 -0.666494 -9.906308 -6.401062 -63.735962 14.816284 0.08 -0.08 5.2 4.7 1.7746 8.5587 -0.0622 0.0007 0.002595 -0.001711 10.11 490 850 0.00 14.56 0.0000 0.0000
2.048 2 3.951015 -1.901186 -15.660214 -4.013062 -29.159546 -9.658813 0.08 -0.08 -0.7 -1.4 -4.4629 -3.0388 -0.0609 0.0007 0.002595 -0.027623 10.57 490 880 0.03 -8.05 0.0000 0.0000
2.058 2 -6.715288 -1.910776 -11.558159 -0.129700 -30.990601 -9.162903 0.08 -0.08 8.9 8.2 -7.5970 -6.8993 -0.0634 0.0007 0.002595 -0.031119 11.80 490 820 0.03 8.14 0.0000 0.0000
2.068 2 -2.181690 -0.755200 -7.175601 -4.257202 -29.464722 -2.876282 0.08 -0.08 2.6 2.2 8.7243 8.8965 -0.0622 0.0007 0.002595 0.028894 11.31 490 800 -0.03 9.74 0.0000 0.0000
2.078 2 5.010693 -2.215254 -11.678032 1.579285 0.083923 -18.081665 -0.00 0.00 -1.6 -1.8 -2.7209 -2.6258 -0.0612 0.0007 0.000000 -0.004527 11.28 490 880 0.00 -8.58 0.0000 0.0000
2.088 2 -8.796284 -3.114302 -6.727275 2.021790 -16.448975 6.126404 0.08 -0.08 9.0 9.0 -5.7789 -5.3239 -0.0630 0.0007 0.002595 0.000731 11.49 490 880 -0.00 15.43 0.0000 0.0000
2.098 2 -3.507485 -6.183052 -4.471264 4.920959 -8.476257 -7.759094 0.08 -0.08 5.7 6.0 12.2934 11.0842 -0.0605 0.0007 0.002595 0.067388 9.81 490 820 -0.07 17.55 0.0000 0.0000
2.108 2 6.343681 0.110283 -11.908188 4.829407 21.850586 -12.466431 -0.33 0.33 -5.5 -0.0 4.7953 -3.4763 -0.0583 0.0007 -0.010382 0.038929 11.53 490 890 -0.04 -7.86 -0.0000 -0.0000
2.118 2 -10.414570 -4.881230 -5.262426 6.507874 3.242493 19.744873 -0.25 0.25 9.0 9.0 -5.4970 -4.1481 -0.0597 0.0007 -0.007786 0.037670 11.53 490 880 -0.04 21.98 0.0000 0.0000
2.128 2 -10.141259 -4.221929 -11.040307 -1.663208 14.137268 16.273499 -0.25 0.25 8.0 9.0 16.9034 13.5227 -0.0565 0.0007 -0.007786 0.122913 8.32 490 800 -0.12 25.01 0.0000 0.0000
2.138 2 9.386059 -3.931836 -14.310444 6.187439 41.999817 -6.431580 -0.59 0.59 -6.6 -2.4 10.5646 7.0799 -0.0521 0.0006 -0.018168 0.103755 9.95 490 810 -0.10 -4.59 0.0000 0.0000
2.148 2 -1.939546 -5.789868 -17.700453 3.356934 28.320312 11.306763 -0.59 0.59 8.4 9.0 -6.0640 -4.0008 -0.0529 0.0007 -0.018168 0.059299 11.85 490 870 -0.06 8.64 0.0000 0.0000
2.158 2 -10.076528 2.809824 -5.698764 3.921509 17.387390 14.755249 -0.67 0.67 9.0 9.0 15.9091 13.9409 -0.0507 0.0006 -0.020764 0.160155 8.89 490 820 -0.16 30.46 0.0000 0.0000
2.168 2 7.520835 3.133481 -17.877865 0.030518 53.634644 6.256104 -0.92 0.92 -8.3 -2.4 25.0420 16.9034 -0.0449 0.0005 -0.028550 0.179807 9.25 490 800 -0.18 3.69 0.0000 0.0000
2.178 2 6.238193 3.056763 -9.939873 -1.441956 43.792725 25.588989 -1.17 1.17 -3.0 -0.5 2.3315 1.6633 -0.0435 0.0004 -0.036337 0.106164 11.47 490 880 -0.11 -7.07 0.0000 0.0000
2.188 2 -18.381332 4.248301 1.162768 2.822876 29.991150 19.645691 -0.92 0.92 9.0 9.0 8.5587 12.1826 -0.0428 0.0004 -0.028550 0.171936 10.44 490 810 -0.17 39.18 0.0000 0.0000
2.198 2 4.154799 -5.178515 -7.511245 12.023926 47.470093 -8.110046 -1.00 1.00 -3.8 -0.5 25.5145 21.4646 -0.0370 0.0003 -0.031146 0.248877 7.80 490 790 -0.25 10.42 0.0000 0.0000
2.208 2 9.103159 8.602090 -12.306167 0.236511 68.710327 -7.881165 -1.26 1.26 -4.4 0.3 7.7717 4.4777 -0.0332 0.0001 -0.038932 0.176973 11.53 490 850 -0.18 -2.67 -0.0000 -0.0000
2.218 2 -15.070439 -7.434526 -1.759736 6.652832 45.562744 23.239136 -1.09 1.09 9.0 9.0 1.4190 2.6309 -0.0324 0.0001 -0.033741 0.182540 11.17 490 890 -0.18 40.11 0.0000 0.0000
2.228 2 -4.015747 -1.400117 -4.001362 -5.149841 57.548523 20.767212 -1.17 1.17 9.0 9.0 25.5145 23.3150 -0.0270 -0.0001 -0.036337 0.282177 9.41 490 770 -0.28 36.43 0.0000 0.0000
2.238 2 8.153765 -3.210200 -13.296318 -1.159668 90.927124 -15.548706 -1.42 1.42 -3.6 0.6 15.1940 12.0738 -0.0207 -0.0003 -0.044123 0.241184 11.30 490 820 -0.24 4.86 0.0000 0.0000
2.248 2 -2.045034 -11.016333 -18.709785 -0.892639 74.699402 4.455566 -1.34 1.34 9.0 9.0 3.0457 9.0151 -0.0185 -0.0004 -0.041528 0.200716 11.93 490 840 -0.20 18.25 0.0000 0.0000
2.258 2 -13.094932 -1.378540 -12.191089 -7.415771 63.514709 8.140564 -1.09 1.09 9.0 9.0 21.8108 22.1684 -0.0139 -0.0006 -0.033741 0.285452 10.57 490 790 -0.29 36.63 0.0000 0.0000
2.268 2 9.247006 -0.997344 -17.640516 -2.357483 97.892761 -17.715454 -1.26 1.26 -3.3 1.6 18.2739 12.7573 -0.0079 -0.0008 -0.038932 0.241188 12.04 490 820 -0.24 8.20 0.0000 0.0000
2.278 2 -3.960605 -2.953672 -10.831728 -3.219604 87.776184 -4.753113 -1.17 1.17 8.1 8.0 7.8166 12.2934 -0.0049 -0.0009 -0.036337 0.217989 11.82 490 810 -0.22 19.21 0.0000 0.0000
2.288 2 -5.516557 -2.840991 -6.530684 2.731323 76.324463 -19.882202 -1.09 1.09 8.0 9.0 24.5867 25.0420 0.0010 -0.0011 -0.033741 0.282651 10.41 490 790 -0.28 31.39 0.0000 0.0000
2.298 2 7.022163 2.121753 -14.801924 -7.278442 108.253479 -24.650574 -1.17 1.17 -1.1 -0.7 13.0026 15.5433 0.0076 -0.0014 -0.036337 0.240686 11.37 490 820 -0.24 6.92 0.0000 0.0000
2.308 2 -5.641225 -1.973110 -10.246748 -3.303528 95.611572 -17.753601 -1.00 1.00 9.0 9.0 13.1288 14.6986 0.0108 -0.0015 -0.031146 0.235746 11.44 490 820 -0.24 26.58 0.0000 0.0000
2.318 2 1.491221 -1.555952 -4.615112 -5.516052 86.067200 -21.598816 -0.84 0.84 -0.9 -1.0 28.1723 30.0504 0.0181 -0.0017 -0.025955 0.291351 9.71 490 790 -0.29 18.19 0.0000 0.0000
2.328 2 5.787470 -2.644399 -13.317895 -0.862122 121.032715 -32.089233 -0.84 0.84 -1.2 1.2 12.0738 9.8706 0.0241 -0.0018 -0.025955 0.237148 11.56 490 810 -0.24 6.16 0.0000 0.0000
2.338 2 -7.554399 0.000000 -6.866328 0.526428 94.589233 -16.784668 -0.75 0.75 9.0 9.0 15.5433 19.5981 0.0275 -0.0019 -0.023359 0.255727 10.90 490 820 -0.26 35.42 0.0000 0.0000
2.348 2 0.184604 -7.638310 -9.666562 -1.739502 99.685669 -25.222778 -0.59 0.59 -2.6 -3.6 30.0504 32.9822 0.0360 -0.0021 -0.018168 0.305493 10.82 490 790 -0.31 17.26 0.0000 0.0000
2.358 2 6.130307 -1.328193 -12.840800 3.509521 129.150391 -27.832031 -0.50 0.50 1.1 1.3 9.1370 9.6591 0.0410 -0.0022 -0.015573 0.238913 11.44 490 820 -0.24 7.47 0.0000 0.0000
2.368 2 -13.490512 1.287436 -7.367397 -3.082275 92.361450 -26.557922 -0.42 0.42 9.0 9.0 21.1292 22.9198 0.0452 -0.0022 -0.012977 0.278717 10.85 490 790 -0.28 40.56 0.0000 0.0000
2.378 2 11.886611 -2.649194 -7.595156 3.005981 108.551025 -28.602600 -0.17 0.17 -9.0 -9.0 28.7717 29.3972 0.0539 -0.0023 -0.005191 0.300348 11.42 490 790 -0.30 0.22 0.0000 0.0000
2.388 2 0.254131 0.093501 -14.741987 2.243042 130.653381 -24.353027 -0.08 0.08 6.9 6.3 7.0799 7.6399 0.0581 -0.0023 -0.002595 0.241716 11.83 490 800 -0.24 15.66 0.0000 0.0000
2.398 2 -7.578374 1.376143 -5.672392 -5.844116 88.623047 -15.617371 0.00 -0.00 9.0 9.0 24.5867 25.5145 0.0631 -0.0023 0.000000 0.288970 10.49 490 760 -0.29 38.54 0.0000 0.0000
2.408 2 9.565868 0.232554 -9.242211 5.485535 115.325928 -9.704590 0.08 -0.08 -9.0 -9.0 24.5867 26.5151 0.0718 -0.0023 0.002595 0.274379 11.18 490 780 -0.27 -0.14 0.0000 0.0000
2.418 2 0.263721 -0.618545 -14.797129 1.541138 123.703003 -5.180359 0.08 -0.08 6.0 6.2 9.0151 6.3190 0.0750 -0.0023 0.002595 0.227386 12.02 490 840 -0.23 15.79 0.0000 0.0000
2.428 2 -3.855117 -0.867881 -8.029097 -2.090454 85.502625 -5.424500 0.08 -0.08 5.8 5.2 26.5151 26.0052 0.0806 -0.0023 0.002595 0.279994 10.74 490 790 -0.28 29.19 0.0000 0.0000
2.438 2 11.567749 1.651851 -9.611421 4.058838 120.620728 13.107300 0.17 -0.17 -8.4 -9.0 18.2739 20.4889 0.0885 -0.0023 0.005191 0.242748 10.63 490 800 -0.24 -1.83 -0.0000 -0.0000
2.448 2 -7.796543 -0.798354 -10.237158 5.538940 111.473083 2.029419 0.00 -0.00 9.0 9.0 9.1370 3.8417 0.0909 -0.0023 0.000000 0.213799 11.79 490 850 -0.21 25.51 0.0000 0.0000
2.458 2 -3.325278 0.472300 -7.182793 -2.326965 86.204529 7.034302 -0.08 0.08 4.0 3.3 27.0454 27.5973 0.0967 -0.0023 -0.002595 0.269725 10.58 490 780 -0.27 27.61 0.0000 0.0000
2.468 2 7.997930 2.042637 -15.072837 4.249573 125.137329 20.004272 0.00 -0.00 -4.8 -7.0 13.0026 15.9091 0.1033 -0.0023 0.000000 0.212650 10.35 490 780 -0.21 1.99 0.0000 0.0000
2.478 2 -6.111128 -1.920366 -8.695591 2.754211 101.448059 0.350952 0.00 -0.00 9.0 9.0 9.6591 8.7243 0.1054 -0.0023 0.000000 0.203905 11.77 490 780 -0.20 27.08 0.0000 0.0000
2.488 2 -2.090586 4.301045 -9.947065 -3.433228 84.197998 4.661560 0.00 -0.00 0.6 0.9 27.5973 26.0052 0.1118 -0.0023 0.000000 0.256357 10.90 490 750 -0.26 22.58 0.0000 0.0000
2.498 2 11.248886 2.390269 -11.661249 1.617432 121.429443 14.236450 -0.08 0.08 -2.7 -4.1 6.5644 7.6399 0.1164 -0.0023 -0.002595 0.186042 9.90 490 840 -0.19 -0.41 0.0000 0.0000
2.508 2 -9.129531 -0.347632 -10.750215 -6.561279 76.171875 16.593933 -0.08 0.08 9.0 9.0 9.3260 10.4827 0.1180 -0.0023 -0.002595 0.187998 11.18 490 810 -0.19 27.33 0.0000 0.0000
2.518 2 2.455000 -3.857515 -10.162837 -1.983643 80.604553 11.772156 0.00 -0.00 -2.1 -2.4 23.7240 23.3150 0.1247 -0.0023 0.000000 0.219508 11.83 490 750 -0.22 15.70 0.0000 0.0000
2.528 2 6.950239 -0.232554 -8.918554 2.624512 98.251343 7.133484 -0.08 0.08 -4.0 -3.6 5.5195 4.4926 0.1277 -0.0023 -0.002595 0.143669 9.94 490 880 -0.14 -2.79 0.0000 0.0000
2.538 2 -7.587964 -2.682759 -8.429472 -5.622864 59.234619 19.752502 -0.08 0.08 8.9 7.8 4.6153 8.4517 0.1285 -0.0023 -0.002595 0.139599 11.71 490 850 -0.14 22.39 0.0000 0.0000
2.548 2 -0.232554 -2.632412 -8.407895 2.380371 65.887451 8.018494 -0.08 0.08 -1.2 -1.9 21.4646 22.5378 0.1337 -0.0023 -0.002595 0.186626 11.36 490 780 -0.19 16.41 0.0000 0.0000
2.558 2 8.803476 4.032529 -11.234502 0.419617 82.321167 2.403259 -0.25 0.25 -6.6 -4.3 6.6614 3.7879 0.1373 -0.0023 -0.007786 0.123674 10.28 490 890 -0.12 -5.26 0.0000 0.0000
2.568 2 -3.567422 -1.939546 -16.226015 -3.639221 55.183411 9.101868 -0.17 0.17 4.6 4.0 -4.2793 -1.7426 0.1367 -0.0023 -0.005191 0.080055 12.01 490 870 -0.08 7.44 0.0000 0.0000
2.578 2 -2.145727 -0.290093 -5.094604 -2.029419 43.762207 -2.021790 -0.00 0.00 3.7 2.3 17.7930 20.1831 0.1400 -0.0023 0.000000 0.146999 10.54 490 800 -0.15 22.42 0.0000 0.0000
2.588 2 12.883955 -1.579927 -9.107954 8.361816 64.308167 -4.890442 -0.08 0.08 -9.0 -9.0 8.9554 7.9545 0.1450 -0.0023 -0.002595 0.109092 10.74 490 810 -0.11 -12.02 0.0000 0.0000
2.598 2 -0.131860 -7.736606 -19.639999 -1.861572 45.471191 -12.222290 -0.08 0.08 3.8 3.3 -8.7810 -7.7273 0.1434 -0.0023 -0.002595 0.037826 11.04 490 800 -0.04 2.88 0.0000 0.0000
2.608 2 -9.445995 2.761875 -10.627944 -3.517151 19.180298 -9.666443 0.00 -0.00 8.8 6.7 8.1956 11.6575 0.1440 -0.0023 0.000000 0.088963 10.65 490 780 -0.09 24.60 0.0000 0.0000
2.618 2 10.843716 0.616147 -7.388974 6.843567 43.411255 2.189636 0.08 -0.08 -9.0 -9.0 12.7573 13.5227 0.1490 -0.0023 0.002595 0.099151 11.11 490 790 -0.10 -14.54 -0.0000 -0.0000
2.628 2 11.939355 4.334609 -10.424160 -8.438110 38.246155 3.570557 0.08 -0.08 -5.3 -5.3 -9.1370 -10.0916 0.1482 -0.0023 0.002595 0.012116 7.45 490 810 -0.01 -13.51 -0.0000 -0.0000
2.638 2 -8.192123 -1.237090 -7.957172 -3.227234 6.149292 -3.532410 0.25 -0.25 8.3 1.8 -4.3763 8.0492 0.1466 -0.0023 0.007786 0.023355 11.64 490 850 -0.02 15.89 0.0000 0.0000
2.648 2 2.421435 -0.541826 -9.304545 10.200500 13.717651 1.762390 0.17 -0.17 -7.0 -6.8 15.1940 12.7573 0.1496 -0.0023 0.005191 0.076373 11.03 490 810 -0.08 2.35 0.0000 0.0000
2.658 2 7.029355 3.994170 -12.478784 -1.434326 27.748108 14.007568 0.00 -0.00 -7.6 -7.2 -3.9310 -9.3908 0.1500 -0.0023 0.000000 -0.005450 9.00 490 820 0.01 -15.72 -0.0000 -0.0000
2.668 2 -7.034150 -4.456880 -9.318931 -15.098572 -1.853943 30.624390 -0.08 0.08 6.7 6.1 -7.9080 -7.0799 0.1474 -0.0023 -0.002595 -0.029671 11.93 490 820 0.03 10.64 0.0000 0.0000
2.678 2 -0.851099 -4.265083 -4.219531 -0.953674 -6.813049 20.393372 -0.08 0.08 -2.0 -2.4 8.0016 8.2961 0.1482 -0.0023 -0.002595 0.027772 11.90 490 800 -0.03 7.08 0.0000 0.0000
2.688 2 10.572803 -1.289834 -7.480078 5.622864 20.118713 20.202637 -0.08 0.08 -9.0 -9.0 -2.0709 -2.3518 0.1490 -0.0023 -0.002595 -0.026841 10.17 490 890 0.03 -20.74 -0.0000 -0.0000
2.698 2 -0.297285 -1.059678 -16.928471 -13.885498 -6.607056 6.042480 0.00 -0.00 -1.8 -2.9 -12.7573 -11.1758 0.1452 -0.0023 0.000000 -0.067382 11.15 490 780 0.07 -8.93 -0.0000 -0.0000
2.708 2 -1.870019 0.417158 -5.135361 -6.828308 -31.311035 3.021240 0.00 -0.00 2.1 1.9 -2.3724 -2.5807 0.1440 -0.0023 0.000000 -0.028350 11.53 480 840 0.03 7.54 0.0000 0.0000
2.718 2 7.693452 -1.332988 -7.628720 8.361816 -7.606506 14.915466 -0.00 0.00 -9.0 -9.0 -2.0868 -2.6725 0.1444 -0.0023 0.000000 -0.056252 10.63 490 880 0.06 -19.75 0.0000 0.0000
2.728 2 1.949136 -0.999741 -10.138862 -8.430481 -15.159607 0.885010 -0.08 0.08 -0.3 -2.2 -15.0252 -11.9670 0.1402 -0.0023 -0.002595 -0.092567 11.58 490 800 0.09 -8.56 0.0000 0.0000
2.738 2 -1.762134 0.290093 -6.895097 -10.070801 -41.000366 -0.251770 0.00 -0.00 0.0 0.2 -2.4278 -3.3722 0.1387 -0.0023 0.000000 -0.058605 11.63 490 840 0.06 2.54 0.0000 0.0000
2.748 2 9.067197 -1.591914 -7.983545 7.186890 -17.814636 14.244080 0.00 -0.00 -9.0 -9.0 -12.0738 -11.8620 0.1375 -0.0023 0.000000 -0.103728 10.77 490 780 0.10 -24.37 -0.0000 -0.0000
2.758 2 -2.395063 -0.047949 -9.498740 -7.110596 -42.198181 15.991211 0.00 -0.00 1.4 -0.5 -15.1940 -12.6380 0.1327 -0.0023 0.000000 -0.127747 11.94 490 770 0.13 -5.72 -0.0000 -0.0000
2.768 2 1.275449 -0.625737 -6.988598 -10.139465 -56.549072 8.766174 0.08 -0.08 -5.3 -6.3 -3.1303 -2.6619 0.1313 -0.0023 0.002595 -0.092693 11.96 490 870 0.09 -8.13 -0.0000 -0.0000
2.778 2 6.377246 -0.625737 -10.635137 4.798889 -34.835815 20.767212 -0.08 0.08 -9.0 -8.3 -14.5405 -16.6947 0.1285 -0.0023 -0.002595 -0.145911 10.73 490 810 0.15 -23.15 -0.0000 -0.0000
2.788 2 -5.991255 0.357222 -9.661767 -8.659363 -64.521790 29.357910 -0.08 0.08 3.7 1.2 -15.3667 -11.4599 0.1233 -0.0023 -0.002595 -0.154080 12.02 490 810 0.15 -1.26 -0.0000 -0.0000
2.798 2 2.574873 0.731226 -8.379126 -11.016846 -70.884705 9.513855 0.00 -0.00 -9.0 -9.0 -3.9773 -5.1613 0.1214 -0.0023 0.000000 -0.125609 11.88 490 840 0.13 -16.16 0.0000 0.0000
2.808 2 3.680102 0.620942 -10.726240 2.288818 -50.674438 11.512756 -0.17 0.17 -5.8 -4.5 -19.0460 -21.1292 0.1174 -0.0023 -0.005191 -0.182091 10.88 490 780 0.18 -20.34 0.0000 0.0000
2.818 2 -4.785332 0.326055 -9.733691 -3.677368 -87.181091 11.909485 -0.17 0.17 3.4 2.6 -14.0861 -12.1826 0.1122 -0.0022 -0.005191 -0.171203 12.02 490 810 0.17 -0.31 0.0000 0.0000
2.828 2 3.986977 -0.177412 -9.762461 -5.867004 -84.709167 1.266479 -0.08 0.08 -9.0 -9.0 -6.9347 -7.5970 0.1100 -0.0022 -0.002595 -0.157533 11.87 490 800 0.16 -19.21 0.0000 0.0000
2.838 2 5.845010 -0.815137 -12.344526 2.243042 -66.497803 -0.564575 -0.08 0.08 -4.4 -4.1 -24.1477 -24.5867 0.1043 -0.0022 -0.002595 -0.214928 10.77 490 790 0.21 -23.00 0.0000 0.0000
2.848 2 -7.046137 0.800752 -11.639672 -3.326416 -108.421326 -3.166199 -0.08 0.08 1.9 1.4 -11.3636 -10.2445 0.0991 -0.0022 -0.002595 -0.183292 11.77 490 810 0.18 -1.42 0.0000 0.0000
2.858 2 10.560815 -1.742954 -7.384180 -2.380371 -91.522217 -7.102966 0.00 -0.00 -9.0 -9.0 -12.5210 -10.9054 0.0969 -0.0022 0.000000 -0.184523 11.28 490 780 0.18 -30.73 0.0000 0.0000
2.868 2 0.918227 -1.177153 -9.836782 4.501343 -81.634521 -16.944885 0.00 -0.00 -2.7 -2.7 -26.0052 -26.0052 0.0905 -0.0022 0.000000 -0.243398 11.34 490 750 0.24 -21.75 0.0000 0.0000
2.878 2 -7.460898 0.654507 -8.256855 -4.760742 -120.780945 -12.527466 0.17 -0.17 2.5 1.7 -10.2445 -9.7286 0.0856 -0.0022 0.005191 -0.192341 11.45 490 820 0.19 -0.55 -0.0000 -0.0000
2.888 2 11.282451 -0.800752 -8.717168 4.203796 -99.540710 -8.140564 0.25 -0.25 -9.0 -9.0 -14.2344 -12.6380 0.0830 -0.0022 0.007786 -0.213638 10.88 490 820 0.21 -35.27 -0.0000 -0.0000
2.898 2 -4.032529 0.872676 -11.248886 4.791260 -97.328186 -11.528015 0.25 -0.25 3.4 1.9 -26.5151 -24.1477 0.0762 -0.0023 0.007786 -0.250505 11.58 490 780 0.25 -11.70 -0.0000 -0.0000
2.908 2 -3.994170 -0.093501 -7.060522 -6.332397 -125.953674 -3.868103 0.33 -0.33 2.0 0.7 -9.5230 -8.4517 0.0720 -0.0023 0.010382 -0.189770 11.15 490 800 0.19 -1.71 -0.0000 -0.0000
2.918 2 12.018472 1.208320 -11.081064 3.723145 -98.602295 -8.476257 0.25 -0.25 -9.0 -9.0 -13.3888 -15.1940 0.0693 -0.0023 0.007786 -0.229498 10.98 490 820 0.23 -34.54 -0.0000 -0.0000
2.928 2 -6.890303 -2.402256 -10.963589 3.112793 -100.067139 -3.799438 0.17 -0.17 4.6 4.2 -24.1477 -23.7240 0.0619 -0.0024 0.005191 -0.250813 11.96 490 790 0.25 -7.61 -0.0000 -0.0000
2.938 2 -1.297026 3.795181 -3.157456 -7.438660 -127.265930 4.241943 0.25 -0.25 0.5 -1.5 -7.2314 -5.6111 0.0585 -0.0024 0.007786 -0.179648 10.85 490 840 0.18 -2.95 0.0000 0.0000
2.948 2 8.393511 0.894253 -12.509951 2.815247 -94.192505 -3.013611 0.25 -0.25 -9.0 -9.0 -10.2445 -10.4827 0.0569 -0.0024 0.007786 -0.216796 10.76 490 810 0.22 -27.24 -0.0000 -0.0000
2.958 2 -2.826606 -3.977388 -12.646606 0.961304 -87.646484 -1.411438 0.08 -0.08 1.6 0.8 -24.1477 -22.9198 0.0504 -0.0024 0.002595 -0.240416 11.80 490 790 0.24 -13.08 -0.0000 -0.0000
2.968 2 -1.603901 0.810342 -5.171323 -8.750916 -118.919373 3.890991 0.25 -0.25 2.0 -0.8 -8.1956 -5.5649 0.0468 -0.0025 0.007786 -0.168153 11.14 490 840 0.17 -1.28 0.0000 0.0000
2.978 2 6.475542 2.740298 -14.212148 -0.076294 -93.391418 0.389099 0.25 -0.25 -9.0 -9.0 -8.2961 -8.1956 0.0456 -0.0025 0.007786 -0.193634 11.00 490 820 0.19 -26.94 0.0000 0.0000
2.988 2 -1.002139 0.640122 -17.513453 2.326965 -82.252502 -1.274109 0.17 -0.17 1.5 0.7 -23.7240 -23.3150 0.0394 -0.0025 0.005191 -0.217622 11.61 490 790 0.22 -13.48 0.0000 0.0000
2.998 2 -6.219014 -0.103091 -5.197695 -8.316040 -117.439270 1.243591 0.25 -0.25 5.0 4.3 -5.6111 -5.6111 0.0360 -0.0025 0.007786 -0.145139 11.49 490 880 0.15 8.28 0.0000 0.0000
3.008 2 8.760322 3.509883 -14.082685 -1.907349 -95.779419 -2.426147 0.17 -0.17 -9.0 -9.0 -5.5421 -1.2533 0.0358 -0.0025 0.005191 -0.158525 11.06 490 880 0.16 -28.14 -0.0000 -0.0000
3.018 2 -3.931836 0.088706 -15.036875 4.760742 -71.830750 -4.226685 0.17 -0.17 4.6 4.1 -23.3150 -23.7240 0.0305 -0.0026 0.005191 -0.192236 10.33 490 780 0.19 -7.22 -0.0000 -0.0000
3.028 2 -10.522456 1.385732 -4.926782 -6.698608 -107.360840 6.225586 0.17 -0.17 9.0 9.0 -6.5013 -5.9051 0.0269 -0.0026 0.005191 -0.123116 11.60 490 880 0.12 17.59 0.0000 0.0000
3.038 2 8.789091 -0.045552 -9.575459 -3.601074 -88.386536 -6.759644 0.17 -0.17 -9.0 -9.0 4.6311 2.9655 0.0277 -0.0026 0.005191 -0.123094 11.45 490 880 0.12 -29.60 0.0000 0.0000
3.048 2 -3.701679 0.175015 -17.211372 -1.182556 -63.659668 -0.572205 0.08 -0.08 3.1 3.9 -21.8108 -24.1477 0.0231 -0.0026 0.002595 -0.165736 10.25 490 780 0.17 -8.51 0.0000 0.0000
3.058 2 -12.764082 -0.028770 -3.083135 0.205994 -102.104187 0.106812 0.08 -0.08 9.0 8.7 -3.8092 -3.5493 0.0199 -0.0026 0.002595 -0.096619 10.50 490 880 0.10 18.13 0.0000 0.0000
3.068 2 8.060264 1.908379 -12.404463 -1.853943 -78.208923 -3.189087 0.00 -0.00 -9.0 -9.0 6.5964 4.0366 0.0213 -0.0026 0.000000 -0.096151 10.88 490 850 0.10 -25.52 0.0000 0.0000
3.078 2 -2.025854 1.479233 -17.180204 -0.144958 -50.338745 8.354187 -0.25 0.25 1.4 4.1 -19.0460 -22.5378 0.0175 -0.0026 -0.007786 -0.142086 8.61 490 800 0.14 -7.71 0.0000 0.0000
3.088 2 -8.587705 0.019180 -4.945962 2.792358 -86.517334 7.804871 -0.17 0.17 6.7 5.5 -5.2211 -2.8833 0.0144 -0.0025 -0.005191 -0.075887 10.92 490 880 0.08 12.63 0.0000 0.0000
3.098 2 5.454224 3.332471 -15.456430 -1.426697 -61.485291 4.150391 -0.17 0.17 -9.0 -9.0 5.7058 6.8643 0.0164 -0.0025 -0.005191 -0.053045 11.91 490 850 0.05 -17.71 -0.0000 -0.0000
3.108 2 0.443530 0.445928 -16.074976 1.075745 -36.056519 -6.736755 -0.17 0.17 3.4 4.2 -18.7815 -19.5981 0.0128 -0.0025 -0.005191 -0.098024 10.81 490 810 0.10 -6.29 -0.0000 -0.0000
3.118 2 -10.004604 4.413725 -3.495498 -2.990723 -72.731018 -2.403259 -0.08 0.08 9.0 6.7 -3.7253 4.4777 0.0106 -0.0025 -0.002595 -0.025494 9.81 490 880 0.03 20.04 0.0000 0.0000
3.128 2 6.537876 1.951533 -13.653540 -5.516052 -47.439575 -9.277344 0.00 -0.00 -9.0 -9.0 7.7273 9.1370 0.0128 -0.0025 0.000000 -0.015851 11.98 490 780 0.02 -18.72 0.0000 0.0000
3.138 2 -3.380420 2.960864 -15.775292 1.152039 -24.299622 -15.861511 -0.08 0.08 5.8 7.2 -14.5405 -17.1173 0.0098 -0.0025 -0.002595 -0.056928 11.71 490 810 0.06 -1.01 0.0000 0.0000
3.148 2 -10.018989 3.953413 -6.305322 -4.867554 -50.781250 -3.089905 -0.00 0.00 8.0 7.6 3.3639 7.7273 0.0088 -0.0025 0.000000 0.013791 9.08 490 850 -0.01 19.31 0.0000 0.0000
3.158 2 8.304805 4.037324 -14.379971 -8.270264 -18.142700 -9.101868 -0.17 0.17 -9.0 -6.4 8.0974 3.4585 0.0116 -0.0025 -0.005191 -0.002748 7.99 490 840 0.00 -11.17 0.0000 0.0000
3.168 2 -6.108730 -0.290093 -16.175669 -0.999451 -4.493713 -0.053406 -0.33 0.33 8.7 9.0 -12.7573 -11.5579 0.0092 -0.0025 -0.010382 -0.029467 11.75 490 800 0.03 5.54 0.0000 0.0000
3.178 2 -9.966245 0.992549 -7.791748 -4.478455 -25.039673 -2.685547 -0.17 0.17 7.3 6.5 9.9432 12.5210 0.0100 -0.0025 -0.005191 0.041778 9.00 490 810 -0.04 20.61 0.0000 0.0000
3.188 2 7.156421 1.059678 -15.674599 -5.653381 11.627197 -14.671326 -0.33 0.33 -8.3 -1.4 6.1467 -3.9540 0.0124 -0.0025 -0.010382 0.013774 10.25 490 890 -0.01 -9.92 0.0000 0.0000
3.198 2 -10.172426 -0.812739 -9.105556 2.037048 5.912781 -7.720947 -0.25 0.25 9.0 9.0 -7.9080 -7.5970 0.0098 -0.0025 -0.007786 0.004625 11.68 490 810 -0.00 14.35 0.0000 0.0000
3.208 2 -5.379902 -0.561006 -10.285107 -11.871338 -10.620117 -6.210327 -0.17 0.17 7.6 7.6 11.3636 12.7573 0.0120 -0.0025 -0.005191 0.096009 8.92 490 810 -0.10 19.32 0.0000 0.0000
3.218 2 9.791230 -1.762134 -13.821362 -2.761841 26.687622 -17.242432 -0.33 0.33 -6.0 0.2 4.6470 -4.5840 0.0148 -0.0025 -0.010382 0.048249 10.16 490 890 -0.05 -9.48 -0.0000 -0.0000
3.228 2 -10.673495 -2.308755 -6.957431 4.699707 15.769958 -9.902954 -0.17 0.17 9.0 9.0 -5.9310 -3.3472 0.0132 -0.0025 -0.005191 0.044713 11.20 490 870 -0.04 21.74 0.0000 0.0000
3.238 2 -2.510142 -1.354565 -5.761098 -13.999939 -0.320435 -2.777100 -0.17 0.17 6.4 6.8 13.3888 13.1288 0.0160 -0.0025 -0.005191 0.131172 8.32 490 800 -0.13 16.34 0.0000 0.0000
3.248 2 9.817602 -0.119873 -11.553364 -0.640869 38.185120 -14.877319 -0.33 0.33 -4.6 -2.9 4.5076 3.0252 0.0189 -0.0025 -0.010382 0.072558 11.31 490 880 -0.07 -9.41 0.0000 0.0000
3.258 2 -10.321069 -2.191279 -6.559453 4.882812 21.545410 -4.562378 -0.25 0.25 9.0 9.0 -2.8711 6.0369 0.0179 -0.0025 -0.007786 0.086858 10.82 490 880 -0.09 25.62 0.0000 0.0000
3.268 2 -0.390786 -9.901513 -8.196918 -3.883362 20.217896 -10.276794 -0.25 0.25 -0.7 0.2 18.5242 17.5619 0.0223 -0.0025 -0.007786 0.151091 8.64 490 810 -0.15 8.55 0.0000 0.0000
3.278 2 10.203593 0.402773 -11.718789 4.501343 56.961060 -6.965637 -0.33 0.33 -3.1 1.8 2.8833 -5.3239 0.0249 -0.0026 -0.010382 0.084847 11.12 490 890 -0.08 -8.06 0.0000 0.0000
3.288 2 -10.522456 -3.152661 -5.571699 2.693176 27.465820 -5.630493 -0.17 0.17 9.0 9.0 5.3661 10.4827 0.0253 -0.0026 -0.005191 0.120595 10.90 490 850 -0.12 30.37 0.0000 0.0000
3.298 2 5.984062 -0.999741 -8.213701 -0.114441 40.237427 -19.546509 -0.17 0.17 -9.0 -9.0 22.9198 21.1292 0.0309 -0.0026 -0.005191 0.160062 7.70 490 780 -0.16 -4.20 -0.0000 -0.0000
3.308 2 1.052485 -0.275708 -15.513969 2.975464 64.521790 -0.411987 -0.33 0.33 7.6 6.0 -7.8620 -2.6515 0.0325 -0.0026 -0.010382 0.102780 10.14 490 830 -0.10 2.73 0.0000 0.0000
3.318 2 -10.934819 -0.040757 -5.593276 0.579834 30.303955 13.206482 -0.25 0.25 9.0 9.0 12.7573 14.0861 0.0344 -0.0026 -0.007786 0.160652 9.70 490 820 -0.16 33.36 0.0000 0.0000
3.328 2 6.473145 5.140156 -13.936440 6.889343 54.733276 5.493164 -0.33 0.33 -7.3 -6.6 17.7930 17.3368 0.0402 -0.0027 -0.010382 0.164357 11.39 490 810 -0.16 -2.01 -0.0000 -0.0000
3.338 2 0.141450 -0.877471 -12.847993 5.729675 60.043335 14.266968 -0.33 0.33 4.3 4.8 2.1499 2.0998 0.0414 -0.0027 -0.010382 0.120930 11.93 490 860 -0.12 6.56 0.0000 0.0000
3.348 2 -8.669218 -0.738418 -6.144692 -2.204895 35.408020 10.231018 -0.33 0.33 9.0 9.0 16.2924 16.4911 0.0442 -0.0027 -0.010382 0.175264 10.19 490 810 -0.18 31.38 0.0000 0.0000
3.358 2 6.890303 5.653213 -10.222774 -0.617981 64.529419 6.469727 -0.33 0.33 -8.5 -7.7 21.8108 21.4646 0.0506 -0.0028 -0.010382 0.174076 12.26 490 790 -0.17 0.37 0.0000 0.0000
3.368 2 -0.961382 -1.318604 -15.168735 2.021790 69.213867 8.781433 -0.50 0.50 5.0 6.7 3.5400 1.8151 0.0523 -0.0028 -0.015573 0.132234 11.99 490 870 -0.13 10.05 0.0000 0.0000
3.378 2 -8.954516 -1.577529 -7.046137 0.053406 40.855408 9.315491 -0.42 0.42 9.0 9.0 18.5242 19.0460 0.0557 -0.0028 -0.012977 0.191057 10.66 490 820 -0.19 31.80 0.0000 0.0000
3.388 2 8.805874 5.334351 -9.611421 -0.244141 71.861267 4.608154 -0.50 0.50 -8.6 -7.5 19.8863 19.8863 0.0623 -0.0029 -0.015573 0.186637 12.02 490 810 -0.19 -0.99 0.0000 0.0000
3.398 2 -2.327935 -1.985098 -15.868793 0.984192 79.811096 9.956360 -0.50 0.50 6.0 6.8 2.8290 3.3307 0.0639 -0.0030 -0.015573 0.147940 11.99 490 880 -0.15 12.00 0.0000 0.0000
3.408 2 -6.449170 -1.136396 -6.120718 -1.533508 49.903870 -4.470825 -0.25 0.25 9.0 9.0 17.7930 21.1292 0.0677 -0.0030 -0.007786 0.209261 10.96 490 800 -0.21 31.52 0.0000 0.0000
3.418 2 8.374331 1.191538 -11.642070 -2.540588 80.619812 -14.556885 -0.33 0.33 -7.8 -5.6 18.7815 16.4911 0.0744 -0.0031 -0.010382 0.184115 10.69 490 810 -0.18 0.29 0.0000 0.0000
3.428 2 -3.660923 -4.003760 -14.308046 -2.166748 82.923889 -7.591248 -0.34 0.34 7.2 8.4 3.8636 3.3225 0.0760 -0.0031 -0.010382 0.157369 11.93 490 890 -0.16 15.78 0.0000 0.0000
3.438 2 -6.214219 1.426489 -6.132705 -1.586914 55.198669 -9.834290 -0.25 0.25 8.4 7.9 22.5378 25.0420 0.0810 -0.0031 -0.007786 0.223525 11.04 490 770 -0.22 30.68 0.0000 0.0000
3.448 2 11.380747 2.963262 -11.725981 -0.984192 87.875366 -8.300781 -0.17 0.17 -6.9 -7.6 10.5646 12.7573 0.0872 -0.0032 -0.005191 0.173111 9.78 490 800 -0.17 -5.12 -0.0000 -0.0000
3.458 2 -8.522973 -3.413984 -11.445478 2.204895 73.562622 -16.860962 -0.00 0.00 9.0 9.0 1.9373 8.0016 0.0885 -0.0032 0.000000 0.162536 11.52 490 850 -0.16 23.47 0.0000 0.0000
3.468 2 -5.291196 1.225103 -8.693193 -1.243591 54.931641 -20.904541 0.00 -0.00 5.7 5.0 24.5867 26.0052 0.0941 -0.0032 0.000000 0.230126 10.50 490 790 -0.23 27.80 0.0000 0.0000
3.478 2 9.004863 2.725913 -12.315757 0.885010 91.201782 -10.536194 0.17 -0.17 -5.5 -5.9 9.7991 9.5230 0.0997 -0.0031 0.005191 0.164602 10.05 490 810 -0.16 -2.87 0.0000 0.0000
3.488 2 -5.480596 -3.145469 -10.764599 1.106262 68.634033 -17.768860 0.25 -0.25 9.0 9.0 1.9886 2.0274 0.1007 -0.0031 0.007786 0.167380 11.49 490 890 -0.17 23.88 0.0000 0.0000
3.498 2 -2.481372 5.823432 -5.444633 -2.815247 51.727295 -10.803223 0.25 -0.25 5.1 3.4 24.1477 26.0052 0.1068 -0.0031 0.007786 0.237285 10.01 490 790 -0.24 25.72 0.0000 0.0000
3.508 2 8.448652 0.925420 -11.975317 5.386353 95.893860 -2.471924 0.25 -0.25 -2.6 -6.1 5.8037 9.2621 0.1120 -0.0030 0.007786 0.159751 9.70 490 860 -0.16 -2.28 0.0000 0.0000
3.518 2 -8.733950 -0.165425 -10.114887 0.579834 66.741943 -5.996704 0.17 -0.17 9.0 9.0 9.8706 9.2621 0.1130 -0.0030 0.005191 0.172090 11.22 490 810 -0.17 23.98 0.0000 0.0000
3.528 2 -2.793042 6.782417 -5.749111 -8.247375 59.181213 14.648438 -0.00 0.00 2.8 1.9 25.0420 26.0052 0.1194 -0.0030 -0.000000 0.239240 10.17 490 750 -0.24 23.07 0.0000 0.0000
3.538 2 11.853046 -0.517852 -11.450274 5.943298 98.419189 21.408081 0.17 -0.17 -3.7 -7.0 6.2317 9.6591 0.1243 -0.0030 0.005191 0.164078 10.00 490 840 -0.16 -3.59 -0.0000 -0.0000
3.548 2 -6.077563 -4.161992 -13.423384 3.349304 66.024780 3.875732 -0.08 0.08 7.7 9.0 10.4827 1.2830 0.1253 -0.0030 -0.002595 0.164159 11.42 490 850 -0.16 21.46 0.0000 0.0000
3.558 2 -2.452602 3.869502 -6.353271 -8.567810 58.021545 22.430420 -0.25 0.25 1.9 2.0 22.9198 22.9198 0.1313 -0.0031 -0.007786 0.218313 11.15 490 780 -0.22 21.39 0.0000 0.0000
3.568 2 8.412690 -1.778916 -10.124477 3.616333 93.978882 24.459839 -0.17 0.17 -4.1 -3.6 6.0101 5.1811 0.1355 -0.0031 -0.005191 0.153291 9.92 490 880 -0.15 -3.05 -0.0000 -0.0000
3.578 2 -4.893218 -0.342837 -12.622631 2.670288 59.371948 8.949280 -0.17 0.17 7.4 7.5 1.2293 1.1431 0.1359 -0.0031 -0.005191 0.140281 11.71 490 880 -0.14 16.99 0.0000 0.0000
3.588 2 -1.474438 4.938769 -6.221411 -8.064270 45.959473 20.935059 -0.17 0.17 0.9 0.9 22.9198 23.3150 0.1412 -0.0031 -0.005191 0.197763 10.88 490 780 -0.20 20.18 0.0000 0.0000
3.598 2 10.505673 -0.234951 -13.075751 3.120422 85.266113 17.402649 -0.17 0.17 -5.6 -5.3 7.2314 7.2314 0.1456 -0.0031 -0.005191 0.141558 10.33 490 800 -0.14 -2.99 0.0000 0.0000
3.608 2 -3.222188 -1.047690 -11.817084 0.991821 55.892944 -0.663757 -0.08 0.08 7.5 6.3 -1.9770 1.2194 0.1454 -0.0031 -0.002595 0.115109 11.87 490 870 -0.12 13.87 0.0000 0.0000
3.618 2 -1.685415 5.334351 -5.991255 -8.285522 37.185669 19.134521 -0.08 0.08 0.5 -0.3 21.4646 22.9198 0.1498 -0.0032 -0.002595 0.169468 10.50 490 780 -0.17 18.68 0.0000 0.0000
3.628 2 6.226206 3.366035 -16.084564 1.548767 73.417664 18.043518 -0.17 0.17 -7.5 -4.7 9.5906 6.4394 0.1540 -0.0032 -0.005191 0.121126 10.52 490 840 -0.12 -3.40 -0.0000 -0.0000
3.638 2 1.546362 -2.150522 -11.071474 -2.342224 47.485352 15.586853 -0.25 0.25 5.2 6.7 -1.7337 -4.4337 0.1534 -0.0032 -0.007786 0.086634 11.96 490 870 -0.09 9.18 0.0000 0.0000
3.648 2 -5.111387 2.095381 -6.624184 -6.698608 26.420593 13.191223 -0.08 0.08 5.3 5.4 15.5433 15.5433 0.1562 -0.0032 -0.002595 0.137685 11.03 490 810 -0.14 22.98 0.0000 0.0000
3.658 2 12.989443 -0.623340 -6.712891 4.463196 60.905457 4.890442 -0.17 0.17 -9.0 -9.0 10.9054 9.2621 0.1609 -0.0032 -0.005191 0.108198 10.87 490 810 -0.11 -15.47 -0.0000 -0.0000
3.668 2 -3.231777 -0.194194 -10.325864 -1.914978 40.962219 11.863708 -0.25 0.25 5.4 6.0 -5.2414 -5.4091 0.1599 -0.0032 -0.007786 0.060665 11.91 490 870 -0.06 7.33 0.0000 0.0000
3.678 2 -4.718203 1.671030 -5.698764 -10.093689 16.944885 10.536194 -0.08 0.08 4.9 4.6 13.3888 14.0861 0.1619 -0.0032 -0.002595 0.111027 10.71 490 820 -0.11 20.87 0.0000 0.0000
3.688 2 11.064281 -1.517593 -7.257114 6.919861 49.415588 -0.816345 -0.17 0.17 -9.0 -9.0 10.1674 10.0916 0.1665 -0.0032 -0.005191 0.093129 11.30 490 810 -0.09 -14.43 -0.0000 -0.0000
3.698 2 0.584980 -4.583945 -18.369345 -1.678467 34.805298 4.692078 -0.25 0.25 0.3 0.8 -7.9545 -7.3895 0.1651 -0.0032 -0.007786 0.029182 11.17 490 800 -0.03 -3.16 -0.0000 -0.0000
3.708 2 -8.892182 2.495757 -9.479560 -8.163452 4.867554 8.056641 -0.08 0.08 6.9 7.7 5.6111 7.1929 0.1655 -0.0032 -0.002595 0.072972 10.88 490 850 -0.07 20.85 0.0000 0.0000
3.718 2 6.032012 -1.143589 -11.455068 6.370544 22.430420 -0.831604 0.00 -0.00 -9.0 -9.0 11.9670 11.7589 0.1697 -0.0032 -0.000000 0.079591 11.37 490 810 -0.08 -9.70 -0.0000 -0.0000
3.728 2 7.319448 2.251216 -15.585893 -2.700806 24.642944 -0.717163 -0.08 0.08 -2.5 -2.1 -9.2621 -8.0016 0.1687 -0.0032 -0.002595 0.009814 11.22 490 820 -0.01 -8.69 -0.0000 -0.0000
3.738 2 -9.937475 -0.079116 -11.483837 -6.462097 -8.071899 1.976013 0.08 -0.08 7.6 5.7 -2.2538 2.1329 0.1679 -0.0032 0.002595 -0.000000 11.56 490 880 -0.04 17.85 0.0000 0.0000
3.748 2 8.021904 -2.037842 -9.779243 4.119873 4.394531 7.919312 0.08 -0.08 -9.0 -9.0 8.6684 9.3908 0.1711 -0.0032 0.002595 0.057568 11.42 490 810 -0.06 -6.62 0.0000 0.0000
3.758 2 5.363120 -1.021318 -12.402065 -1.976013 16.799927 -3.608704 0.25 -0.25 -2.7 -3.6 -10.9054 -9.7991 0.1699 -0.0032 0.007786 -0.012925 10.77 490 810 0.01 -11.40 0.0000 0.0000
3.768 2 -8.980888 0.426748 -8.757924 -3.509521 -22.186279 -1.327515 0.33 -0.33 7.6 6.8 -2.7100 -2.3235 0.1685 -0.0032 0.010382 0.005767 11.68 490 870 -0.01 16.04 0.0000 0.0000
3.778 2 4.732588 -1.177153 -9.978232 3.646851 -11.268616 5.310059 0.25 -0.25 -6.4 -7.2 7.4711 7.7273 0.1711 -0.0032 0.007786 0.031772 11.93 490 820 -0.03 -2.91 0.0000 0.0000
3.788 2 8.017109 -0.692866 -10.680688 -0.030518 11.085510 -3.364563 0.33 -0.33 -3.2 -4.2 -11.6575 -11.5579 0.1693 -0.0032 0.010382 -0.037133 10.16 490 810 0.04 -12.79 0.0000 0.0000
3.798 2 -8.738745 -0.577788 -11.637275 -5.386353 -31.372070 3.868103 0.33 -0.33 5.4 5.0 -2.7100 -3.4409 0.1677 -0.0032 0.010382 -0.014280 11.79 490 880 0.01 12.32 0.0000 0.0000
3.808 2 2.591655 0.558608 -10.045361 1.525879 -22.811890 10.597229 0.25 -0.25 -8.5 -7.3 7.4711 5.8794 0.1695 -0.0032 0.007786 0.000790 11.91 490 830 -0.00 -5.70 -0.0000 -0.0000
3.818 2 7.573579 1.054883 -12.579477 -1.396179 2.326965 7.789612 0.17 -0.17 -2.7 -2.4 -13.3888 -15.0252 0.1669 -0.0032 0.005191 -0.058486 10.46 490 810 0.06 -12.97 -0.0000 -0.0000
3.828 2 -8.712373 0.791162 -12.572285 -7.797241 -38.406372 13.755798 0.25 -0.25 4.6 3.4 -3.1521 -2.4858 0.1651 -0.0032 0.007786 -0.025791 11.72 490 880 0.03 10.62 0.0000 0.0000
3.838 2 11.932162 -1.649453 -7.832505 -2.365112 -22.697449 14.686584 0.08 -0.08 -9.0 -9.0 5.7543 3.4409 0.1667 -0.0032 0.002595 -0.024985 11.17 490 870 0.02 -18.88 0.0000 0.0000
3.848 2 0.846304 -0.119873 -11.522197 3.189087 -8.934021 9.750366 -0.08 0.08 -2.3 -0.7 -13.0026 -15.9091 0.1635 -0.0032 -0.002595 -0.083317 11.52 490 800 0.08 -10.62 0.0000 0.0000
3.858 2 -5.461416 2.080996 -9.474766 -10.864258 -44.616699 16.761780 -0.00 0.00 2.9 2.5 -3.3389 -2.9786 0.1617 -0.0032 -0.000000 -0.043221 11.60 490 850 0.04 7.87 0.0000 0.0000
3.868 2 7.940391 -3.694487 -10.158042 0.465393 -30.052185 6.713867 -0.08 0.08 -9.0 -9.0 2.7939 -2.5611 0.1623 -0.0032 -0.002595 -0.057806 10.96 490 890 0.06 -19.23 0.0000 0.0000
3.878 2 -2.912915 -1.364155 -12.862377 4.463196 -23.033142 7.484436 -0.08 0.08 2.1 2.4 -15.9091 -15.9091 0.1583 -0.0032 -0.002595 -0.101182 11.68 490 810 0.10 -5.06 0.0000 0.0000
3.888 2 -3.579409 1.893994 -7.890044 -8.941650 -54.107666 7.667542 -0.00 0.00 -2.4 -1.1 6.3190 3.0457 0.1568 -0.0032 -0.000000 -0.053556 11.30 490 860 0.05 6.83 0.0000 0.0000
3.898 2 10.647123 0.045552 -9.333315 1.258850 -29.853821 -3.578186 0.00 -0.00 -9.0 -9.0 -2.3315 -6.4702 0.1568 -0.0032 -0.000000 -0.079140 10.79 490 890 0.08 -21.85 0.0000 0.0000
3.908 2 -2.488564 -0.961382 -13.536064 5.523682 -30.929565 -4.356384 -0.00 0.00 5.0 4.9 -16.0984 -15.3667 0.1520 -0.0032 -0.000000 -0.110495 11.88 490 780 0.11 0.02 0.0000 0.0000
3.918 2 -2.109766 1.268257 -6.132705 -4.508972 -59.753418 -4.554749 0.00 -0.00 -2.0 -2.1 2.2804 5.5421 0.1512 -0.0032 -0.000000 -0.050968 11.15 490 880 0.05 4.37 0.0000 0.0000
3.928 2 11.488632 0.474697 -10.069336 3.654480 -28.251648 -4.783630 -0.08 0.08 -9.0 -9.0 -8.0492 -7.9080 0.1510 -0.0032 -0.002595 -0.100848 10.77 490 810 0.10 -25.41 0.0000 0.0000
3.938 2 -2.222446 -0.151040 -12.847993 6.965637 -33.050537 -14.297485 -0.08 0.08 4.5 4.8 -15.9091 -15.7241 0.1462 -0.0032 -0.002595 -0.116935 11.96 490 810 0.12 -0.53 0.0000 0.0000
3.948 2 0.134258 2.932095 -6.571440 -4.699707 -57.281494 -12.573242 0.00 -0.00 -5.5 -5.4 2.1329 2.3315 0.1456 -0.0032 -0.000000 -0.053871 11.23 490 880 0.05 -2.23 0.0000 0.0000
3.958 2 7.789351 4.660664 -15.334160 5.149841 -24.772644 -13.893127 -0.00 0.00 -8.9 -9.0 -11.7589 -11.2689 0.1448 -0.0032 -0.000000 -0.111972 10.03 490 770 0.11 -20.34 0.0000 0.0000
3.968 2 -3.354048 2.493359 -14.509433 4.638672 -39.489746 -15.312195 0.08 -0.08 2.8 2.4 -13.5227 -13.0026 0.1397 -0.0032 0.002595 -0.117008 11.96 490 800 0.12 -2.07 0.0000 0.0000
3.978 2 -0.906240 -0.381196 -5.480596 -5.889893 -59.783936 -17.311096 0.17 -0.17 -5.5 -6.8 7.0066 8.2455 0.1400 -0.0032 0.005191 -0.049142 11.28 490 800 0.05 -0.93 -0.0000 -0.0000
3.988 2 12.126357 3.708872 -8.918554 5.638123 -23.406982 -19.432068 0.08 -0.08 -9.0 -9.0 -11.0842 -13.7987 0.1385 -0.0032 0.002595 -0.113783 10.17 490 810 0.11 -23.72 -0.0000 -0.0000
3.998 2 -6.878315 3.318086 -11.433491 -3.082275 -39.787292 2.105713 0.08 -0.08 6.1 2.9 -15.0252 -9.5230 0.1337 -0.0032 0.002595 -0.109122 11.79 490 810 0.11 1.70 0.0000 0.0000
4.008 2 -0.611353 -4.696626 -8.606885 -6.668091 -52.452087 -4.920959 0.33 -0.33 -0.5 -3.9 4.3342 7.9080 0.1343 -0.0032 0.010382 -0.037929 12.06 490 840 0.04 4.17 0.0000 0.0000
4.018 2 10.414570 2.049829 -9.486753 5.775452 -16.708374 -16.311646 0.25 -0.25 -9.0 -9.0 -12.1826 -14.5405 0.1329 -0.0032 0.007786 -0.116536 10.65 490 810 0.12 -27.06 -0.0000 -0.0000
4.028 2 -5.051450 1.973110 -6.640966 -2.746582 -34.492493 7.293701 0.25 -0.25 5.9 4.3 -10.6478 -9.3260 0.1285 -0.0032 0.007786 -0.101104 11.55 490 800 0.10 4.75 0.0000 0.0000
4.038 2 0.608955 -5.197695 -4.339404 -5.302429 -47.782898 0.961304 0.17 -0.17 -5.9 -6.8 5.3661 5.6818 0.1291 -0.0032 0.005191 -0.043100 12.02 490 880 0.04 -4.15 0.0000 0.0000
4.048 2 7.528027 2.589258 -10.510468 1.121521 -15.525818 -0.854492 0.17 -0.17 -8.3 -9.0 -13.9409 -13.5227 0.1271 -0.0032 0.005191 -0.114464 10.31 490 810 0.11 -22.48 0.0000 0.0000
4.058 2 -11.443081 1.529580 -8.650039 -0.144958 -42.068481 2.586365 0.17 -0.17 8.8 8.3 -8.6132 -8.7810 0.1227 -0.0032 0.005191 -0.091329 11.15 490 820 0.09 11.73 0.0000 0.0000
4.068 2 8.508589 -3.265342 -3.049570 -5.317688 -49.049377 1.045227 0.08 -0.08 -9.0 -9.0 6.7613 5.4091 0.1241 -0.0032 0.002595 -0.039101 12.21 490 870 0.04 -16.76 0.0000 0.0000
4.078 2 5.773086 2.522129 -8.932940 1.792908 -13.175964 -0.526428 -0.17 0.17 -9.0 -7.6 -11.8620 -15.0252 0.1222 -0.0032 -0.005191 -0.115073 10.05 490 820 0.12 -21.48 0.0000 0.0000
4.088 2 -10.865293 0.436338 -8.055469 -1.113892 -38.688660 15.777588 -0.08 0.08 6.9 6.7 -8.6132 -7.7273 0.1180 -0.0032 -0.002595 -0.087240 11.01 490 810 0.09 9.12 0.0000 0.0000
4.098 2 8.388716 -4.895615 -5.590879 -2.418518 -42.984009 -1.495361 -0.00 0.00 -9.0 -9.0 9.0151 7.3096 0.1198 -0.0032 -0.000000 -0.038324 12.01 490 800 0.04 -19.67 -0.0000 -0.0000
4.108 2 6.437182 2.332729 -8.913759 0.778198 -7.072449 -9.422302 -0.08 0.08 -8.3 -8.8 -14.5405 -13.5227 0.1180 -0.0032 -0.002595 -0.112438 9.98 490 810 0.11 -21.22 -0.0000 -0.0000
4.118 2 -12.119164 1.632671 -7.736606 0.305176 -35.346985 -14.122009 -0.00 0.00 9.0 8.0 -7.6833 -5.4308 0.1142 -0.0032 -0.000000 -0.075973 11.04 490 810 0.08 15.35 0.0000 0.0000
4.128 2 8.196918 -5.787470 -3.413984 -3.456116 -41.969299 -24.261475 0.25 -0.25 -9.0 -9.0 5.8794 7.7717 0.1156 -0.0032 0.007786 -0.039010 11.60 490 850 0.04 -27.90 -0.0000 -0.0000
4.138 2 4.586343 1.285039 -11.392734 1.556396 -6.538391 -31.311035 0.33 -0.33 -6.0 -6.0 -12.8788 -15.0252 0.1134 -0.0032 0.010382 -0.106506 10.57 490 810 0.11 -16.51 -0.0000 -0.0000
4.148 2 -9.491548 1.740557 -7.300268 0.869751 -38.803101 -19.912720 0.33 -0.33 7.2 6.0 -4.2391 -3.7253 0.1102 -0.0033 0.010382 -0.066523 10.93 490 880 0.07 14.55 0.0000 0.0000
4.158 2 11.399926 -6.652954 -8.352754 -6.042480 -35.629272 -11.650085 0.33 -0.33 -9.0 -9.0 8.8965 8.0016 0.1122 -0.0032 0.010382 -0.023740 11.91 490 820 0.02 -24.63 -0.0000 -0.0000
4.168 2 6.178257 1.376143 -7.638310 -0.022888 -3.112793 -19.660950 0.25 -0.25 -8.3 -9.0 -13.1288 -13.2575 0.1108 -0.0033 0.007786 -0.096196 9.92 490 810 0.10 -20.58 -0.0000 -0.0000
4.178 2 -12.135947 1.268257 -10.965986 -0.198364 -27.122498 -16.334534 0.25 -0.25 7.4 6.1 -7.9080 -7.0066 0.1072 -0.0033 0.007786 -0.062299 10.90 490 800 0.06 9.94 0.0000 0.0000
4.188 2 10.798163 -4.886025 -5.660405 -3.166199 -30.113220 -12.718201 0.33 -0.33 -9.0 -9.0 7.0431 6.4702 0.1090 -0.0033 0.010382 -0.018773 12.01 490 840 0.02 -19.65 0.0000 0.0000
4.198 2 4.792524 2.891338 -9.302148 0.694275 0.045776 -15.106201 0.17 -0.17 -5.9 -5.1 -13.1288 -16.4911 0.1070 -0.0033 0.005191 -0.085679 10.46 490 810 0.09 -17.30 0.0000 0.0000
4.208 2 -13.334678 -2.716323 -6.489926 -1.861572 -29.846191 -2.258301 0.25 -0.25 9.0 8.8 -5.4970 -3.3063 0.1039 -0.0033 0.007786 -0.043388 10.93 490 880 0.04 19.95 0.0000 0.0000
4.218 2 9.076787 -6.712891 -8.017109 0.488281 -30.258179 -6.317139 0.25 -0.25 -9.0 -9.0 10.1674 10.8182 0.1068 -0.0033 0.007786 -0.000070 11.83 490 810 0.00 -23.18 -0.0000 -0.0000
4.228 2 7.151626 3.819155 -9.534702 1.708984 5.462646 -8.781433 0.33 -0.33 -5.5 -8.1 -13.7987 -12.5210 0.1054 -0.0033 0.010382 -0.074753 10.05 490 810 0.07 -18.16 -0.0000 -0.0000
4.238 2 -16.024628 1.469643 -10.249146 -6.736755 -21.766663 -7.171631 0.17 -0.17 9.0 9.0 -4.4629 -6.0640 0.1021 -0.0033 0.005191 -0.028855 10.79 490 880 0.03 18.18 0.0000 0.0000
4.248 2 12.378091 -6.223808 -9.388456 -8.331299 -22.888184 11.238098 -0.00 0.00 -9.0 -9.0 12.4061 9.0151 0.1050 -0.0033 -0.000000 0.007172 11.85 490 780 -0.01 -14.49 -0.0000 -0.0000
4.258 2 2.522129 4.248301 -10.937217 1.960754 8.239746 11.428833 -0.33 0.33 -4.7 -2.5 -10.9941 -15.5433 0.1033 -0.0033 -0.010382 -0.065620 9.38 490 810 0.07 -12.54 -0.0000 -0.0000
4.268 2 -13.660732 -2.256011 -7.451308 -3.669739 -23.368835 17.730713 -0.25 0.25 9.0 9.0 -3.7459 -3.1448 0.1007 -0.0033 -0.007786 -0.014075 10.41 490 880 0.01 22.54 0.0000 0.0000
4.278 2 8.911362 -0.743213 -8.304805 2.944946 -21.507263 3.128052 -0.17 0.17 -9.0 -9.0 6.7953 8.8384 0.1033 -0.0033 -0.005191 0.011529 11.26 490 820 -0.01 -19.85 -0.0000 -0.0000
4.288 2 4.603125 0.131860 -14.101865 0.984192 8.750916 1.205444 -0.08 0.08 1.5 0.9 -14.5405 -14.8601 0.1011 -0.0033 -0.002595 -0.049512 11.06 490 800 0.05 -7.18 -0.0000 -0.0000
4.298 2 -12.102383 -1.225103 -7.125254 -4.318237 -27.221680 -2.914429 -0.25 0.25 6.2 6.3 5.8037 3.6254 0.0999 -0.0033 -0.007786 0.000902 11.01 490 900 -0.00 19.86 0.0000 0.0000
4.308 2 12.183896 -4.945962 -11.841059 -0.564575 -11.589050 2.334595 -0.08 0.08 -9.0 -9.0 7.7273 9.5906 0.1027 -0.0033 -0.002595 -0.000429 11.88 490 810 0.00 -16.59 -0.0000 -0.0000
4.318 2 -1.112422 -1.560747 -19.639999 0.228882 11.306763 -4.806519 0.00 -0.00 4.4 5.1 -14.0861 -16.2924 0.1001 -0.0033 0.000000 -0.054884 10.63 490 770 0.05 -0.67 -0.0000 -0.0000
4.328 2 -8.295215 0.477095 -10.989961 -2.426147 -33.027649 -8.255005 -0.08 0.08 6.1 4.9 6.9705 6.5644 0.0995 -0.0033 -0.002595 0.016685 11.01 490 850 -0.02 18.54 0.0000 0.0000
4.338 2 15.367724 -4.933974 -12.167114 1.670837 -6.767273 -3.273010 -0.08 0.08 -9.0 -9.0 6.2605 6.5964 0.1023 -0.0033 -0.002595 -0.013549 10.92 490 880 0.01 -21.34 -0.0000 -0.0000
4.348 2 -2.107368 0.558608 -16.760649 -0.320435 4.516602 -5.966187 -0.17 0.17 4.0 4.1 -13.2575 -13.1288 0.0989 -0.0033 -0.005191 -0.049013 11.39 490 800 0.05 -0.59 0.0000 0.0000
4.358 2 -5.789868 4.888422 -3.912656 -4.013062 -35.926819 -12.351990 -0.08 0.08 2.1 1.1 9.5906 11.6575 0.0995 -0.0033 -0.002595 0.024844 11.04 490 800 -0.02 14.12 0.0000 0.0000
4.368 2 8.585307 -2.553296 -14.571767 4.608154 -5.546570 -12.321472 -0.08 0.08 -9.0 -6.2 3.4062 -5.3875 0.1015 -0.0033 -0.002595 -0.018117 10.47 490 890 0.02 -13.61 0.0000 0.0000
4.378 2 -9.335712 -1.752544 -13.461742 2.120972 -4.409790 -6.980896 -0.17 0.17 8.4 7.8 -14.2344 -12.4061 0.0985 -0.0033 -0.005191 -0.042212 11.71 490 810 0.04 6.71 0.0000 0.0000
4.388 2 -6.859136 5.658008 -4.030132 -7.019043 -36.117554 -15.510559 0.17 -0.17 8.8 5.3 7.5546 13.2575 0.0993 -0.0033 0.005191 0.041638 9.73 490 820 -0.04 23.09 0.0000 0.0000
4.398 2 12.579477 -2.447808 -13.634360 3.936768 -5.989075 -15.602112 0.08 -0.08 -9.0 -7.6 5.1417 -3.7668 0.1015 -0.0033 0.002595 -0.011398 10.16 490 900 0.01 -15.54 -0.0000 -0.0000
4.408 2 -11.253681 -4.833281 -8.849028 1.144409 -8.743286 -16.899109 0.17 -0.17 9.0 9.0 -10.4827 -10.2445 0.0981 -0.0033 0.005191 -0.026834 11.99 490 820 0.03 14.18 0.0000 0.0000
4.418 2 -7.468091 5.394287 -6.765635 -10.261536 -35.530090 -14.358521 0.33 -0.33 6.9 4.0 10.1674 13.5227 0.0997 -0.0032 0.010382 0.059195 9.65 490 810 -0.06 21.00 0.0000 0.0000
4.428 2 14.403945 0.000000 -14.559780 9.704590 -1.983643 -25.688171 0.33 -0.33 -9.0 -9.0 4.2793 2.8833 0.1021 -0.0032 0.010382 -0.003329 10.00 490 890 0.00 -15.43 -0.0000 -0.0000
4.438 2 -9.330917 -3.217392 -11.486235 0.480652 -1.495361 -7.614136 0.08 -0.08 9.0 9.0 -10.3227 -9.1370 0.0991 -0.0032 0.002595 -0.016696 12.12 490 810 0.02 12.57 0.0000 0.0000
4.448 2 -5.461416 1.711787 -5.605264 -6.568909 -29.167175 -2.449036 0.17 -0.17 5.1 4.6 13.2575 12.8788 0.1009 -0.0032 0.005191 0.065099 9.95 490 810 -0.07 20.83 0.0000 0.0000
4.458 2 13.046982 0.697661 -14.569369 8.438110 6.454468 -6.347656 0.25 -0.25 -9.0 -9.0 3.4763 3.6351 0.1035 -0.0032 0.007786 0.001522 10.16 490 890 -0.00 -13.46 0.0000 0.0000
4.468 2 -11.886611 -6.358066 -11.097846 -0.045776 2.098083 -15.945435 0.33 -0.33 9.0 9.0 -6.7953 -9.9432 0.1005 -0.0032 0.010382 -0.008435 11.79 490 810 0.01 13.89 0.0000 0.0000
4.478 2 -4.022939 3.083135 -5.600469 -2.777100 -21.545410 -11.558533 0.25 -0.25 3.7 1.7 13.3888 15.1940 0.1031 -0.0032 0.007786 0.074995 9.75 490 810 -0.07 18.18 0.0000 0.0000
4.488 2 12.334936 2.085791 -12.289385 4.478455 16.639709 -1.380920 0.08 -0.08 -9.0 -9.0 4.1481 2.4950 0.1052 -0.0032 0.002595 0.005183 10.65 490 890 -0.01 -14.67 0.0000 0.0000
4.498 2 -8.899375 2.805029 -12.116767 3.166199 3.494263 16.471863 -0.00 0.00 9.0 8.9 -7.0431 -5.4091 0.1025 -0.0032 -0.000000 0.007414 11.52 490 810 -0.01 15.82 0.0000 0.0000
4.508 2 -1.891597 -0.052744 -2.543706 -5.432129 -21.308899 17.257690 -0.08 0.08 3.8 3.8 15.0252 14.5405 0.1056 -0.0032 -0.002595 0.094119 10.33 490 810 -0.09 19.96 0.0000 0.0000
4.518 2 12.183896 1.865225 -13.485718 4.753113 24.688721 8.666992 -0.08 0.08 -9.0 -9.0 3.0320 2.5466 0.1080 -0.0032 -0.002595 0.017021 10.19 490 880 -0.02 -14.25 -0.0000 -0.0000
4.528 2 -10.426558 -4.114043 -8.817861 2.288818 13.732910 13.465881 -0.25 0.25 9.0 9.0 -6.6614 -7.3096 0.1056 -0.0032 -0.007786 0.013907 11.50 490 840 -0.01 19.58 0.0000 0.0000
4.538 2 -5.878574 -1.675825 -4.790127 -3.356934 -5.744934 5.615234 -0.08 0.08 3.4 2.9 15.3667 16.6947 0.1088 -0.0032 -0.002595 0.101141 8.80 490 820 -0.10 20.06 0.0000 0.0000
4.548 2 10.560815 0.901445 -13.862119 4.379272 37.597656 -9.132385 -0.17 0.17 -8.5 -3.5 4.3763 -5.2010 0.1118 -0.0032 -0.005191 0.036706 10.16 490 890 -0.04 -9.66 0.0000 0.0000
4.558 2 -11.141001 -1.742954 -8.033892 0.740051 27.374268 -4.203796 -0.25 0.25 9.0 9.0 -5.0647 -5.3661 0.1100 -0.0032 -0.007786 0.032632 11.52 490 880 -0.03 19.28 0.0000 0.0000
4.568 2 -1.671030 -0.198989 -3.972593 -1.266479 4.631042 -7.629395 -0.17 0.17 1.4 1.5 16.0984 17.1173 0.1130 -0.0032 -0.005191 0.112494 9.70 490 810 -0.11 16.87 0.0000 0.0000
4.578 2 10.416967 3.783193 -15.856806 0.610352 44.036865 -11.993408 -0.08 0.08 -6.3 -7.6 3.7773 5.9310 0.1164 -0.0032 -0.002595 0.061070 10.36 490 880 -0.06 -7.86 -0.0000 -0.0000
4.588 2 -9.721704 -1.042895 -11.982510 2.906799 34.011841 -19.477844 -0.00 0.00 9.0 8.7 -6.7277 -3.7563 0.1146 -0.0032 -0.000000 0.048519 11.64 490 850 -0.05 15.59 0.0000 0.0000
