%  1    time 0.000 sec
%  2    mission (2) state 2
%  3  4  5 Acc x,y,z: -0.021577 -0.069526 -10.059746
%  6  7  8 Gyro x,y,z: 0.213623 2.166748 2.555847
%  9 10 Motor velocity ref left, right: 99.00 99.00
% 11 12 Motor voltage [V] left, right: 9.0 9.0
% 13 14 Motor current left, right [A]: -0.019 0.013
% 15 16 Wheel velocity [r/s] left, right: 0.0028 0.0162
% 17 18 19 20 Pose x,y,h,tilt [m,m,rad,rad]: 0.0000 0.0000 0.000000 0.024619
% 21    Battery voltage [V]: 11.93
% 22 23 Get data time [us]: 490 +ctrl 840
% 24 25 26 27 Extra pt.: balE[0], balU[0], balUI[0], balUI[1]: -0.02 99.0000 0.0000 0.0000
0.005 2 0.273311 -0.189399 -10.246748 0.495911 1.480103 2.441406 0.92 0.75 0.1 -0.1 0.564 0.494 0.0028 0.3138 0.0002 0.0000 0.002595 0.022539 11.37 490 870 -0.02 0.83 0.0000 0.0000
0.010 2 -0.220566 0.678481 -10.309082 -0.564575 4.577637 7.797241 2.28 2.11 0.4 0.2 0.228 0.196 0.0028 2.9081 0.0006 0.0000 0.002595 0.021021 11.93 490 870 -0.02 2.20 0.0000 0.0000
0.015 2 2.033047 -0.242144 -10.215581 -2.525330 9.544373 19.592285 -11.09 -11.43 -6.4 -6.3 -0.209 -0.139 0.0028 2.9019 0.0008 0.0000 0.005191 0.014718 11.91 490 870 -0.01 -11.26 -0.0000 -0.0000
0.020 2 3.126289 -0.707251 -10.618354 2.342224 9.262085 7.164001 -18.09 -18.43 -7.3 -6.7 -1.305 -1.470 -1.0792 -2.6515 0.0004 -0.0000 0.005191 0.001600 11.50 490 860 -0.00 -18.26 0.0000 0.0000
0.025 2 1.570337 -1.531978 -11.474248 3.067017 2.708435 8.628845 -14.89 -15.22 -3.5 -3.7 -0.671 -0.646 -9.0756 -9.0756 -0.0008 -0.0000 0.005191 -0.010193 11.15 490 780 0.01 -15.05 -0.0000 -0.0000
0.030 2 -3.330073 1.505605 -11.078667 5.783081 -13.328552 1.976013 16.26 15.76 9.0 9.0 1.419 1.248 -4.8995 -4.7117 -0.0018 -0.0000 0.007786 -0.004348 11.74 490 880 0.00 16.01 0.0000 0.0000
0.035 2 -7.307461 -0.273311 -8.364741 0.190735 -18.814087 11.314392 51.04 50.54 9.0 9.0 2.065 2.185 5.3239 10.4021 -0.0010 -0.0000 0.007786 0.031605 10.63 490 840 -0.03 50.79 0.0000 0.0000
0.040 2 -7.154023 -0.522646 -10.563212 -10.528564 -5.409241 4.791260 61.81 61.14 9.0 9.0 2.065 2.065 13.2575 14.6986 0.0008 0.0000 0.010382 0.079491 9.32 490 800 -0.08 61.47 0.0000 0.0000
0.045 2 5.195298 -0.570596 -8.554140 -10.047913 6.858826 -3.669739 -26.31 -26.98 -9.0 -9.0 1.235 1.121 18.7815 21.1292 0.0036 0.0000 0.010382 0.080229 7.09 490 780 -0.08 -26.65 0.0000 0.0000
0.050 2 10.985166 -2.519731 -14.765962 -4.188538 19.744873 -2.128601 -37.46 -38.30 -9.0 -9.0 -2.559 -2.141 9.7286 9.0756 0.0054 0.0001 0.012977 0.042899 10.27 490 810 -0.04 -37.88 -0.0000 -0.0000
0.055 2 9.551484 1.795698 -11.584531 6.195068 19.378662 9.162903 -46.51 -47.51 -9.0 -9.0 -2.128 -2.141 -2.4904 2.4542 0.0052 0.0001 0.015573 -0.001111 7.89 490 870 0.00 -47.01 0.0000 0.0000
0.060 2 4.571958 -1.349770 -19.639999 12.504578 5.729675 -5.302429 -23.32 -24.66 -9.0 -9.0 -2.407 -2.065 -13.5227 -11.2689 0.0036 0.0000 0.020764 -0.033443 6.95 490 790 0.03 -23.99 -0.0000 -0.0000
0.065 2 -6.909482 -2.080996 -7.820518 12.496948 -7.690430 -13.992310 34.61 33.44 9.0 9.0 1.590 0.931 -15.3667 -14.5405 0.0014 -0.0000 0.018168 -0.019225 6.95 490 800 0.02 34.02 0.0000 0.0000
0.070 2 -11.642070 -1.282642 -6.952637 -2.761841 -18.066406 6.896973 84.24 82.90 9.0 9.0 2.065 2.002 -4.0609 -3.7048 0.0008 -0.0000 0.020764 0.036258 5.87 490 870 -0.04 83.57 0.0000 0.0000
0.075 2 -8.592500 1.680620 -4.025337 -10.940552 -13.458252 2.624512 93.02 91.69 9.0 9.0 2.065 2.046 8.4517 8.2455 0.0016 -0.0000 0.020764 0.102776 6.34 490 800 -0.10 92.35 0.0000 0.0000
0.080 2 -0.541826 1.354565 -8.762719 -16.113281 0.717163 10.826111 39.46 38.29 9.0 9.0 1.869 2.078 15.5433 14.8601 0.0038 0.0000 0.018168 0.137842 7.56 490 790 -0.14 38.87 0.0000 0.0000
0.085 2 10.390595 -1.730967 -13.224394 -6.492615 15.754700 1.251221 -27.52 -28.86 -9.0 -9.0 -2.097 -2.141 15.9091 17.5619 0.0064 0.0001 0.020764 0.105675 7.74 490 800 -0.11 -28.19 -0.0000 -0.0000
0.090 2 12.310962 -1.555952 -14.382368 5.783081 26.199341 18.905640 -34.06 -35.57 -9.0 -9.0 -2.242 -2.141 3.2506 5.1029 0.0070 0.0001 0.023359 0.064033 5.27 490 870 -0.06 -34.81 0.0000 0.0000
0.095 2 8.935337 3.452344 -12.339731 14.945984 14.831543 15.563965 -41.97 -43.31 -9.0 -9.0 -2.084 -2.141 -7.4711 -11.1758 0.0060 0.0001 0.020764 0.018075 6.55 490 810 -0.02 -42.64 -0.0000 -0.0000
0.100 2 -2.548501 -4.689434 -12.385283 18.440247 1.754761 11.291504 10.72 9.55 9.0 9.0 -2.052 -1.489 -14.2344 -15.5433 0.0038 0.0000 0.018168 -0.001951 7.25 490 800 0.00 10.14 0.0000 0.0000
0.105 2 -11.040307 4.603125 -7.667080 1.922607 -12.512207 34.248352 75.13 73.79 9.0 9.0 2.065 2.274 -9.7991 -6.4394 0.0020 -0.0000 0.020764 0.036050 10.96 490 840 -0.04 74.46 0.0000 0.0000
0.110 2 -14.876245 -0.059937 -5.473403 -5.867004 -11.146545 28.976440 94.44 92.93 9.0 9.0 2.065 1.881 -2.3355 6.2896 0.0026 0.0000 0.023359 0.109115 9.00 490 880 -0.11 93.68 0.0000 0.0000
0.115 2 -6.125513 0.362017 -11.433491 -12.847900 -4.295349 27.069092 70.58 68.90 9.0 9.0 1.831 2.109 13.5227 15.1940 0.0044 0.0001 0.025955 0.173082 7.10 490 790 -0.17 69.74 0.0000 0.0000
0.120 2 8.959311 -1.817275 -10.448134 -11.634827 15.518188 14.793396 -9.23 -11.24 -9.0 -9.0 2.065 1.729 19.3181 22.1684 0.0072 0.0001 0.031146 0.164431 8.50 490 800 -0.16 -10.23 0.0000 0.0000
0.125 2 14.008364 -2.505347 -17.611748 7.385254 26.420593 16.197205 -25.64 -27.81 -9.0 -9.0 -2.648 -2.141 10.8182 10.9054 0.0095 0.0002 0.033741 0.118464 10.92 490 800 -0.12 -26.72 -0.0000 -0.0000
0.130 2 12.433232 4.253096 -11.606108 13.572693 25.619507 22.323608 -45.46 -47.80 -9.0 -9.0 -2.122 -1.989 -2.7882 2.4858 0.0093 0.0002 0.036337 0.069447 8.95 490 880 -0.07 -46.63 0.0000 0.0000
0.135 2 7.446514 3.891079 -14.291265 12.924194 7.164001 16.281128 -31.35 -33.70 -9.0 -9.0 -1.767 -2.141 -13.5227 -14.0861 0.0072 0.0001 0.036337 0.025469 7.13 490 800 -0.03 -32.52 -0.0000 -0.0000
0.140 2 -2.649194 -0.050347 -7.796543 13.748169 -3.791809 28.442383 23.27 20.75 9.0 9.0 1.831 1.210 -17.1173 -11.3636 0.0050 0.0000 0.038932 0.025098 7.85 490 790 -0.03 22.01 0.0000 0.0000
0.145 2 -15.998257 2.872158 -2.879350 -6.179810 -10.459900 56.076050 94.52 91.50 9.0 9.0 2.065 2.052 -6.7277 8.8384 0.0044 0.0000 0.046719 0.086717 5.62 490 830 -0.09 93.01 0.0000 0.0000
0.150 2 -9.050415 0.848701 -5.607661 -15.998840 -3.509521 52.940369 100.84 97.16 9.0 9.0 2.065 1.945 3.5774 13.5227 0.0052 0.0001 0.057101 0.159453 6.23 490 840 -0.16 99.00 0.0000 0.0000
0.155 2 0.721636 -2.116958 -6.456362 -12.771606 6.645203 37.437439 27.43 23.41 9.0 7.9 2.014 2.109 12.2934 18.0303 0.0072 0.0002 0.062292 0.189203 7.67 490 800 -0.19 25.42 0.0000 0.0000
0.160 2 8.563730 0.246938 -15.823241 -6.141663 18.455505 33.546448 -19.76 -24.11 -9.0 -9.0 -0.982 -2.141 18.5242 20.8041 0.0100 0.0004 0.067483 0.149514 8.10 490 790 -0.15 -21.94 0.0000 0.0000
0.165 2 9.616216 3.634551 -14.020351 6.523132 22.193909 33.035278 -22.17 -26.69 -9.0 -9.0 -2.325 -2.008 5.1613 8.3473 0.0115 0.0005 0.070078 0.104629 5.96 490 840 -0.10 -24.43 -0.0000 -0.0000
0.170 2 8.834643 -1.035703 -14.015556 12.878418 14.678955 28.915405 -26.65 -31.34 -9.0 -9.0 -2.299 -2.059 -2.1917 -2.7374 0.0109 0.0004 0.072674 0.063320 6.14 490 890 -0.06 -28.99 0.0000 0.0000
0.175 2 0.115078 -6.418003 -19.258802 12.321472 7.644653 16.494751 -1.10 -5.79 4.7 -0.0 -1.736 -2.141 -13.5227 -13.2575 0.0092 0.0003 0.072674 0.038519 7.13 490 780 -0.04 -3.44 -0.0000 -0.0000
0.180 2 -5.485391 2.057021 -7.053330 6.576538 -2.944946 35.621643 51.03 46.50 9.0 9.0 2.065 1.913 -10.4827 -9.8706 0.0074 0.0002 0.070078 0.058281 11.68 490 800 -0.06 48.76 0.0000 0.0000
0.185 2 -9.223032 2.337524 -1.915571 -6.904602 -8.781433 39.680481 101.34 96.66 9.0 9.0 2.046 1.894 -3.4235 -2.4632 0.0072 0.0002 0.072674 0.120200 9.97 490 870 -0.12 99.00 0.0000 0.0000
0.190 2 -6.427593 -2.349512 -7.154023 -13.580322 -0.480652 43.319702 82.09 77.40 9.0 9.0 2.065 1.995 9.7286 11.5579 0.0084 0.0002 0.072674 0.176381 7.64 490 810 -0.18 79.75 0.0000 0.0000
0.195 2 3.730449 0.079116 -11.833867 -13.740540 11.131287 44.197083 12.12 7.43 1.6 -1.6 1.761 1.698 18.5242 19.5981 0.0113 0.0004 0.072674 0.179101 7.28 490 790 -0.18 9.77 0.0000 0.0000
0.200 2 11.371157 1.059678 -13.063765 -1.174927 16.532898 27.374268 -23.11 -27.80 -9.0 -9.0 -2.280 -2.141 13.5227 15.9091 0.0137 0.0006 0.072674 0.139884 11.63 490 800 -0.14 -25.46 0.0000 0.0000
0.205 2 8.525371 -0.577788 -13.809375 8.033752 19.081116 33.630371 -26.73 -31.42 -9.0 -9.0 -2.540 -2.141 6.4089 4.0127 0.0145 0.0007 0.072674 0.096794 10.25 490 870 -0.10 -29.07 -0.0000 -0.0000
0.210 2 5.480596 -1.071665 -10.980371 13.389587 10.871887 22.270203 -21.48 -26.34 -8.0 -9.0 -1.824 -2.141 -7.8166 -8.3992 0.0135 0.0006 0.075269 0.060124 8.46 490 790 -0.06 -23.91 0.0000 0.0000
0.215 2 -0.213374 -3.363638 -11.898599 17.990112 4.501343 10.269165 15.29 10.60 9.0 9.0 -0.614 -0.912 -13.1288 -12.8788 0.0117 0.0005 0.072674 0.045316 7.64 490 800 -0.05 12.94 0.0000 0.0000
0.220 2 -8.482217 5.360723 -4.214736 0.740051 -4.714966 43.540955 72.06 67.04 9.0 9.0 2.052 1.900 -6.6288 -3.7773 0.0109 0.0004 0.077865 0.077580 9.82 490 870 -0.08 69.55 0.0000 0.0000
0.225 2 -7.935596 3.478716 -3.694487 -10.246277 -4.058838 32.402039 96.66 91.47 9.0 9.0 2.065 1.913 -2.2538 8.3473 0.0115 0.0005 0.080460 0.142979 7.15 490 840 -0.14 94.06 0.0000 0.0000
0.230 2 -4.605522 -3.039980 -8.141777 -11.398315 -0.885010 32.272339 62.58 56.88 9.0 9.0 2.065 1.710 11.0842 16.9034 0.0133 0.0006 0.088246 0.184624 7.64 490 790 -0.18 59.73 0.0000 0.0000
0.235 2 6.290937 -0.980561 -10.038169 -7.591248 12.557983 10.261536 -1.90 -7.92 -6.5 -9.0 0.880 -0.386 18.7815 23.3150 0.0161 0.0009 0.093437 0.167885 7.70 490 800 -0.17 -4.91 0.0000 0.0000
0.240 2 10.944408 -0.023975 -13.747041 0.335693 16.494751 13.496399 -23.87 -29.90 -9.0 -9.0 -2.382 -2.141 9.8706 11.4599 0.0181 0.0011 0.093437 0.121179 10.14 490 810 -0.12 -26.89 -0.0000 -0.0000
0.245 2 7.777363 2.126548 -13.090137 7.522583 13.999939 12.374878 -25.61 -31.81 -9.0 -9.0 -2.179 -2.027 -2.4148 2.2024 0.0179 0.0010 0.096033 0.075437 7.88 490 890 -0.08 -28.71 0.0000 0.0000
0.250 2 2.169702 -2.742695 -19.639999 13.465881 2.243042 1.159668 -12.61 -18.64 -1.4 -6.6 -2.274 -2.059 -13.0026 -13.1288 0.0161 0.0009 0.093437 0.041739 7.18 490 790 -0.04 -15.62 -0.0000 -0.0000
0.255 2 -8.630859 -0.014385 -7.973955 11.230469 -13.946533 11.367798 53.05 47.02 9.0 9.0 2.065 1.970 -11.2689 -10.4021 0.0145 0.0007 0.093437 0.053070 9.25 490 790 -0.05 50.04 0.0000 0.0000
0.260 2 -12.176703 1.364155 -7.707837 -3.105164 -16.342163 18.005371 92.83 86.63 9.0 9.0 2.065 1.983 -2.9333 6.1467 0.0143 0.0007 0.096033 0.112562 5.98 490 870 -0.11 89.73 0.0000 0.0000
0.265 2 -9.170288 -2.838594 -6.744057 -12.001038 -11.665344 13.069153 97.20 90.83 9.0 9.0 2.065 1.723 9.8706 13.3888 0.0157 0.0008 0.098628 0.173068 6.64 490 810 -0.17 94.02 0.0000 0.0000
0.270 2 4.279468 -1.551157 -9.561074 -16.952515 0.564575 13.977051 12.35 5.82 2.4 -2.6 2.065 1.698 17.1173 19.8863 0.0183 0.0011 0.101224 0.183705 8.40 490 810 -0.18 9.09 0.0000 0.0000
0.275 2 11.181758 0.007192 -14.418329 -2.105713 9.475708 -8.895874 -27.32 -33.86 -9.0 -9.0 -2.458 -2.141 17.1173 16.9034 0.0211 0.0014 0.101224 0.141005 11.52 490 790 -0.14 -30.59 0.0000 0.0000
0.280 2 9.997412 1.623081 -11.001948 6.286621 9.918213 -1.861572 -35.23 -41.93 -9.0 -9.0 -2.287 -2.052 -7.7717 5.2010 0.0217 0.0015 0.103819 0.093011 9.82 490 840 -0.09 -38.58 -0.0000 -0.0000
0.285 2 6.233398 0.309272 -12.462002 13.786316 0.465393 -9.948730 -23.51 -30.38 -7.9 -9.0 -2.211 -2.109 -11.5579 -6.5013 0.0207 0.0013 0.106415 0.051813 7.42 490 830 -0.05 -26.95 0.0000 0.0000
0.290 2 0.397979 -4.476059 -12.037651 21.888733 -9.757996 -21.324158 11.41 4.21 9.0 4.4 0.519 -1.305 -15.9091 -11.5579 0.0187 0.0011 0.111606 0.037534 7.63 490 800 -0.04 7.81 0.0000 0.0000
0.295 2 -9.342905 4.301045 -8.199316 0.831604 -20.774841 24.093628 62.32 55.12 9.0 9.0 2.065 2.059 -5.7543 -4.3066 0.0179 0.0010 0.111606 0.067528 10.25 490 870 -0.07 58.72 0.0000 0.0000
0.300 2 -11.747559 4.804512 -6.962226 -9.765625 -14.999390 18.402100 102.68 95.32 9.0 9.0 2.065 1.919 7.5970 11.7589 0.0189 0.0012 0.114201 0.134227 7.40 490 800 -0.13 99.00 0.0000 0.0000
0.305 2 -4.655869 -1.716582 -5.703559 -12.573242 -6.423950 18.310547 73.38 66.01 9.0 9.0 1.919 1.818 16.9034 18.0303 0.0213 0.0014 0.114201 0.181181 7.21 490 800 -0.18 69.70 0.0000 0.0000
0.310 2 7.170805 -1.661440 -9.644985 -4.455566 3.334045 -9.460449 -8.34 -15.71 -9.0 -9.0 -0.766 -2.141 23.3150 22.1684 0.0245 0.0018 0.114201 0.157645 8.21 490 780 -0.16 -12.02 0.0000 0.0000
0.315 2 9.218237 -0.642520 -10.690278 0.076294 7.034302 -9.780884 -30.68 -37.71 -9.0 -9.0 -2.147 -2.021 11.5579 9.5906 0.0265 0.0020 0.109010 0.107914 6.91 490 810 -0.11 -34.19 -0.0000 -0.0000
0.320 2 4.979526 2.963262 -12.603452 5.142212 7.087708 -19.447327 -16.91 -23.61 -9.0 -9.0 -2.331 -1.957 3.6548 -2.4234 0.0265 0.0020 0.103819 0.066098 6.72 490 880 -0.07 -20.26 0.0000 0.0000
0.325 2 -0.234951 -3.900669 -19.639999 7.171631 -0.099182 -6.401062 2.44 -3.93 3.2 1.2 -1.584 -1.951 -8.1462 -11.8620 0.0253 0.0019 0.098628 0.046286 6.69 490 780 -0.05 -0.75 -0.0000 -0.0000
0.330 2 -6.075166 0.697661 -9.038427 8.316040 -13.618469 26.008606 44.61 38.58 9.0 9.0 1.672 0.792 -5.5649 -6.6614 0.0241 0.0018 0.093437 0.050362 11.77 490 880 -0.05 41.60 0.0000 0.0000
0.335 2 -11.296836 3.253354 -6.780019 -3.250122 -15.487671 25.642395 90.25 84.23 9.0 9.0 2.065 2.217 2.2842 3.5215 0.0245 0.0018 0.093437 0.099318 10.60 490 870 -0.10 87.24 0.0000 0.0000
0.340 2 -6.962226 -5.255234 -5.490185 -9.887695 -7.225037 29.487610 97.21 91.18 9.0 9.0 2.065 2.179 14.5405 14.3858 0.0265 0.0020 0.093437 0.157373 9.35 490 800 -0.16 94.19 0.0000 0.0000
0.345 2 1.647056 -3.490703 -6.835161 -9.719849 1.396179 18.051147 9.90 3.88 -1.4 -4.5 1.869 1.742 21.8108 21.4646 0.0293 0.0023 0.093437 0.167867 7.04 490 780 -0.17 6.89 0.0000 0.0000
0.350 2 8.268843 2.797837 -14.233726 -7.255554 17.974854 2.723694 -17.04 -22.73 -9.0 -9.0 -2.325 -2.141 21.1292 17.5619 0.0325 0.0026 0.088246 0.128423 12.04 490 780 -0.13 -19.89 -0.0000 -0.0000
0.355 2 7.782158 0.565801 -11.877021 2.616882 21.797180 -3.288269 -23.32 -28.68 -9.0 -9.0 -2.616 -2.141 8.5587 4.1737 0.0337 0.0027 0.083056 0.085883 10.12 490 840 -0.09 -26.00 0.0000 0.0000
0.360 2 6.032012 0.683276 -12.874365 5.577087 16.944885 5.302429 -20.64 -25.66 -9.0 -9.0 -2.255 -2.071 -2.5856 -8.8384 0.0329 0.0026 0.077865 0.052576 7.66 490 850 -0.05 -23.15 -0.0000 -0.0000
0.365 2 -2.061816 -1.752544 -10.143657 16.906738 -0.595093 10.421753 8.29 3.27 8.8 4.7 0.424 -0.114 -11.5579 -10.3227 0.0313 0.0025 0.077865 0.040108 6.93 490 790 -0.04 5.78 0.0000 0.0000
0.370 2 -10.373814 3.694487 -6.046396 5.462646 -7.446289 32.554626 75.40 70.21 9.0 9.0 2.065 2.274 -3.3063 -4.0731 0.0311 0.0025 0.080460 0.067635 10.68 490 890 -0.07 72.81 0.0000 0.0000
0.375 2 -12.680170 1.795698 -4.363379 -4.852295 -4.928589 27.359009 98.62 93.10 9.0 9.0 2.065 1.596 8.6684 14.0861 0.0323 0.0026 0.085651 0.128143 8.91 490 810 -0.13 95.86 0.0000 0.0000
0.380 2 -1.690210 -6.238193 -9.721704 -12.573242 7.629395 29.357910 51.47 46.11 9.0 9.0 1.843 2.141 17.7930 18.7815 0.0349 0.0028 0.083056 0.177212 7.89 490 790 -0.18 48.79 0.0000 0.0000
0.385 2 10.879678 4.150005 -11.577338 -7.339478 17.349243 4.455566 -32.64 -38.00 -9.0 -9.0 0.291 -0.317 25.5145 22.5378 0.0381 0.0031 0.083056 0.148415 8.02 490 780 -0.15 -35.32 -0.0000 -0.0000
0.390 2 8.256855 -3.128686 -11.246489 4.417419 21.087646 -3.791809 -28.21 -33.23 -9.0 -9.0 -2.122 -2.040 15.5433 11.7589 0.0405 0.0032 0.077865 0.104610 8.81 490 810 -0.10 -30.72 0.0000 0.0000
0.395 2 5.974473 0.853496 -11.093051 4.661560 24.345398 -2.334595 -19.14 -23.83 -9.0 -9.0 -2.312 -1.983 5.3875 -3.3891 0.0409 0.0033 0.072674 0.067703 5.93 490 880 -0.07 -21.48 -0.0000 -0.0000
0.400 2 2.634809 0.508262 -19.479370 4.943848 12.611389 9.658813 -3.40 -7.92 0.6 -1.5 -1.742 -1.723 -9.5230 -10.7323 0.0395 0.0032 0.070078 0.046160 6.53 490 800 -0.05 -5.66 0.0000 0.0000
0.405 2 -4.430508 2.080996 -7.492065 14.289856 -5.950928 32.264709 27.65 23.12 9.0 9.0 1.482 0.557 -6.5964 -7.0799 0.0387 0.0031 0.070078 0.044990 11.55 490 840 -0.04 25.38 0.0000 0.0000
0.410 2 -10.304287 2.905723 -4.919590 -0.808716 -11.238098 48.301697 93.14 88.45 9.0 9.0 2.065 2.236 3.2274 2.1602 0.0389 0.0031 0.072674 0.092693 10.81 490 880 -0.09 90.80 0.0000 0.0000
0.415 2 -8.427075 -0.045552 -3.135879 -7.019043 -6.095886 44.403076 101.51 96.49 9.0 9.0 2.065 2.154 10.7323 15.1940 0.0405 0.0033 0.077865 0.157462 9.21 490 800 -0.16 99.00 0.0000 0.0000
0.420 2 1.961123 -5.972075 -7.115664 -1.907349 4.333496 25.222778 29.49 24.47 9.0 7.1 2.065 1.653 20.1831 20.4889 0.0433 0.0035 0.077865 0.165280 7.13 490 770 -0.17 26.98 0.0000 0.0000
0.425 2 7.887646 0.664097 -13.564834 -11.520386 23.361206 18.218994 -14.74 -19.59 -9.0 -9.0 -2.407 -2.122 19.3181 18.2739 0.0463 0.0037 0.075269 0.123515 8.78 490 800 -0.12 -17.17 0.0000 0.0000
0.430 2 7.949980 3.766411 -14.087480 -2.151489 30.265808 -1.213074 -25.13 -29.65 -9.0 -9.0 -2.268 -1.983 6.5013 4.1481 0.0475 0.0038 0.070078 0.081972 6.20 490 890 -0.08 -27.39 -0.0000 -0.0000
0.435 2 4.917192 3.116699 -14.571767 1.472473 23.056030 1.152039 -16.69 -21.21 -6.3 -9.0 -2.299 -2.014 -6.0369 -8.5048 0.0467 0.0037 0.070078 0.049414 6.28 490 840 -0.05 -18.95 0.0000 0.0000
0.440 2 -1.297026 -11.076269 -15.456430 16.555786 1.388550 6.973267 11.25 6.89 9.0 6.0 -0.918 -1.698 -11.3636 -9.5906 0.0453 0.0036 0.067483 0.035465 6.82 490 800 -0.04 9.07 0.0000 0.0000
0.445 2 -8.256855 5.705957 -8.139380 1.243591 -9.208679 43.296814 69.18 64.65 9.0 9.0 2.065 2.166 -5.3030 -5.2010 0.0443 0.0036 0.070078 0.063546 10.82 490 860 -0.06 66.92 0.0000 0.0000
0.450 2 -12.152729 1.927559 -2.735503 -6.568909 -12.702942 30.525208 101.34 96.66 9.0 9.0 2.065 1.831 9.5230 13.0026 0.0457 0.0037 0.072674 0.131596 9.07 490 800 -0.13 99.00 0.0000 0.0000
0.455 2 -2.951274 -3.663320 -6.178257 -13.046265 2.006531 33.676147 56.61 51.75 9.0 9.0 2.065 2.084 15.1940 18.2739 0.0479 0.0038 0.075269 0.178387 8.45 490 800 -0.18 54.18 0.0000 0.0000
0.460 2 6.688916 2.236831 -9.211044 -8.239746 15.800476 13.504028 -23.92 -28.95 -9.0 -9.0 -1.064 -0.918 20.4889 21.8108 0.0509 0.0041 0.077865 0.148744 7.20 490 780 -0.15 -26.44 0.0000 0.0000
0.465 2 9.867949 -2.728310 -12.792851 -0.160217 26.199341 7.125854 -24.22 -29.25 -9.0 -9.0 -2.166 -2.027 8.2455 10.4827 0.0529 0.0042 0.077865 0.102406 6.25 490 800 -0.10 -26.74 -0.0000 -0.0000
0.470 2 9.088774 0.930215 -12.421245 1.602173 25.817871 4.890442 -25.59 -30.61 -9.0 -9.0 -2.236 -2.065 2.4950 2.3724 0.0529 0.0042 0.077865 0.063221 6.23 490 880 -0.06 -28.10 0.0000 0.0000
0.475 2 1.675825 -3.936631 -19.639999 12.649536 11.177063 3.601074 -1.00 -5.69 0.8 -2.0 -0.671 -1.780 -6.1467 -8.9554 0.0517 0.0041 0.072674 0.044607 6.60 490 840 -0.04 -3.35 -0.0000 -0.0000
0.480 2 -8.777104 4.209941 -9.115147 10.841370 -5.378723 23.979187 43.72 39.20 9.0 9.0 2.065 1.514 -3.1158 -5.4748 0.0511 0.0041 0.070078 0.053940 11.56 490 870 -0.05 41.46 0.0000 0.0000
0.485 2 -11.788315 3.025596 -4.358584 -1.869202 -9.170532 29.212952 97.21 92.52 9.0 9.0 2.065 2.014 8.5587 9.8706 0.0521 0.0042 0.072674 0.114752 10.71 490 800 -0.11 94.86 0.0000 0.0000
0.490 2 -5.600469 -2.500552 -6.154282 -8.216858 -2.990723 22.010803 98.46 94.11 9.0 9.0 2.065 2.160 17.1173 15.9091 0.0545 0.0043 0.067483 0.184718 10.65 490 810 -0.18 96.29 0.0000 0.0000
0.495 2 7.451308 -2.138535 -4.102056 -7.942200 10.864258 14.190674 -37.94 -42.29 -9.0 -9.0 1.533 1.413 25.0420 22.9198 0.0577 0.0046 0.067483 0.174277 9.38 490 790 -0.17 -40.11 0.0000 0.0000
0.500 2 8.379126 -1.723774 -14.152211 -6.629944 29.304504 5.104065 -19.02 -23.21 -9.0 -9.0 -2.711 -2.141 16.2924 12.4061 0.0603 0.0047 0.064887 0.125396 10.60 490 820 -0.13 -21.11 -0.0000 -0.0000
0.505 2 8.884990 2.536514 -13.382627 -2.601624 35.514832 8.911133 -25.80 -29.82 -9.0 -9.0 -2.179 -1.938 4.3481 2.7882 0.0609 0.0048 0.062292 0.081134 8.50 490 870 -0.08 -27.81 0.0000 0.0000
0.510 2 5.094604 -2.037842 -19.639999 9.727478 22.903442 8.522034 -10.58 -14.43 -4.5 -6.6 -2.198 -2.103 -8.3992 -9.0756 0.0595 0.0047 0.059696 0.050071 7.07 490 800 -0.05 -12.50 -0.0000 -0.0000
0.515 2 -7.616733 -0.107886 -9.170288 12.420654 -4.531860 27.946472 38.75 34.73 9.0 9.0 2.065 0.621 -7.8166 -6.5013 0.0585 0.0046 0.062292 0.051413 8.26 490 840 -0.05 36.74 0.0000 0.0000
0.520 2 -15.185517 1.378540 -5.825830 1.579285 -15.205383 20.370483 101.01 96.99 9.0 9.0 2.065 1.919 5.7300 6.2605 0.0589 0.0046 0.062292 0.111227 8.59 490 870 -0.11 99.00 0.0000 0.0000
0.525 2 -8.678808 -2.574873 1.596709 -7.560730 -14.091492 23.086548 100.93 97.07 9.0 9.0 2.065 1.900 16.2924 13.7987 0.0607 0.0048 0.059696 0.193505 7.21 490 810 -0.19 99.00 0.0000 0.0000
0.530 2 0.649712 -0.501069 -10.275517 -13.786316 4.745483 13.244629 40.63 36.78 9.0 9.0 2.065 1.710 21.4646 19.5981 0.0636 0.0049 0.059696 0.220694 7.85 490 790 -0.22 38.70 0.0000 0.0000
0.535 2 14.955360 -2.637207 -14.178583 -11.917114 23.696899 13.252258 -26.32 -30.17 -9.0 -9.0 -2.553 -2.040 17.7930 19.5981 0.0668 0.0051 0.059696 0.161733 8.40 490 800 -0.16 -28.25 0.0000 0.0000
0.540 2 11.332797 2.471782 -17.038754 -4.302979 34.339905 12.733459 -25.97 -29.82 -9.0 -9.0 -2.204 -2.122 6.3786 3.8747 0.0676 0.0052 0.059696 0.114279 5.35 490 870 -0.11 -27.89 -0.0000 -0.0000
0.545 2 5.353530 -0.338042 -19.639999 5.828857 28.404236 10.612488 -8.58 -12.27 -2.5 -3.6 -2.185 -2.141 -4.8468 -11.6575 0.0666 0.0051 0.057101 0.077910 6.28 490 840 -0.08 -10.42 0.0000 0.0000
0.550 2 1.905981 -1.999482 -10.882075 17.303467 2.967834 15.800476 19.10 15.58 9.0 9.0 0.165 -0.006 -9.2621 -11.0842 0.0652 0.0050 0.054505 0.068175 9.71 490 800 -0.07 17.34 0.0000 0.0000
0.555 2 -14.454291 -0.151040 -4.049311 7.728577 -11.741638 11.535645 100.76 97.24 9.0 9.0 2.065 2.014 3.5124 5.0647 0.0652 0.0050 0.054505 0.112344 9.14 490 870 -0.11 99.00 0.0000 0.0000
0.560 2 -10.071733 -1.081255 2.754683 -2.647400 -13.450623 15.815735 100.67 97.33 9.0 9.0 2.065 1.679 15.3667 13.2575 0.0670 0.0051 0.051910 0.192998 6.71 490 800 -0.19 99.00 0.0000 0.0000
0.565 2 0.175015 2.090586 -3.500293 -11.238098 -2.586365 12.878418 45.62 42.43 9.0 9.0 2.065 2.084 20.4889 19.3181 0.0696 0.0053 0.049314 0.251726 8.61 490 790 -0.25 44.02 0.0000 0.0000
0.570 2 10.764599 -4.358584 -16.247593 -15.396118 22.964478 6.912231 -22.39 -25.40 -9.0 -9.0 -1.406 -1.362 23.3150 20.4889 0.0730 0.0054 0.046719 0.204884 8.05 490 780 -0.20 -23.90 0.0000 0.0000
0.575 2 12.394873 0.115078 -16.055796 -2.304077 40.512085 -0.480652 -17.68 -20.53 -9.0 -9.0 -2.363 -1.964 9.6591 7.6399 0.0744 0.0055 0.044123 0.156721 6.12 490 800 -0.16 -19.10 -0.0000 -0.0000
0.580 2 12.924711 5.305581 -17.736416 -3.395081 39.520264 15.617371 -24.74 -27.42 -9.0 -9.0 -2.249 -2.014 -2.7154 -2.8114 0.0738 0.0055 0.041528 0.107895 6.14 490 890 -0.11 -26.08 0.0000 0.0000
0.585 2 3.706475 -6.552260 -13.593603 22.880554 12.397766 -2.601624 8.24 5.40 8.4 5.5 -0.690 -1.153 -10.9941 -9.0756 0.0724 0.0054 0.044123 0.083039 6.77 490 800 -0.08 6.82 0.0000 0.0000
0.590 2 -10.469711 7.247524 -4.320224 6.256104 -0.831604 22.155762 84.46 81.45 9.0 9.0 2.065 2.090 11.7589 7.1929 0.0722 0.0054 0.046719 0.113148 10.09 490 800 -0.11 82.96 0.0000 0.0000
0.595 2 -17.841904 2.471782 -1.316206 2.052307 -9.117126 5.561829 100.59 97.41 9.0 9.0 1.850 1.729 8.6132 12.5210 0.0732 0.0054 0.049314 0.196123 6.74 490 810 -0.20 99.00 0.0000 0.0000
0.600 2 -7.688657 -3.289316 -6.861533 -11.260986 1.190186 13.511658 100.59 97.41 9.0 9.0 2.065 1.989 18.0303 19.5981 0.0760 0.0056 0.049314 0.291262 8.24 490 800 -0.29 99.00 0.0000 0.0000
0.605 2 10.654316 1.723774 -10.325864 -21.224976 23.582458 4.379272 -16.53 -19.71 -9.0 -9.0 1.191 0.798 24.5867 23.7240 0.0792 0.0058 0.049314 0.261661 8.10 490 780 -0.26 -18.12 -0.0000 -0.0000
0.610 2 14.279277 -2.591655 -17.491875 0.923157 42.442322 -16.960144 -12.88 -16.07 -9.0 -9.0 -2.274 -2.027 10.9941 8.7810 0.0816 0.0059 0.049314 0.207328 9.62 490 800 -0.21 -14.48 0.0000 0.0000
0.615 2 11.320810 2.910517 -14.010761 -2.273560 46.318054 2.479553 -28.71 -31.72 -9.0 -9.0 -2.154 -2.141 2.4587 -3.5033 0.0814 0.0059 0.046719 0.156972 6.68 490 880 -0.16 -30.21 -0.0000 -0.0000
0.620 2 -5.216875 -10.201196 -19.639999 15.724182 27.709961 -2.021790 19.40 16.39 9.0 9.0 -2.059 -1.976 -11.0842 -10.4827 0.0798 0.0058 0.046719 0.121430 6.41 490 790 -0.12 17.89 0.0000 0.0000
0.625 2 -9.223032 4.063696 -5.641225 8.354187 11.291504 15.686035 91.88 88.87 9.0 9.0 1.774 1.349 -5.6345 -5.2414 0.0790 0.0057 0.046719 0.135176 11.11 490 870 -0.14 90.37 0.0000 0.0000
0.630 2 -14.339213 0.877471 -0.321260 5.867004 -10.032654 -2.479553 100.59 97.41 9.0 9.0 1.799 1.881 2.0772 7.1929 0.0796 0.0058 0.049314 0.210594 9.76 490 840 -0.21 99.00 0.0000 0.0000
0.635 2 -7.022163 -1.706992 -2.227241 -5.264282 -14.389038 8.529663 100.67 97.33 9.0 9.0 2.065 1.983 15.5433 17.3368 0.0818 0.0059 0.051910 0.306345 8.08 490 800 -0.31 99.00 0.0000 0.0000
0.640 2 2.524526 1.138794 -8.290420 -11.444092 7.583618 -9.635925 16.76 13.41 2.4 -0.1 1.615 1.413 21.4646 22.5378 0.0850 0.0061 0.051910 0.299612 7.39 490 780 -0.30 15.09 0.0000 0.0000
0.645 2 12.567490 -8.307202 -16.238003 -5.462646 37.628174 -11.894226 -4.47 -7.82 -9.0 -8.6 -2.413 -2.141 17.7930 12.6380 0.0879 0.0062 0.051910 0.242560 11.72 490 800 -0.24 -6.14 -0.0000 -0.0000
0.650 2 16.019833 7.050932 -15.945512 -6.752014 52.696228 -6.904602 -14.31 -17.49 -6.9 -8.2 -1.546 -1.400 3.0874 2.5371 0.0881 0.0062 0.049314 0.195413 9.75 490 860 -0.20 -15.90 0.0000 0.0000
0.655 2 8.621269 -2.306357 -19.639999 8.850098 34.538269 -3.135681 -12.38 -15.39 -2.2 -3.4 -1.983 -2.033 -7.9080 -9.1370 0.0871 0.0062 0.046719 0.146639 10.98 490 800 -0.15 -13.89 -0.0000 -0.0000
0.660 2 -11.277656 1.407310 -11.704404 13.305664 13.015747 18.714905 65.61 62.77 9.0 9.0 2.065 2.065 -4.8818 -6.2605 0.0861 0.0061 0.044123 0.144962 11.61 490 870 -0.14 64.19 0.0000 0.0000
0.665 2 -19.639999 0.831919 -2.888940 6.370544 -1.411438 0.442505 100.42 97.58 9.0 9.0 2.065 2.002 8.9554 5.9310 0.0869 0.0062 0.044123 0.213930 9.94 490 840 -0.21 99.00 0.0000 0.0000
0.670 2 -4.595932 -0.987754 4.900410 -4.386902 -9.971619 16.571045 100.34 97.66 9.0 9.0 1.736 2.147 19.3181 17.7930 0.0895 0.0063 0.041528 0.302064 7.44 490 810 -0.30 99.00 0.0000 0.0000
0.675 2 1.965918 1.872417 -6.360464 -9.948730 7.591248 5.355835 14.35 11.67 -0.6 -0.9 1.539 1.812 24.5867 22.5378 0.0927 0.0064 0.041528 0.310488 7.70 490 780 -0.31 13.01 0.0000 0.0000
0.680 2 14.372778 -7.983545 -15.410878 -2.685547 38.810730 -10.894775 -7.90 -10.24 -9.0 -9.0 -2.268 -2.141 20.4889 16.6947 0.0959 0.0065 0.036337 0.252048 11.88 490 800 -0.25 -9.07 -0.0000 -0.0000
0.685 2 11.318413 7.237934 -14.463881 -4.005432 49.171448 -4.745483 -19.83 -22.01 -9.0 -9.0 -2.318 -1.989 4.4629 3.1158 0.0965 0.0066 0.033741 0.194794 9.84 490 870 -0.19 -20.92 0.0000 0.0000
0.690 2 8.451050 -2.335127 -19.639999 0.823975 39.337158 7.148743 -9.27 -11.28 -1.1 -1.5 -2.356 -1.976 -9.1370 -9.7991 0.0955 0.0065 0.031146 0.147876 7.50 490 800 -0.15 -10.28 -0.0000 -0.0000
0.695 2 -5.077822 2.258408 -10.285107 15.525818 13.519287 22.033691 52.22 50.21 9.0 9.0 2.065 1.780 -8.5587 -7.6833 0.0943 0.0065 0.031146 0.143765 11.52 490 790 -0.14 51.22 0.0000 0.0000
0.700 2 -19.639999 1.018921 -1.838853 4.898071 -3.959656 20.500183 100.17 97.83 9.0 9.0 2.065 1.983 2.6831 10.7323 0.0951 0.0065 0.036337 0.206867 10.00 490 840 -0.21 99.00 0.0000 0.0000
0.705 2 -9.163095 -2.613232 2.829004 -3.387451 -6.942749 19.157410 100.17 97.83 9.0 9.0 2.065 1.603 17.1173 18.7815 0.0975 0.0066 0.036337 0.285694 7.61 490 800 -0.29 99.00 0.0000 0.0000
0.710 2 2.996826 2.975249 -4.193159 -3.868103 2.937317 3.234863 20.32 17.98 2.7 2.1 2.065 1.666 24.5867 23.3150 0.1007 0.0067 0.036337 0.312272 8.59 490 790 -0.31 19.15 0.0000 0.0000
0.715 2 15.046464 -8.700385 -13.219599 -4.653931 29.609680 -4.936218 -18.41 -20.75 -9.0 -9.0 -2.439 -2.141 22.5378 19.8863 0.1043 0.0069 0.036337 0.247727 11.53 490 800 -0.25 -19.58 0.0000 0.0000
0.720 2 11.265669 7.041343 -15.274223 -4.295349 45.028687 -9.330750 -16.26 -18.27 -9.0 -9.0 -2.230 -2.014 7.5546 4.5531 0.1055 0.0069 0.031146 0.191907 9.76 490 840 -0.19 -17.26 -0.0000 -0.0000
0.725 2 13.610385 0.043154 -19.639999 -3.906250 41.954041 4.455566 -9.76 -11.60 -2.5 -2.1 -1.235 -1.134 -6.7277 -9.7991 0.1045 0.0069 0.028550 0.151543 7.10 490 840 -0.15 -10.68 0.0000 0.0000
0.730 2 -0.937407 -1.740557 -13.998774 18.394470 12.039185 7.263184 25.30 23.29 9.0 9.0 1.140 1.052 -4.9353 -3.9425 0.1039 0.0069 0.031146 0.133980 11.63 490 870 -0.13 24.30 0.0000 0.0000
0.735 2 -18.016918 -0.290093 0.105488 8.468628 -3.662109 15.213013 100.00 98.00 9.0 9.0 2.065 2.166 6.2317 10.4021 0.1047 0.0069 0.031146 0.178015 10.31 490 830 -0.18 99.00 0.0000 0.0000
0.740 2 -12.728120 0.834316 0.692866 -2.899170 -4.722595 17.753601 100.00 98.00 9.0 9.0 1.837 1.634 18.2739 19.3181 0.1072 0.0070 0.031146 0.254039 8.32 490 810 -0.25 99.00 0.0000 0.0000
0.745 2 -1.908379 -0.143848 -6.235795 -3.608704 3.631592 5.935669 78.56 76.55 9.0 9.0 -0.918 -0.779 25.0420 24.5867 0.1108 0.0071 0.031146 0.259317 8.69 490 770 -0.26 77.55 0.0000 0.0000
0.750 2 12.905532 -4.850063 -12.032856 -7.957458 23.605347 -9.513855 -16.00 -17.84 -9.0 -9.0 -1.736 -1.622 21.4646 14.6986 0.1138 0.0072 0.028550 0.208620 12.81 490 800 -0.21 -16.92 -0.0000 -0.0000
0.755 2 13.320292 2.112163 -12.450014 -1.808167 28.900146 -34.065247 -30.86 -32.03 -9.0 -9.0 -2.591 -2.021 7.6833 3.6647 0.1150 0.0072 0.018168 0.157903 10.38 490 850 -0.16 -31.44 0.0000 0.0000
0.760 2 13.830952 2.728310 -15.722548 -11.383057 21.820068 -7.919312 -28.69 -29.70 -9.0 -9.0 -2.274 -1.660 -3.9310 -7.8620 0.1144 0.0072 0.015573 0.112997 9.11 490 850 -0.11 -29.20 -0.0000 -0.0000
0.765 2 1.215513 -7.444116 -15.046464 16.899109 -8.659363 -12.214661 6.92 5.58 8.1 4.9 0.557 0.076 -11.4599 -6.7277 0.1132 0.0072 0.020764 0.091193 7.66 490 830 -0.09 6.25 0.0000 0.0000
0.770 2 -11.119424 3.802373 -5.897754 7.774353 -22.125244 11.528015 77.79 75.95 9.0 9.0 2.065 2.008 -3.0874 8.0492 0.1134 0.0072 0.028550 0.116843 10.22 490 840 -0.12 76.87 0.0000 0.0000
0.775 2 -11.761943 5.116181 -3.543447 0.030518 -23.460388 6.889343 99.92 98.08 9.0 9.0 2.065 1.907 12.7573 16.0984 0.1154 0.0072 0.028550 0.189607 8.50 490 810 -0.19 99.00 0.0000 0.0000
0.780 2 -2.145727 -8.731552 -6.957431 0.709534 -21.835327 -6.217957 83.70 81.85 9.0 9.0 2.065 1.875 21.4646 20.8041 0.1182 0.0073 0.028550 0.255222 7.32 490 780 -0.26 82.78 0.0000 0.0000
0.785 2 7.192383 0.987754 -10.232363 -14.022827 9.201050 -18.859863 -32.36 -34.04 -9.0 -9.0 0.190 0.367 28.7717 25.0420 0.1220 0.0074 0.025955 0.230706 7.78 490 780 -0.23 -33.20 -0.0000 -0.0000
0.790 2 9.345303 -4.699023 -11.802700 -4.127502 25.215149 -44.654846 -19.68 -20.85 -9.0 -9.0 -2.420 -1.926 17.3368 10.0168 0.1246 0.0075 0.018168 0.177577 9.11 490 810 -0.18 -20.26 0.0000 0.0000
0.795 2 8.645244 6.300527 -12.941494 -8.369446 32.096863 -37.467957 -21.50 -22.34 -9.0 -9.0 -2.325 -2.071 6.8296 2.2689 0.1251 0.0075 0.012977 0.126655 5.65 490 840 -0.13 -21.92 -0.0000 -0.0000
0.800 2 9.628202 -9.165493 -19.639999 8.140564 21.965027 -19.599915 -16.68 -17.35 -8.8 -8.6 -1.919 -1.717 -5.3239 -7.4301 0.1240 0.0075 0.010382 0.087946 6.33 490 830 -0.09 -17.02 0.0000 0.0000
0.805 2 -3.893476 4.797319 -10.342647 10.017395 0.144958 22.491455 21.94 21.11 9.0 9.0 -0.291 -0.158 -10.6478 -6.7277 0.1230 0.0074 0.012977 0.076313 7.77 490 830 -0.08 21.52 0.0000 0.0000
0.810 2 -14.492651 -0.748008 -4.516816 11.512756 -14.213562 1.419067 99.50 98.50 9.0 9.0 2.065 2.192 -3.3389 5.9051 0.1228 0.0074 0.015573 0.123767 10.28 490 870 -0.12 99.00 0.0000 0.0000
0.815 2 -7.973955 0.143848 2.021060 -6.668091 -17.372131 18.180847 99.59 98.41 9.0 9.0 2.065 1.653 13.3888 14.0861 0.1246 0.0075 0.018168 0.197767 7.93 490 800 -0.20 99.00 0.0000 0.0000
0.820 2 -0.829521 -0.678481 -6.827969 -13.114929 1.487732 5.287170 50.38 49.04 9.0 9.0 2.065 1.685 20.4889 20.4889 0.1277 0.0075 0.020764 0.244082 7.88 490 780 -0.24 49.71 0.0000 0.0000
0.825 2 9.903911 -2.162510 -10.894062 -17.051697 26.832581 -9.399414 -28.47 -29.64 -9.0 -9.0 -0.938 -0.766 25.0420 23.3150 0.1311 0.0076 0.018168 0.204797 7.94 490 790 -0.20 -29.05 0.0000 0.0000
0.830 2 11.658853 -0.815137 -12.972661 -1.594543 40.725708 -13.626099 -25.87 -26.71 -9.0 -9.0 -2.223 -2.002 9.1991 8.6132 0.1331 0.0076 0.012977 0.152568 6.50 490 810 -0.15 -26.29 -0.0000 -0.0000
0.835 2 13.265151 3.756821 -12.471591 0.976562 36.598206 8.903503 -40.09 -40.93 -9.0 -9.0 -2.306 -1.976 -3.0457 -2.8833 0.1327 0.0076 0.012977 0.097288 6.11 490 880 -0.10 -40.51 0.0000 0.0000
0.840 2 0.522646 -8.786695 -19.639999 23.826599 15.724182 0.595093 -5.53 -6.20 -1.7 -1.3 -2.268 -2.027 -10.0168 -10.9054 0.1313 0.0076 0.010382 0.065754 6.91 490 800 -0.07 -5.86 -0.0000 -0.0000
0.845 2 -7.022163 4.461675 -9.148710 11.405945 -8.033752 32.249451 50.63 49.79 9.0 9.0 2.065 2.147 -6.7613 -5.3239 0.1303 0.0076 0.012977 0.079741 11.30 490 860 -0.08 50.21 0.0000 0.0000
0.850 2 -16.055796 5.013091 -4.214736 -1.754761 -18.119812 23.048401 99.50 98.50 9.0 9.0 2.065 1.596 8.0016 10.2445 0.1313 0.0076 0.015573 0.150448 9.46 490 800 -0.15 99.00 0.0000 0.0000
0.855 2 -3.056763 -0.388389 0.311670 -10.536194 -15.922546 22.918701 99.50 98.50 9.0 9.0 2.065 2.071 16.0984 17.3368 0.1333 0.0076 0.015573 0.234364 7.85 490 800 -0.23 99.00 0.0000 0.0000
0.860 2 2.917710 -3.778398 -7.715029 -17.395020 -0.007629 12.550354 7.27 6.26 -3.5 -3.8 1.932 2.109 22.9198 22.5378 0.1365 0.0077 0.015573 0.242663 8.02 490 770 -0.24 6.76 0.0000 0.0000
0.865 2 11.347182 -0.860688 -15.569111 -14.717102 27.832031 8.522034 -21.11 -21.94 -9.0 -9.0 -2.521 -2.141 17.7930 12.6380 0.1395 0.0077 0.012977 0.182425 11.94 490 800 -0.18 -21.53 0.0000 0.0000
0.870 2 10.424160 6.254975 -16.578442 -9.941101 40.016174 21.430969 -21.23 -21.90 -9.0 -9.0 -2.173 -2.014 3.2982 -4.0127 0.1397 0.0077 0.010382 0.133022 9.71 490 880 -0.13 -21.56 -0.0000 -0.0000
0.875 2 9.513124 -5.389492 -19.639999 10.665894 29.571533 10.902405 -11.99 -12.49 -4.2 -2.9 -2.223 -1.976 -8.9554 -11.3636 0.1387 0.0077 0.007786 0.092750 7.45 490 800 -0.09 -12.24 0.0000 0.0000
0.880 2 0.987754 -3.322881 -12.418847 17.662048 -3.456116 19.454956 6.72 6.22 6.5 7.2 0.621 0.918 -8.3992 -9.4564 0.1371 0.0077 0.007786 0.082472 11.01 490 800 -0.08 6.47 0.0000 0.0000
0.885 2 -15.024887 1.484028 -2.315947 6.408691 -27.412415 13.725281 99.25 98.75 9.0 9.0 2.065 2.204 -2.5419 -2.4019 0.1371 0.0077 0.007786 0.135086 10.65 490 870 -0.14 99.00 0.0000 0.0000
0.890 2 -11.457465 -0.949395 1.330591 -5.950928 -26.947021 18.524170 99.33 98.67 9.0 9.0 2.065 2.008 13.2575 12.0738 0.1389 0.0077 0.010382 0.206742 9.27 490 810 -0.21 99.00 0.0000 0.0000
0.895 2 0.050347 1.311411 -9.316533 -17.349243 -16.860962 20.896912 64.58 64.08 9.0 9.0 1.869 1.812 21.1292 19.0460 0.1415 0.0078 0.007786 0.269547 7.12 490 770 -0.27 64.33 0.0000 0.0000
0.900 2 14.866654 -2.191279 -8.873003 -15.213013 6.584167 -2.868652 -39.51 -39.85 -9.0 -9.0 -2.445 -1.970 22.1684 20.4889 0.1450 0.0078 0.005191 0.217705 8.32 490 790 -0.22 -39.68 0.0000 0.0000
0.905 2 12.099985 -1.378540 -12.946289 -8.316040 25.291443 2.037048 -30.86 -31.19 -9.0 -9.0 -2.160 -2.027 5.4748 4.6954 0.1462 0.0078 0.005191 0.160743 5.17 490 870 -0.16 -31.03 -0.0000 -0.0000
0.910 2 6.509106 1.582324 -19.639999 2.517700 31.745911 6.614685 -13.91 -14.08 -5.5 -4.1 -2.204 -2.078 -2.0614 -10.0916 0.1456 0.0078 0.002595 0.115026 6.49 490 840 -0.12 -13.99 0.0000 0.0000
0.915 2 -5.425454 -0.625737 -14.430317 17.425537 6.568909 9.460449 25.42 25.25 9.0 9.0 -0.361 0.082 -9.0756 -9.5906 0.1444 0.0078 0.002595 0.097317 8.76 490 790 -0.10 25.34 0.0000 0.0000
0.920 2 -9.884731 -1.287436 -3.466728 14.022827 -7.438660 -0.213623 86.96 86.79 9.0 9.0 2.065 2.293 3.9310 3.1893 0.1444 0.0078 0.002595 0.118288 10.27 490 870 -0.12 86.88 0.0000 0.0000
0.925 2 -10.901255 2.208061 -1.961123 -6.660461 -17.677307 13.786316 98.92 99.08 9.0 9.0 2.065 1.964 16.0984 12.6380 0.1460 0.0078 -0.002595 0.192133 8.02 490 800 -0.19 99.00 0.0000 0.0000
0.930 2 -7.293076 -0.124668 -7.463295 -14.160156 -17.135620 6.874084 98.92 99.08 9.0 9.0 2.065 1.761 22.5378 19.5981 0.1488 0.0078 -0.002595 0.281385 7.85 490 780 -0.28 99.00 0.0000 0.0000
0.935 2 13.548051 -4.049311 -6.365259 -12.077332 -3.280640 -4.837036 -38.95 -38.62 -9.0 -9.0 -2.274 -1.957 21.8108 22.5378 0.1526 0.0078 -0.005191 0.228669 8.53 490 780 -0.23 -38.79 -0.0000 -0.0000
0.940 2 12.864775 -1.059678 -14.571767 -2.197266 19.615173 -3.913879 -27.19 -26.68 -9.0 -9.0 -2.249 -1.964 9.6591 7.0799 0.1540 0.0078 -0.007786 0.169630 5.11 490 800 -0.17 -26.94 0.0000 0.0000
0.945 2 9.208647 4.569561 -19.390663 -1.296997 29.121399 13.130188 -16.31 -15.64 -7.3 -6.1 -2.299 -1.995 -2.6463 -7.9545 0.1534 0.0078 -0.010382 0.125401 6.41 490 850 -0.13 -15.98 -0.0000 -0.0000
0.950 2 -4.392148 -1.992290 -14.492651 20.317078 10.475159 5.538940 15.12 15.79 9.0 9.0 -1.394 -0.899 -11.4599 -11.3636 0.1518 0.0078 -0.010382 0.100371 7.07 490 790 -0.10 15.46 0.0000 0.0000
0.955 2 -10.539238 0.031167 -5.339145 8.811951 -4.318237 16.151428 84.71 85.21 9.0 9.0 2.065 2.293 -4.3342 -3.5965 0.1512 0.0078 -0.007786 0.118424 10.74 490 870 -0.12 84.96 0.0000 0.0000
0.960 2 -11.004345 4.840474 0.237349 -8.979797 -18.844604 16.807556 98.75 99.25 9.0 9.0 2.065 1.653 10.4021 10.5646 0.1524 0.0078 -0.007786 0.196906 8.94 490 790 -0.20 99.00 0.0000 0.0000
0.965 2 -1.424092 -2.234433 -2.227241 -10.330200 -29.953003 13.641357 98.75 99.25 9.0 9.0 2.065 1.812 17.1173 18.7815 0.1548 0.0078 -0.007786 0.279730 8.27 490 810 -0.28 99.00 0.0000 0.0000
0.970 2 5.188105 -3.138276 -10.649521 -14.961243 -4.707336 11.360168 -16.83 -16.32 -9.0 -9.0 -0.475 -0.443 22.1684 22.1684 0.1580 0.0077 -0.007786 0.256676 8.16 490 770 -0.26 -16.58 -0.0000 -0.0000
0.975 2 12.699350 1.153179 -18.834452 -0.900269 22.888184 15.342712 -12.64 -12.30 -9.0 -9.0 -2.160 -2.128 9.7991 8.1956 0.1598 0.0077 -0.005191 0.197219 8.34 490 810 -0.20 -12.47 0.0000 0.0000
0.980 2 14.576562 3.449946 -19.639999 6.370544 35.293579 12.680054 -22.67 -22.17 -9.0 -9.0 -2.242 -2.046 -2.7100 -7.0066 0.1592 0.0077 -0.007786 0.146839 6.04 490 840 -0.15 -22.42 -0.0000 -0.0000
0.985 2 -0.848701 -5.691572 -16.971626 22.613525 15.243530 7.484436 4.21 4.71 5.4 6.6 0.336 0.874 -7.8620 -9.0151 0.1580 0.0077 -0.007786 0.119572 6.91 490 790 -0.12 4.46 0.0000 0.0000
0.990 2 -11.574941 6.425195 -3.507485 1.152039 13.504028 23.818970 84.62 85.12 9.0 9.0 2.065 2.116 -2.2132 3.2197 0.1580 0.0077 -0.007786 0.143085 10.16 490 880 -0.14 84.87 0.0000 0.0000
0.995 2 -14.097070 2.860171 -2.718721 -8.201599 -0.724792 17.745972 98.75 99.25 9.0 9.0 2.065 2.179 12.6380 13.5227 0.1596 0.0077 -0.007786 0.228983 8.04 490 790 -0.23 99.00 0.0000 0.0000
1.000 2 -8.213701 -3.948618 -4.787729 -13.290405 -3.242493 18.806458 98.75 99.25 9.0 9.0 1.850 1.755 20.8041 21.1292 0.1625 0.0077 -0.007786 0.328188 6.96 490 770 -0.33 99.00 0.0000 0.0000
1.005 2 15.729741 -0.059937 -6.192641 -14.747620 15.296936 18.241882 -15.54 -15.03 -9.0 -9.0 -1.527 -1.831 21.1292 23.3150 0.1661 0.0077 -0.007786 0.278893 8.46 490 770 -0.28 -15.28 0.0000 0.0000
1.010 2 16.326708 -2.104971 -18.738554 4.478455 40.802002 22.911072 -20.50 -20.17 -9.0 -9.0 -2.014 -2.002 7.0799 8.1956 0.1675 0.0077 -0.005191 0.219808 9.25 490 800 -0.22 -20.34 -0.0000 -0.0000
1.015 2 15.147158 2.224844 -17.861084 9.391785 46.447754 15.846252 -20.63 -20.47 -7.2 -7.9 -1.489 -2.141 -7.0799 -2.3892 0.1669 0.0077 -0.002595 0.172738 6.95 490 840 -0.17 -20.55 0.0000 0.0000
1.020 2 1.186743 -6.528286 -15.641035 23.834229 23.292542 -3.227234 12.37 12.71 9.0 9.0 0.323 0.405 -7.7717 -7.8620 0.1659 0.0077 -0.005191 0.144481 9.27 490 800 -0.14 12.54 0.0000 0.0000
1.025 2 -15.660214 9.215839 0.582583 -0.991821 19.264221 18.806458 98.92 99.08 9.0 9.0 2.033 1.926 6.3786 3.4409 0.1661 0.0077 -0.002595 0.176571 9.35 490 870 -0.18 99.00 0.0000 0.0000
1.030 2 -12.123960 1.615889 -2.884145 -7.324219 4.699707 9.574890 98.92 99.08 9.0 9.0 2.065 1.736 15.0252 15.0252 0.1681 0.0077 -0.002595 0.261183 7.09 490 800 -0.26 99.00 0.0000 0.0000
1.035 2 0.692866 -0.311670 -0.505864 -19.622803 4.577637 19.630432 52.19 52.19 9.0 9.0 2.065 1.698 21.8108 24.1477 0.1711 0.0077 0.000000 0.331112 7.55 490 750 -0.33 52.19 0.0000 0.0000
1.040 2 13.447358 2.339922 -13.056572 -8.110046 21.492004 12.306213 -29.43 -29.60 -9.0 -9.0 -2.610 -2.141 19.3181 22.9198 0.1745 0.0077 0.002595 0.267239 8.18 490 800 -0.27 -29.51 0.0000 0.0000
1.045 2 13.423384 -2.625220 -16.568851 8.232117 43.289185 23.597717 -18.86 -19.37 -9.0 -9.0 -2.103 -2.040 3.9310 8.9554 0.1757 0.0077 0.007786 0.209175 5.13 490 840 -0.21 -19.11 -0.0000 -0.0000
1.050 2 9.071992 2.582065 -19.639999 15.083313 45.707703 7.789612 -6.49 -6.83 0.2 -1.0 -2.046 -2.002 -1.7840 -2.8833 0.1751 0.0077 0.005191 0.163207 6.74 490 880 -0.16 -6.66 0.0000 0.0000
1.055 2 -0.604160 -2.884145 -12.613042 19.020081 25.665283 1.838684 21.05 20.89 9.0 9.0 1.577 1.400 -4.2258 -7.5126 0.1745 0.0077 0.002595 0.145748 11.52 490 820 -0.15 20.97 0.0000 0.0000
1.060 2 -17.372002 0.309272 1.050088 -1.220703 10.711670 14.572144 99.08 98.92 9.0 9.0 1.957 2.204 10.6478 11.6575 0.1757 0.0077 0.002595 0.186487 10.28 490 800 -0.19 99.00 0.0000 0.0000
1.065 2 -12.581875 1.491221 4.178774 -14.778137 1.991272 14.450073 99.08 98.92 9.0 9.0 2.065 1.869 19.3181 19.0460 0.1782 0.0077 0.002595 0.269507 8.86 490 800 -0.27 99.00 0.0000 0.0000
1.070 2 2.586860 -2.601245 -3.608179 -16.815186 9.048462 16.250610 70.29 69.96 9.0 9.0 2.065 1.888 25.5145 26.5151 0.1820 0.0077 0.005191 0.330815 7.69 490 770 -0.33 70.12 0.0000 0.0000
1.075 2 12.967866 1.448066 -16.043808 -10.856628 27.770996 19.989014 -16.64 -16.97 -9.0 -9.0 -2.274 -2.141 21.8108 22.5378 0.1856 0.0077 0.005191 0.259106 8.53 490 780 -0.26 -16.80 0.0000 0.0000
1.080 2 15.223877 2.742695 -15.638638 1.350403 50.682068 25.527954 -20.05 -20.72 -9.0 -9.0 -2.185 -2.021 5.7789 8.1462 0.1872 0.0077 0.010382 0.202225 6.25 490 840 -0.20 -20.39 -0.0000 -0.0000
1.085 2 8.276035 -1.313809 -19.639999 11.848450 56.770325 7.301331 -7.32 -7.99 -1.8 -2.7 -2.242 -2.059 -2.4950 -3.2982 0.1868 0.0077 0.010382 0.158702 6.26 490 870 -0.16 -7.65 0.0000 0.0000
1.090 2 -2.241626 -4.106851 -13.387422 16.914368 33.271790 2.235413 33.54 32.87 9.0 9.0 0.564 0.234 -4.8295 -7.2703 0.1856 0.0077 0.010382 0.140079 9.92 490 840 -0.14 33.20 0.0000 0.0000
1.095 2 -14.279277 0.625737 -1.738159 -1.663208 22.453308 17.593384 99.25 98.75 9.0 9.0 2.065 2.002 5.8287 2.4950 0.1862 0.0077 0.007786 0.173943 9.24 490 870 -0.17 99.00 0.0000 0.0000
1.100 2 -10.050156 1.366553 1.277847 -11.482239 8.499146 13.023376 99.25 98.75 9.0 9.0 2.065 1.995 16.4911 15.9091 0.1882 0.0077 0.007786 0.254277 7.23 490 810 -0.25 99.00 0.0000 0.0000
1.105 2 1.086050 -2.941684 -6.554658 -16.983032 9.407043 18.791199 -56.82 -57.32 -9.0 -9.0 1.159 1.020 23.7240 22.5378 0.1914 0.0077 0.007786 0.277093 7.37 490 770 -0.28 -57.07 -0.0000 -0.0000
1.110 2 12.164717 -1.361758 -9.270981 -10.566711 25.588989 7.766724 -36.63 -37.13 -9.0 -9.0 -1.400 -1.349 19.8863 19.8863 0.1942 0.0078 0.007786 0.226864 9.68 490 810 -0.23 -36.88 0.0000 0.0000
1.115 2 11.754750 -1.606299 -16.655161 -1.731873 53.337097 24.726868 -11.92 -12.42 -9.0 -9.0 -2.274 -2.122 5.6818 6.5327 0.1954 0.0078 0.007786 0.175249 7.01 490 870 -0.18 -12.17 -0.0000 -0.0000
1.120 2 11.157783 -0.793560 -19.639999 9.101868 53.237915 13.092041 -13.72 -14.05 -7.3 -5.0 -2.350 -1.913 1.8323 -5.7543 0.1948 0.0078 0.005191 0.132839 6.20 490 880 -0.13 -13.88 0.0000 0.0000
1.125 2 -0.021577 -0.587378 -10.798163 15.396118 31.951904 20.988464 9.48 9.32 5.5 6.5 1.109 1.261 -4.0609 -6.4702 0.1942 0.0078 0.002595 0.114176 7.88 490 860 -0.11 9.40 0.0000 0.0000
1.130 2 -17.734018 0.119873 0.079116 -0.175476 19.706726 19.500732 99.08 98.92 9.0 9.0 1.805 2.103 6.0913 10.0916 0.1950 0.0078 0.002595 0.160877 10.03 490 830 -0.16 99.00 0.0000 0.0000
1.135 2 -9.218237 1.028511 5.979268 -12.458801 9.063721 25.695801 99.08 98.92 9.0 9.0 2.065 1.767 16.6947 17.5619 0.1975 0.0078 0.002595 0.242575 8.01 490 800 -0.24 99.00 0.0000 0.0000
1.140 2 3.883887 -0.709648 -3.545845 -14.869690 9.559631 19.393921 20.50 20.33 2.8 2.2 2.065 1.831 24.5867 25.5145 0.2007 0.0078 0.002595 0.293002 7.66 490 770 -0.29 20.42 0.0000 0.0000
1.145 2 11.253681 -1.958726 -15.336557 -11.138916 41.824341 19.226074 -21.60 -21.93 -9.0 -9.0 -2.559 -2.141 19.8863 20.8041 0.2041 0.0078 0.005191 0.231135 11.53 490 800 -0.23 -21.77 0.0000 0.0000
1.150 2 13.531269 3.603384 -16.180464 0.358582 59.791565 28.564453 -19.05 -19.39 -9.0 -9.0 -1.951 -2.141 4.0854 4.3204 0.2049 0.0078 0.005191 0.176547 9.46 490 870 -0.18 -19.22 -0.0000 -0.0000
1.155 2 12.325346 2.982441 -19.639999 7.156372 54.588318 15.380859 -17.03 -17.19 -8.6 -7.1 -2.382 -2.021 1.6273 -1.9741 0.2047 0.0078 0.002595 0.128747 6.04 490 870 -0.13 -17.11 0.0000 0.0000
1.160 2 -0.966177 -4.507226 -10.994756 14.587402 34.416199 13.824463 22.85 23.01 9.0 9.0 1.400 0.918 -1.5245 -9.0756 0.2039 0.0078 -0.002595 0.116700 6.66 490 830 -0.12 22.93 0.0000 0.0000
1.165 2 -18.201523 0.227759 -1.953931 -6.278992 16.387939 19.317627 98.83 99.17 9.0 9.0 1.869 2.109 8.0492 2.4904 0.2045 0.0078 -0.005191 0.168628 6.93 490 840 -0.17 99.00 0.0000 0.0000
1.170 2 -8.563730 2.584463 2.864966 -13.458252 4.440308 22.399902 98.83 99.17 9.0 9.0 2.065 1.660 18.2739 17.3368 0.2069 0.0078 -0.005191 0.248179 7.40 480 800 -0.25 99.00 0.0000 0.0000
1.175 2 5.260029 -1.654248 -2.519731 -13.778687 6.599426 22.712708 2.63 2.80 -7.0 -7.5 2.065 1.653 25.0420 26.0052 0.2103 0.0078 -0.002595 0.305238 8.62 490 780 -0.31 2.71 0.0000 0.0000
1.180 2 15.504379 -1.769326 -14.516625 -7.064819 32.218933 25.131226 -31.26 -31.09 -9.0 -9.0 -2.743 -2.141 18.5242 18.7815 0.2136 0.0078 -0.002595 0.231129 11.47 490 800 -0.23 -31.18 0.0000 0.0000
1.185 2 10.858100 4.488047 -16.468159 -1.373291 49.118042 25.817871 -16.52 -16.35 -9.0 -9.0 -2.198 -2.059 4.5685 5.3449 0.2144 0.0078 -0.002595 0.175376 9.70 490 870 -0.18 -16.43 -0.0000 -0.0000
1.190 2 10.088515 3.274931 -19.639999 -1.792908 50.788879 13.252258 -8.72 -8.22 -3.5 -2.2 -2.103 -1.837 -2.1465 -9.0151 0.2136 0.0078 -0.007786 0.133505 7.29 490 830 -0.13 -8.47 0.0000 0.0000
1.195 2 0.177412 -4.770947 -16.597622 10.017395 26.695251 17.150879 23.23 23.90 9.0 9.0 0.589 0.830 -3.6647 -5.1222 0.2129 0.0078 -0.010382 0.118539 11.30 490 850 -0.12 23.57 0.0000 0.0000
1.200 2 -16.686327 0.002397 -2.143330 -6.805420 8.445740 21.125793 98.66 99.34 9.0 9.0 2.065 2.204 1.8575 1.9916 0.2134 0.0078 -0.010382 0.165696 10.36 490 880 -0.17 99.00 0.0000 0.0000
1.205 2 -10.390595 1.476836 3.425972 -13.435364 -4.806519 25.444031 98.66 99.34 9.0 9.0 2.065 1.951 17.7930 18.2739 0.2158 0.0077 -0.010382 0.242776 8.92 490 810 -0.24 99.00 0.0000 0.0000
1.210 2 4.250698 -1.332988 -1.210718 -15.007019 2.593994 23.170471 -2.99 -2.32 -9.0 -9.0 2.065 2.084 23.7240 25.0420 0.2190 0.0077 -0.010382 0.281472 7.74 490 780 -0.28 -2.66 0.0000 0.0000
1.215 2 15.389301 -3.716064 -14.003569 -7.736206 27.145386 28.938293 -37.76 -37.09 -9.0 -9.0 -2.692 -2.141 16.9034 17.7930 0.2222 0.0077 -0.010382 0.209413 11.12 490 800 -0.21 -37.42 -0.0000 -0.0000
1.220 2 12.742504 4.598330 -13.373036 -1.060486 41.938782 28.099060 -29.06 -28.39 -9.0 -9.0 -2.204 -2.033 5.9571 4.7117 0.2230 0.0077 -0.010382 0.151467 9.10 490 870 -0.15 -28.72 0.0000 0.0000
1.225 2 7.839697 1.555952 -19.639999 0.656128 44.326782 15.609741 -14.13 -13.29 -7.6 -7.1 -2.103 -1.900 -3.2743 -4.3342 0.2224 0.0077 -0.012977 0.105506 6.52 490 860 -0.11 -13.71 -0.0000 -0.0000
1.230 2 -1.910776 -3.548242 -11.373554 8.262634 20.111084 9.803772 29.64 30.65 9.0 9.0 1.020 1.419 -5.4970 -6.6614 0.2214 0.0077 -0.015573 0.099694 7.55 490 870 -0.10 30.15 0.0000 0.0000
1.235 2 -12.999033 -2.677964 -4.078081 -7.850647 4.844666 14.533997 98.50 99.50 9.0 9.0 2.065 2.008 8.0974 6.7953 0.2222 0.0077 -0.015573 0.140955 6.88 490 800 -0.14 99.00 0.0000 0.0000
1.240 2 -7.017368 1.829263 0.381196 -11.192322 -5.264282 12.153625 98.58 99.42 9.0 9.0 2.065 1.995 15.9091 17.1173 0.2244 0.0076 -0.012977 0.213481 7.20 490 810 -0.21 99.00 0.0000 0.0000
1.245 2 5.962485 -2.553296 -1.766929 -9.933472 -1.327515 10.925293 -21.83 -21.16 -9.0 -9.0 2.065 1.919 22.5378 25.0420 0.2278 0.0076 -0.010382 0.247556 7.23 490 780 -0.25 -21.49 0.0000 0.0000
1.250 2 13.061367 -2.455000 -14.909809 -6.370544 22.140503 17.211914 -32.78 -31.95 -9.0 -9.0 -2.749 -2.141 14.8601 17.1173 0.2309 0.0076 -0.012977 0.179425 11.66 490 820 -0.18 -32.36 -0.0000 -0.0000
1.255 2 11.601314 2.788247 -13.536064 0.099182 39.337158 17.417908 -31.37 -30.70 -9.0 -9.0 -2.185 -1.983 3.8636 3.8417 0.2315 0.0076 -0.010382 0.125060 9.60 490 870 -0.13 -31.04 0.0000 0.0000
1.260 2 11.462260 4.912397 -19.639999 -1.037598 34.858704 11.344910 -24.83 -24.16 -9.0 -9.0 -2.249 -2.014 -8.5048 -10.0168 0.2302 0.0076 -0.010382 0.078432 7.42 490 800 -0.08 -24.50 -0.0000 -0.0000
1.265 2 -2.912915 -5.554917 -14.713218 8.659363 8.987427 6.347656 21.27 22.11 9.0 9.0 0.146 0.595 -9.7286 -7.6833 0.2288 0.0076 -0.012977 0.069115 6.96 490 800 -0.07 21.69 0.0000 0.0000
1.270 2 -17.561401 -3.169443 -4.667856 -4.707336 -11.520386 7.354736 98.67 99.33 9.0 9.0 2.065 1.976 3.5586 3.1015 0.2290 0.0076 -0.010382 0.116195 9.24 490 870 -0.12 99.00 0.0000 0.0000
1.275 2 -6.990996 0.493877 3.588999 -10.147095 -30.754089 10.368347 98.75 99.25 9.0 9.0 2.065 2.046 11.9670 12.1826 0.2304 0.0076 -0.007786 0.189637 6.69 490 810 -0.19 99.00 0.0000 0.0000
1.280 2 0.803149 -0.445928 -8.791489 -10.200500 -17.524719 7.263184 22.04 22.54 6.3 6.1 1.888 1.793 19.5981 20.4889 0.2333 0.0075 -0.007786 0.226669 7.02 490 790 -0.23 22.29 0.0000 0.0000
1.285 2 17.069921 -6.017627 -10.107695 1.365662 4.798889 4.463196 -46.08 -45.41 -9.0 -9.0 -2.280 -2.141 18.0303 19.3181 0.2363 0.0075 -0.010382 0.166166 8.84 490 810 -0.17 -45.74 0.0000 0.0000
1.290 2 10.764599 2.920107 -14.070698 2.716064 27.107239 12.145996 -34.09 -33.42 -9.0 -9.0 -2.198 -2.033 5.1222 3.9196 0.2371 0.0075 -0.010382 0.109626 5.25 490 870 -0.11 -33.76 -0.0000 -0.0000
1.295 2 8.980888 2.234433 -13.970004 -3.486633 28.427124 9.094238 -28.12 -27.45 -9.0 -9.0 -2.230 -2.021 -7.0066 -8.3992 0.2363 0.0075 -0.010382 0.065609 6.45 490 800 -0.07 -27.78 0.0000 0.0000
1.300 2 -0.031167 -1.567939 -8.211304 6.729126 5.508423 8.377075 -1.98 -1.31 -0.9 -0.8 -0.557 -0.184 -8.6684 -7.6833 0.2347 0.0075 -0.010382 0.049656 7.04 490 790 -0.05 -1.65 -0.0000 -0.0000
1.305 2 -13.272344 -0.457915 -6.451567 -5.523682 -14.762878 15.083313 83.25 83.92 9.0 9.0 2.065 2.173 -4.3204 -4.3066 0.2343 0.0075 -0.010382 0.084699 11.74 490 870 -0.08 83.58 0.0000 0.0000
1.310 2 -8.367139 0.050347 0.342837 -2.922058 -21.522522 7.179260 98.67 99.33 9.0 9.0 2.065 1.774 13.1288 13.1288 0.2359 0.0075 -0.010382 0.147820 10.14 490 800 -0.15 99.00 0.0000 0.0000
1.315 2 -2.910517 0.062334 -8.674013 -5.958557 -12.313843 11.077881 57.05 57.72 9.0 9.0 2.065 2.033 19.3181 19.3181 0.2383 0.0075 -0.010382 0.202171 9.29 490 790 -0.20 57.39 0.0000 0.0000
1.320 2 13.351460 -3.939028 -7.101279 -8.903503 5.668640 9.666443 -52.68 -52.01 -9.0 -9.0 -2.255 -2.021 19.5981 21.1292 0.2415 0.0075 -0.010382 0.152676 8.32 490 790 -0.15 -52.34 -0.0000 -0.0000
1.325 2 11.721186 -1.555952 -15.547534 -0.579834 25.039673 7.057190 -30.66 -29.99 -9.0 -9.0 -2.287 -2.135 7.5546 6.2317 0.2427 0.0074 -0.010382 0.099316 4.95 490 840 -0.10 -30.33 0.0000 0.0000
1.330 2 11.268066 4.507226 -12.771274 -1.098633 23.727417 7.545471 -43.18 -42.67 -9.0 -9.0 -2.236 -2.040 -3.2506 -2.4996 0.2421 0.0075 -0.007786 0.048567 6.22 490 890 -0.05 -42.92 -0.0000 -0.0000
1.335 2 3.996567 -5.564507 -15.811255 8.544922 5.111694 -3.601074 -9.29 -8.46 -5.5 -3.9 -2.356 -2.021 -8.4517 -10.5646 0.2409 0.0075 -0.012977 0.020858 7.21 490 790 -0.02 -8.88 0.0000 0.0000
1.340 2 -6.336489 5.509365 -8.618872 -0.022888 -25.085449 15.480042 39.49 40.33 9.0 9.0 0.988 1.071 -11.0842 -11.3636 0.2393 0.0075 -0.012977 0.032585 10.47 490 800 -0.03 39.91 0.0000 0.0000
1.345 2 -12.320551 1.304219 -7.233140 3.883362 -36.743164 -6.210327 80.38 81.39 9.0 9.0 1.995 1.932 2.9984 -3.4674 0.2391 0.0075 -0.015573 0.089388 9.89 490 880 -0.09 80.88 0.0000 0.0000
1.350 2 -3.188623 -3.447549 -2.677964 0.419617 -40.786743 -0.419617 70.86 71.86 9.0 9.0 2.065 1.995 14.2344 13.3888 0.2407 0.0075 -0.015573 0.151008 7.61 490 800 -0.15 71.36 0.0000 0.0000
1.355 2 5.782676 4.284263 -7.218755 -15.190125 -24.009705 8.583069 -7.15 -6.14 -8.7 -7.9 2.059 1.812 18.0303 17.5619 0.2431 0.0074 -0.015573 0.155287 7.40 490 810 -0.16 -6.65 0.0000 0.0000
1.360 2 10.860497 -4.197954 -14.310444 -4.707336 -2.670288 -3.005981 -43.87 -42.86 -9.0 -9.0 -2.496 -2.141 12.6380 9.0151 0.2455 0.0074 -0.015573 0.095558 11.91 490 800 -0.10 -43.37 -0.0000 -0.0000
1.365 2 13.044584 0.043154 -11.781122 -0.381470 11.299133 8.842468 -47.28 -46.27 -9.0 -9.0 -2.540 -2.141 -3.4852 2.6463 0.2455 0.0074 -0.015573 0.047814 10.43 490 890 -0.05 -46.78 0.0000 0.0000
1.370 2 12.157524 5.384697 -16.832573 -2.090454 1.693726 18.218994 -45.91 -44.74 -9.0 -9.0 -1.888 -2.046 -9.3908 -10.8182 0.2441 0.0074 -0.018168 -0.002494 9.30 490 800 0.00 -45.33 -0.0000 -0.0000
1.375 2 -3.150264 -2.627617 -15.420468 10.551453 -22.827148 3.646851 0.73 1.90 1.8 2.6 -2.806 -1.660 -11.7589 -12.0738 0.2425 0.0074 -0.018168 -0.012723 7.70 490 800 0.01 1.31 0.0000 0.0000
1.380 2 -16.578442 -3.560229 -5.960088 1.869202 -46.768188 2.624512 80.52 81.86 9.0 9.0 2.065 2.192 -6.5964 -7.3096 0.2411 0.0075 -0.020764 0.033281 12.29 490 840 -0.03 81.19 0.0000 0.0000
1.385 2 -10.011797 0.000000 0.417158 -2.975464 -53.855896 0.000000 98.41 99.59 9.0 9.0 2.065 2.242 5.0084 7.1929 0.2417 0.0075 -0.018168 0.097751 10.57 490 840 -0.10 99.00 0.0000 0.0000
1.390 2 -5.432646 2.896133 -7.038945 -8.079529 -49.858093 0.129700 28.38 29.38 9.0 9.0 1.216 0.836 13.6593 15.0252 0.2435 0.0074 -0.015573 0.119248 9.48 490 800 -0.12 28.88 0.0000 0.0000
1.395 2 10.268325 -2.049829 -7.331435 -15.617371 -24.398804 -4.013062 -41.52 -40.69 -9.0 -9.0 -1.413 -1.318 13.1288 13.5227 0.2457 0.0074 -0.012977 0.086784 11.68 490 800 -0.09 -41.11 -0.0000 -0.0000
1.400 2 15.015297 -1.651851 -15.513969 -0.221252 -8.125305 -1.686096 -47.68 -46.84 -9.0 -9.0 -2.546 -2.141 3.0874 3.4674 0.2461 0.0074 -0.012977 0.031624 10.36 490 870 -0.03 -47.26 0.0000 0.0000
1.405 2 10.836523 5.504570 -13.399408 3.166199 -9.529114 1.686096 -52.38 -51.71 -9.0 -9.0 -1.824 -1.976 -10.5646 -10.4021 0.2447 0.0074 -0.010382 -0.012830 8.78 490 800 0.01 -52.05 -0.0000 -0.0000
1.410 2 -2.948877 -1.865225 -14.264893 15.983582 -33.294678 -10.162354 -4.98 -4.14 -0.9 0.2 -2.236 -1.970 -12.5210 -13.6593 0.2429 0.0074 -0.012977 -0.030676 8.59 490 800 0.03 -4.56 0.0000 0.0000
1.415 2 -11.311220 -0.198989 -6.204629 4.714966 -53.848267 -6.034851 68.19 69.03 9.0 9.0 2.021 2.033 -8.6132 -10.2445 0.2413 0.0075 -0.012977 0.000185 11.63 490 800 -0.00 68.61 0.0000 0.0000
1.420 2 -9.088774 2.452602 -2.224844 0.160217 -67.550659 -13.313293 86.29 87.29 9.0 9.0 2.065 2.021 2.7319 -2.3641 0.2415 0.0075 -0.015573 0.066519 10.00 490 880 -0.07 86.79 0.0000 0.0000
1.425 2 -0.105488 0.596968 -3.095122 3.311157 -66.452026 -11.596680 31.03 32.03 9.0 9.0 2.065 1.913 12.8788 11.5579 0.2431 0.0074 -0.015573 0.128185 7.53 490 790 -0.13 31.53 0.0000 0.0000
1.430 2 6.367656 -0.728828 -8.659629 -11.405945 -43.991089 -4.310608 -41.53 -40.52 -9.0 -9.0 -0.462 -0.171 17.3368 17.3368 0.2455 0.0074 -0.015573 0.104394 7.26 490 800 -0.10 -41.03 -0.0000 -0.0000
1.435 2 12.797647 -2.253613 -15.480405 -0.724792 -18.844604 -15.655518 -38.99 -37.99 -9.0 -9.0 -2.223 -2.002 7.2703 5.7300 0.2467 0.0074 -0.015573 0.049183 7.55 490 840 -0.05 -38.49 0.0000 0.0000
1.440 2 12.025663 5.547724 -16.197245 1.091003 -8.979797 -11.207581 -47.37 -46.53 -9.0 -9.0 -2.223 -2.046 -10.9054 -8.2455 0.2457 0.0074 -0.012977 0.002785 6.36 490 810 -0.00 -46.95 -0.0000 -0.0000
1.445 2 -0.215771 -7.007778 -19.639999 9.475708 -23.803711 -18.463135 -9.93 -9.10 -3.1 -3.1 -2.204 -2.141 -13.5227 -12.6380 0.2437 0.0074 -0.012977 -0.025687 7.02 490 780 0.03 -9.52 0.0000 0.0000
1.450 2 -5.097002 3.210200 -12.020868 3.593445 -41.275024 -8.049011 38.85 39.69 9.0 9.0 0.114 0.279 -12.8788 -13.9409 0.2417 0.0074 -0.012977 -0.013188 10.63 490 790 0.01 39.27 0.0000 0.0000
1.455 2 -12.289385 1.402515 -3.469126 4.714966 -65.780640 -27.763367 87.78 88.79 9.0 9.0 2.065 2.242 -3.4852 -4.3342 0.2411 0.0074 -0.015573 0.053679 10.41 490 870 -0.05 88.29 0.0000 0.0000
1.460 2 -1.874814 -3.083135 -2.838594 3.044128 -72.692871 -22.262573 83.93 84.94 9.0 9.0 1.755 2.008 8.5048 9.3260 0.2419 0.0074 -0.015573 0.131965 8.27 490 810 -0.13 84.44 0.0000 0.0000
1.465 2 8.252060 3.838335 -4.471264 -8.262634 -62.721252 -14.556885 -39.69 -38.68 -9.0 -9.0 0.621 0.507 8.1462 10.0916 0.2435 0.0074 -0.015573 0.096307 7.82 490 810 -0.10 -39.18 0.0000 0.0000
1.470 2 11.766738 -3.646538 -18.611488 4.318237 -42.022705 -26.901245 -55.67 -54.83 -9.0 -9.0 -2.337 -2.141 -11.4599 4.5531 0.2441 0.0074 -0.012977 0.035622 12.24 490 850 -0.04 -55.25 -0.0000 -0.0000
1.475 2 9.182275 3.416382 -15.588290 3.791809 -32.447815 -15.167236 -40.12 -39.11 -9.0 -9.0 -2.470 -2.141 -13.1288 -12.8788 0.2427 0.0074 -0.015573 -0.002587 10.76 490 800 0.00 -39.61 0.0000 0.0000
1.480 2 -2.076201 -7.245127 -19.639999 8.071899 -52.154541 -22.674561 -11.10 -10.26 -2.0 -2.5 -2.211 -2.141 -16.6947 -14.8601 0.2405 0.0075 -0.012977 -0.030028 9.63 490 800 0.03 -10.68 -0.0000 -0.0000
1.485 2 -8.650039 -0.731226 -9.721704 -0.900269 -65.460205 -5.149841 52.21 53.05 9.0 9.0 0.842 0.760 -15.9091 -14.5405 0.2381 0.0075 -0.012977 -0.011986 11.50 490 800 0.01 52.63 0.0000 0.0000
1.490 2 -13.188432 0.340439 -2.172100 5.752563 -86.227417 -32.554626 98.58 99.42 9.0 9.0 2.065 2.242 -5.0837 -4.4629 0.2373 0.0075 -0.012977 0.061947 10.43 490 870 -0.06 99.00 0.0000 0.0000
1.495 2 -5.487788 1.045293 -0.894253 -0.709534 -92.628479 -16.487122 98.11 98.95 9.0 9.0 2.065 2.021 9.6591 11.7589 0.2385 0.0075 -0.012977 0.147250 8.24 490 800 -0.15 98.53 0.0000 0.0000
1.500 2 5.586084 2.618027 -10.347441 -10.032654 -75.798035 -19.226074 -46.05 -45.21 -9.0 -9.0 0.709 0.665 14.2344 15.5433 0.2405 0.0075 -0.012977 0.129099 7.80 490 800 -0.13 -45.63 -0.0000 -0.0000
1.505 2 11.512607 -4.516816 -17.825121 8.468628 -52.558899 -34.210205 -35.81 -34.80 -9.0 -9.0 -2.166 -1.995 7.5970 4.3763 0.2415 0.0074 -0.015573 0.071238 9.75 490 840 -0.07 -35.30 0.0000 0.0000
1.510 2 12.833608 5.801855 -14.432714 -0.572205 -37.788391 -28.373718 -49.76 -48.75 -9.0 -9.0 -2.204 -2.040 -10.9054 -12.1826 0.2403 0.0075 -0.015573 0.023783 7.40 490 800 -0.02 -49.25 -0.0000 -0.0000
1.515 2 1.838853 -9.151108 -19.639999 0.350952 -45.761108 -21.049500 -20.54 -19.53 -6.8 -7.3 -2.122 -1.780 -17.1173 -15.1940 0.2379 0.0075 -0.015573 -0.008604 7.31 490 800 0.01 -20.04 0.0000 0.0000
1.520 2 -8.472627 0.752803 -7.278691 -2.021790 -63.385010 -1.586914 44.61 45.61 9.0 9.0 1.071 0.665 -16.6947 -16.2924 0.2355 0.0075 -0.015573 0.003287 8.56 490 800 -0.00 45.11 0.0000 0.0000
1.525 2 -11.970522 0.702456 -0.752803 3.356934 -80.429077 -37.139893 98.41 99.59 9.0 9.0 2.065 2.052 -4.6153 -6.7277 0.2345 0.0076 -0.018168 0.074921 7.42 490 880 -0.07 99.00 0.0000 0.0000
1.530 2 -2.414243 -2.596450 2.608438 -1.991272 -94.535828 -19.805908 98.50 99.50 9.0 9.0 2.065 2.008 1.9627 6.5644 0.2351 0.0075 -0.015573 0.169756 6.34 490 880 -0.17 99.00 0.0000 0.0000
1.535 2 4.984321 5.089809 -5.593276 -3.456116 -81.535339 -30.258179 -40.65 -39.65 -9.0 -9.0 1.375 1.071 10.9941 13.5227 0.2367 0.0075 -0.015573 0.172225 7.34 490 800 -0.17 -40.15 -0.0000 -0.0000
1.540 2 11.275258 -10.472109 -16.674341 7.431030 -54.229736 -27.801514 -36.24 -35.23 -9.0 -9.0 -2.306 -2.141 4.2258 4.5996 0.2375 0.0075 -0.015573 0.113838 10.01 490 870 -0.11 -35.74 0.0000 0.0000
1.545 2 9.755268 9.220634 -18.844042 -0.106812 -38.948059 -19.668579 -26.14 -24.97 -9.0 -7.4 -2.192 -1.989 -12.0738 -13.2575 0.2361 0.0075 -0.018168 0.071222 8.21 490 800 -0.07 -25.55 -0.0000 -0.0000
1.550 2 3.274931 -5.602866 -19.639999 1.380920 -50.216675 -18.127441 -20.72 -19.71 -5.1 -5.4 -2.116 -2.141 -17.1173 -14.8601 0.2339 0.0076 -0.015573 0.031192 8.13 490 800 -0.03 -20.22 0.0000 0.0000
1.555 2 -12.246230 -1.229897 -5.660405 -3.257751 -67.298889 6.156921 71.71 72.55 9.0 9.0 2.065 2.103 -15.3667 -12.7573 0.2317 0.0076 -0.012977 0.050506 9.62 490 800 -0.05 72.13 0.0000 0.0000
1.560 2 -15.959897 -1.699800 -1.860430 0.778198 -82.557678 -27.633667 98.67 99.33 9.0 9.0 2.065 2.002 -5.6818 -3.0594 0.2311 0.0076 -0.010382 0.129383 5.41 490 870 -0.13 99.00 0.0000 0.0000
1.565 2 -2.104971 -1.450464 -0.222964 -13.328552 -89.401245 -4.425049 98.67 99.33 9.0 9.0 2.065 1.755 9.9432 10.4021 0.2323 0.0076 -0.010382 0.221227 6.63 490 790 -0.22 99.00 0.0000 0.0000
1.570 2 8.192123 3.958208 -8.477422 -9.407043 -77.598572 -16.754150 -44.97 -44.47 -9.0 -9.0 -0.589 -0.608 13.7987 15.9091 0.2345 0.0076 -0.007786 0.190902 8.45 490 810 -0.19 -44.72 0.0000 0.0000
1.575 2 12.960673 -6.247783 -16.796610 11.940002 -58.967590 -9.201050 -33.99 -33.65 -9.0 -9.0 -2.078 -2.059 3.2743 5.7789 0.2351 0.0076 -0.005191 0.128177 7.89 490 870 -0.13 -33.82 -0.0000 -0.0000
1.580 2 9.040825 2.975249 -16.386644 5.142212 -41.488647 -10.314941 -28.09 -27.92 -9.0 -9.0 -2.293 -2.014 -13.3888 -11.5579 0.2337 0.0076 -0.002595 0.084323 7.09 490 800 -0.08 -28.01 0.0000 0.0000
1.585 2 -1.076460 -10.426558 -19.639999 5.706787 -55.213928 -19.157410 -6.03 -5.86 2.9 2.5 -1.755 -2.141 -16.6947 -16.6947 0.2313 0.0076 -0.002595 0.055608 7.21 490 790 -0.06 -5.94 -0.0000 -0.0000
1.590 2 -11.057090 5.166528 -7.465693 -1.213074 -59.539795 -1.251221 74.40 74.40 9.0 9.0 2.065 2.223 -11.9670 -7.5970 0.2294 0.0076 0.000000 0.075511 12.29 490 790 -0.08 74.40 0.0000 0.0000
1.595 2 -15.439648 -0.035962 1.627876 0.541687 -75.180054 -22.300720 99.08 98.92 9.0 9.0 2.065 2.192 -3.1818 3.3389 0.2292 0.0076 0.002595 0.161756 10.55 490 870 -0.16 99.00 0.0000 0.0000
1.600 2 -4.082876 -1.460054 -3.464331 -16.761780 -75.119019 3.852844 99.17 98.83 9.0 9.0 1.805 1.932 9.8706 13.7987 0.2307 0.0076 0.005191 0.247758 8.76 490 800 -0.25 99.00 0.0000 0.0000
1.605 2 13.907670 4.607920 -9.793628 -13.008118 -65.887451 -8.689880 -43.56 -44.39 -9.0 -9.0 1.210 0.627 15.0252 20.4889 0.2333 0.0076 0.012977 0.214311 8.61 490 800 -0.21 -43.98 -0.0000 -0.0000
1.610 2 12.672978 -6.506709 -19.639999 8.178711 -43.357849 -7.766724 -26.88 -27.88 -9.0 -9.0 -2.331 -2.141 5.5195 9.7991 0.2347 0.0076 0.015573 0.157099 9.92 490 840 -0.16 -27.38 0.0000 0.0000
1.615 2 11.541377 3.169443 -18.529976 5.073547 -16.876221 -2.906799 -26.10 -27.10 -9.0 -9.0 -1.805 -2.065 -8.2455 -7.9545 0.2339 0.0076 0.015573 0.110874 7.70 490 800 -0.11 -26.60 -0.0000 -0.0000
1.620 2 2.706733 -2.155317 -19.639999 -0.411987 -17.158508 4.463196 -10.51 -11.52 0.6 -1.3 -2.293 -1.995 -15.3667 -14.2344 0.2319 0.0076 0.015573 0.074904 7.66 490 800 -0.07 -11.02 0.0000 0.0000
1.625 2 -9.683345 0.714443 -3.181431 8.041382 -33.157349 6.942749 87.16 86.33 9.0 9.0 2.065 1.919 -11.3636 -11.0842 0.2296 0.0076 0.012977 0.101176 11.63 490 800 -0.10 86.75 0.0000 0.0000
1.630 2 -17.599760 -3.071147 0.812739 -1.594543 -45.578003 -8.094788 99.34 98.66 9.0 9.0 2.065 1.932 4.3763 -4.2258 0.2294 0.0076 0.010382 0.184825 9.87 490 870 -0.18 99.00 0.0000 0.0000
1.635 2 -0.752803 -0.719238 2.673169 -15.586853 -50.468445 17.044067 99.25 98.75 9.0 9.0 2.065 1.793 12.7573 9.3260 0.2309 0.0076 0.007786 0.280852 7.29 490 800 -0.28 99.00 0.0000 0.0000
1.640 2 11.982510 2.534116 -10.126875 -11.978149 -39.390564 3.028870 -22.81 -23.31 -9.0 -9.0 0.507 0.640 14.8601 13.3888 0.2329 0.0076 0.007786 0.244542 8.53 490 800 -0.24 -23.06 0.0000 0.0000
1.645 2 14.087480 -6.696108 -19.639999 8.010864 -18.630981 7.774353 -23.63 -23.96 -9.0 -9.0 -2.458 -2.141 7.5970 4.8995 0.2339 0.0076 0.005191 0.188680 10.76 490 830 -0.19 -23.79 -0.0000 -0.0000
1.650 2 8.602090 5.552519 -19.639999 7.781982 -4.112244 21.156311 -15.90 -15.90 -3.4 -1.6 -1.799 -1.717 -6.0640 -10.9941 0.2327 0.0076 0.000000 0.142592 9.60 490 840 -0.14 -15.90 0.0000 0.0000
1.655 2 -3.459536 -10.407377 -19.639999 16.769409 -22.018433 14.343262 16.37 16.37 9.0 9.0 0.013 0.545 -10.0168 -10.4021 0.2311 0.0076 0.000000 0.115929 11.72 490 760 -0.12 16.37 0.0000 0.0000
1.660 2 -12.541118 3.740039 -0.258926 -2.838135 -21.507263 47.431946 99.00 99.00 9.0 9.0 2.065 2.255 -3.2982 -3.6351 0.2307 0.0076 0.000000 0.150371 11.07 490 840 -0.15 99.00 0.0000 0.0000
1.665 2 -12.800043 1.968315 4.694228 -1.091003 -39.398193 16.868591 99.08 98.92 9.0 9.0 2.065 1.862 12.1826 10.9054 0.2321 0.0076 0.002595 0.243639 9.49 490 800 -0.24 99.00 0.0000 0.0000
1.670 2 -1.934751 -0.261323 1.558350 -13.122559 -43.609619 38.589478 99.00 99.00 9.0 9.0 1.983 2.192 18.5242 18.2739 0.2347 0.0076 0.000000 0.325178 7.32 490 800 -0.33 99.00 0.0000 0.0000
1.675 2 12.047241 0.465107 -19.282778 -12.825012 -16.494751 35.156250 -12.58 -12.58 -9.0 -9.0 -2.477 -1.976 19.5981 19.3181 0.2379 0.0076 0.000000 0.278332 8.42 490 800 -0.28 -12.58 -0.0000 -0.0000
1.680 2 14.279277 0.493877 -19.639999 15.144348 3.768921 29.556274 -13.99 -14.15 -7.0 -8.7 -2.160 -2.033 3.9773 6.4394 0.2389 0.0076 0.002595 0.222153 5.49 490 870 -0.22 -14.07 0.0000 0.0000
1.685 2 8.772309 3.557832 -18.657040 8.621216 9.506226 23.818970 -8.37 -8.53 2.0 0.3 -1.780 -1.394 -11.4599 -8.2455 0.2377 0.0076 0.002595 0.175067 6.82 490 810 -0.18 -8.45 -0.0000 -0.0000
1.690 2 -0.709648 -4.449687 -9.704922 15.487671 2.418518 14.366150 24.03 24.03 9.0 9.0 1.818 1.634 -6.3190 -6.0640 0.2367 0.0076 0.000000 0.156885 11.80 490 870 -0.16 24.03 0.0000 0.0000
1.695 2 -19.639999 7.762978 5.303184 0.991821 -7.736206 21.324158 99.08 98.92 9.0 9.0 2.065 2.255 2.1162 6.5644 0.2373 0.0076 0.002595 0.215406 10.54 490 880 -0.22 99.00 0.0000 0.0000
1.700 2 -17.153833 0.656904 1.340181 -7.308960 -17.959595 20.835876 99.08 98.92 9.0 9.0 2.065 1.989 16.0984 15.1940 0.2393 0.0076 0.002595 0.305905 8.89 490 800 -0.31 99.00 0.0000 0.0000
1.705 2 4.660664 0.318862 -3.651333 -15.800476 -11.184692 24.162292 71.02 70.85 9.0 9.0 2.065 1.786 22.9198 24.1477 0.2425 0.0076 0.002595 0.377222 7.80 490 780 -0.38 70.94 0.0000 0.0000
1.710 2 14.974541 -0.728828 -14.459086 -3.494263 2.998352 29.685974 -14.15 -14.48 -9.0 -9.0 -2.426 -2.141 20.1831 22.1684 0.2459 0.0076 0.005191 0.301492 8.45 490 780 -0.30 -14.31 0.0000 0.0000
1.715 2 12.107178 2.984839 -19.639999 12.351990 24.818420 29.785156 -5.76 -6.10 -4.5 -5.3 -2.135 -2.065 5.8287 6.0101 0.2471 0.0076 0.005191 0.245384 5.02 490 870 -0.25 -5.93 -0.0000 -0.0000
1.720 2 2.685156 -3.699282 -19.639999 17.372131 30.799866 15.777588 13.17 12.83 8.9 8.9 1.660 -0.082 -3.1743 -2.4453 0.2467 0.0076 0.005191 0.208866 7.37 490 860 -0.21 13.00 0.0000 0.0000
1.725 2 -4.535996 -1.464849 -6.851943 9.590149 23.643494 22.705078 62.23 62.23 9.0 9.0 2.065 2.014 9.1991 5.3449 0.2471 0.0076 0.000000 0.204146 10.00 490 840 -0.20 62.23 0.0000 0.0000
1.730 2 -11.618095 -0.079116 -0.469902 0.511169 24.673462 25.573730 98.83 99.17 9.0 9.0 2.065 1.736 17.1173 13.1288 0.2492 0.0076 -0.005191 0.252769 7.63 490 810 -0.25 99.00 0.0000 0.0000
1.735 2 -3.349253 -4.207544 1.359360 -8.758545 23.475647 32.608032 98.67 99.33 9.0 9.0 1.945 1.736 25.5145 20.1831 0.2520 0.0076 -0.010382 0.340670 8.56 490 770 -0.34 99.00 0.0000 0.0000
1.740 2 4.432905 2.069009 -3.627358 -8.407593 22.781372 32.150269 -7.06 -6.22 -9.0 -9.0 1.653 1.691 31.4481 28.1723 0.2562 0.0075 -0.012977 0.375348 9.07 490 780 -0.38 -6.64 0.0000 0.0000
1.745 2 7.715029 -2.224844 -15.722548 -4.516602 42.564392 30.387878 5.64 6.65 -6.3 -4.4 -2.927 -1.995 22.5378 20.8041 0.2600 0.0075 -0.015573 0.317934 11.52 490 770 -0.32 6.14 0.0000 0.0000
1.750 2 10.335454 -1.872417 -19.639999 1.312256 68.855286 32.958984 10.38 11.55 4.1 5.8 -0.038 0.456 7.3096 5.9310 0.2614 0.0074 -0.018168 0.276083 11.26 490 840 -0.28 10.96 0.0000 0.0000
1.755 2 7.990737 -1.316206 -19.639999 9.117126 72.326660 23.628235 9.91 11.25 3.3 5.6 0.811 1.191 8.7243 7.1929 0.2624 0.0074 -0.020764 0.239493 11.60 490 800 -0.24 10.58 0.0000 0.0000
1.760 2 0.625737 -1.980303 -10.826933 10.246277 71.868896 29.876709 31.61 32.78 9.0 9.0 1.793 2.097 13.3888 13.5227 0.2642 0.0074 -0.018168 0.223229 11.60 490 790 -0.22 32.19 0.0000 0.0000
1.765 2 -5.998447 -1.153179 0.170220 8.316040 73.059082 7.553101 98.41 99.59 9.0 9.0 2.065 1.995 21.8108 21.4646 0.2671 0.0073 -0.018168 0.266833 10.81 490 780 -0.27 99.00 0.0000 0.0000
1.770 2 -5.463813 -0.700059 0.179810 -5.287170 76.179504 28.541565 98.33 99.67 9.0 9.0 1.831 1.907 28.1723 26.5151 0.2709 0.0073 -0.020764 0.353294 10.71 490 780 -0.35 99.00 0.0000 0.0000
1.775 2 1.145986 1.325796 -5.655610 -6.195068 82.382202 15.197754 41.26 42.60 9.0 9.0 1.736 1.609 33.8067 33.8067 0.2757 0.0072 -0.020764 0.381643 11.04 490 760 -0.38 41.93 0.0000 0.0000
1.780 2 8.762719 -4.178774 -14.224135 -6.195068 109.252930 16.082764 13.85 15.35 -6.5 -2.8 -0.684 -0.380 33.8067 28.7717 0.2807 0.0070 -0.023359 0.338617 11.07 490 770 -0.34 14.60 0.0000 0.0000
1.785 2 12.356513 0.661699 -19.639999 3.494263 141.174316 4.531860 13.11 14.78 0.7 2.8 -0.747 -0.057 18.0303 16.9034 0.2837 0.0070 -0.025955 0.297067 11.49 490 800 -0.30 13.94 0.0000 0.0000
1.790 2 14.094672 3.749629 -17.477489 6.210327 151.344299 9.284973 -2.55 -0.87 -4.9 -4.0 -0.906 -0.380 11.3636 12.6380 0.2858 0.0069 -0.025955 0.251451 11.91 490 810 -0.25 -1.71 -0.0000 -0.0000
1.795 2 -0.311670 -9.877539 -19.639999 16.029358 147.056580 0.717163 33.99 35.66 9.0 9.0 -0.329 -0.298 7.9545 8.7243 0.2870 0.0069 -0.025955 0.220652 11.58 490 800 -0.22 34.82 0.0000 0.0000
1.800 2 -9.968642 2.992031 -1.234692 1.792908 147.514343 3.547668 98.25 99.75 9.0 9.0 2.065 1.736 14.5405 14.8601 0.2888 0.0068 -0.023359 0.260997 11.18 490 800 -0.26 99.00 0.0000 0.0000
1.805 2 -13.838144 -1.510400 0.100693 -4.592896 130.790710 5.455017 98.16 99.84 9.0 9.0 2.065 1.691 26.0052 24.5867 0.2922 0.0068 -0.025955 0.350241 11.00 490 770 -0.35 99.00 0.0000 0.0000
1.810 2 -4.931577 -0.925420 -0.726431 -11.123657 130.149841 9.872437 98.16 99.84 9.0 9.0 1.698 1.622 32.1969 31.4481 0.2966 0.0067 -0.025955 0.431831 10.96 490 780 -0.43 99.00 0.0000 0.0000
1.815 2 14.686845 -1.062075 -10.194004 -7.843018 150.062561 20.530701 1.96 3.47 -9.0 -9.0 -1.178 -0.969 33.8067 35.5860 0.3016 0.0065 -0.023359 0.388755 10.79 490 780 -0.39 2.72 0.0000 0.0000
1.820 2 12.514746 1.630273 -19.160507 10.414124 173.171997 20.179749 14.55 15.89 1.1 0.3 -1.685 -1.603 17.3368 19.8863 0.3051 0.0065 -0.020764 0.334327 9.68 490 810 -0.33 15.22 0.0000 0.0000
1.825 2 12.385283 2.833799 -17.237743 10.742188 167.083740 9.880066 7.83 9.00 0.0 1.3 -0.298 -0.405 11.9670 10.4827 0.3069 0.0064 -0.018168 0.287904 12.02 490 810 -0.29 8.41 0.0000 0.0000
1.830 2 0.091104 -9.884731 -16.039013 11.444092 154.335022 3.684998 44.33 45.67 9.0 9.0 1.178 1.286 14.2344 11.6575 0.3087 0.0064 -0.020764 0.263753 11.93 490 790 -0.26 45.00 0.0000 0.0000
1.835 2 -7.446514 6.803994 -5.758701 -3.852844 139.396667 7.156372 98.33 99.67 9.0 9.0 2.065 1.805 25.0420 23.3150 0.3119 0.0063 -0.020764 0.292627 10.98 490 780 -0.29 99.00 0.0000 0.0000
1.840 2 -8.172944 1.503208 -0.656904 -7.164001 126.411438 7.141113 98.25 99.75 9.0 9.0 1.666 1.818 32.1969 31.4481 0.3165 0.0062 -0.023359 0.377890 10.90 490 770 -0.38 99.00 0.0000 0.0000
1.845 2 -1.531978 -4.344199 -3.838335 -12.863159 127.731323 10.864258 -9.37 -8.03 -9.0 -9.0 1.907 1.444 36.5478 38.6363 0.3216 0.0061 -0.020764 0.407598 10.98 490 780 -0.41 -8.70 0.0000 0.0000
1.850 2 13.588808 2.845786 -10.237158 -6.744385 135.925293 29.945374 -1.32 0.02 -9.0 -9.0 -2.521 -2.141 27.5973 35.5860 0.3268 0.0060 -0.020764 0.339626 11.68 490 780 -0.34 -0.65 0.0000 0.0000
1.855 2 11.843456 2.248818 -12.318154 4.753113 143.585205 30.624390 -4.50 -3.50 -9.0 -9.0 -2.211 -2.027 15.1940 18.0303 0.3296 0.0059 -0.015573 0.280054 9.63 490 800 -0.28 -4.00 -0.0000 -0.0000
1.860 2 12.020868 2.311152 -19.639999 9.597778 135.353088 18.829346 5.66 6.50 -0.9 -2.2 -1.691 -1.691 5.8794 7.6833 0.3306 0.0059 -0.012977 0.237169 6.58 490 830 -0.24 6.08 0.0000 0.0000
1.865 2 -1.484028 -2.824209 -17.669287 19.248962 107.589722 -10.665894 35.87 36.88 9.0 9.0 1.660 1.463 8.5048 4.5685 0.3316 0.0059 -0.015573 0.218072 11.42 490 830 -0.22 36.37 0.0000 0.0000
1.870 2 -11.577338 -0.505864 -5.487788 -5.378723 83.534241 23.506165 98.50 99.50 9.0 9.0 2.065 1.951 19.0460 18.0303 0.3340 0.0059 -0.015573 0.244311 10.62 490 800 -0.24 99.00 0.0000 0.0000
1.875 2 -6.863930 5.967280 3.039980 -13.076782 69.046021 6.004333 98.50 99.50 9.0 9.0 2.065 1.875 28.1723 28.7717 0.3376 0.0058 -0.015573 0.315941 9.81 490 780 -0.32 99.00 0.0000 0.0000
1.880 2 3.879092 -5.183311 -0.083911 -14.877319 68.565369 21.858215 20.48 21.48 -2.2 -2.6 1.799 1.704 33.8067 35.5860 0.3425 0.0057 -0.015573 0.373738 8.72 490 770 -0.37 20.98 0.0000 0.0000
1.885 2 11.313618 3.330073 -11.107436 -7.705688 80.062866 27.900696 -10.31 -9.47 -9.0 -9.0 -2.698 -2.141 27.5973 29.3972 0.3475 0.0057 -0.012977 0.300224 12.10 490 760 -0.30 -9.89 0.0000 0.0000
1.890 2 14.495049 2.282383 -14.355995 7.896423 82.366943 37.536621 -16.28 -15.61 -9.0 -9.0 -2.268 -2.090 10.4827 15.7241 0.3501 0.0056 -0.010382 0.233370 9.65 490 790 -0.23 -15.95 -0.0000 -0.0000
1.895 2 13.713476 1.344976 -19.639999 11.367798 76.538086 14.144897 -9.85 -9.34 -9.0 -9.0 -2.192 -2.008 4.4192 4.4777 0.3507 0.0056 -0.007786 0.186302 6.39 490 870 -0.19 -9.60 0.0000 0.0000
1.900 2 3.442754 -2.891338 -18.172754 16.746521 42.312622 -0.053406 1.31 1.81 0.3 -0.6 -2.584 -1.577 -1.9886 -3.2044 0.3503 0.0056 -0.007786 0.151279 6.53 490 870 -0.15 1.56 0.0000 0.0000
1.905 2 -6.758442 -2.102573 -5.866587 -7.011414 22.552490 43.327332 65.75 65.58 9.0 9.0 1.552 0.906 -7.5546 1.5109 0.3499 0.0056 0.002595 0.150952 11.85 490 810 -0.15 65.67 0.0000 0.0000
1.910 2 -11.150591 6.832764 -3.397202 -19.790649 6.294250 40.519714 99.25 98.75 9.0 9.0 2.065 1.805 2.4019 12.6380 0.3507 0.0056 0.007786 0.214362 10.63 490 840 -0.21 99.00 0.0000 0.0000
1.915 2 -3.550640 -3.344458 -2.987236 -25.787354 1.861572 46.806335 99.50 98.50 9.0 9.0 2.065 1.520 16.6947 22.1684 0.3533 0.0057 0.015573 0.291902 9.49 490 790 -0.29 99.00 0.0000 0.0000
1.920 2 6.612197 0.719238 -8.451050 -26.679993 14.503479 40.107727 -2.69 -4.03 -8.6 -9.0 1.495 0.114 22.1684 26.5151 0.3570 0.0057 0.020764 0.262981 8.64 490 780 -0.26 -3.36 0.0000 0.0000
1.925 2 17.093897 1.193936 -16.858944 -12.611389 41.404724 38.764954 -24.62 -25.96 -9.0 -9.0 -2.743 -2.141 10.7323 14.6986 0.3594 0.0058 0.020764 0.198505 10.81 490 790 -0.20 -25.29 -0.0000 -0.0000
1.930 2 11.054692 0.177412 -19.639999 6.706238 56.465149 20.812988 -15.30 -16.98 -3.3 -9.0 -2.027 -2.008 -9.5906 4.6470 0.3598 0.0058 0.025955 0.151303 8.84 490 840 -0.15 -16.14 0.0000 0.0000
1.935 2 0.362017 -8.228086 -17.127460 18.753052 40.313721 7.408142 4.59 3.25 4.0 3.5 -1.698 -2.128 -2.2205 -4.7953 0.3594 0.0058 0.020764 0.119382 8.89 490 870 -0.12 3.92 0.0000 0.0000
1.940 2 -7.388974 5.461416 -4.018145 4.234314 29.922485 25.413513 79.70 78.53 9.0 9.0 2.065 1.831 -1.2194 3.9196 0.3596 0.0058 0.018168 0.133114 12.37 490 880 -0.13 79.11 0.0000 0.0000
1.945 2 -15.729741 3.207803 -3.267739 -9.872437 19.348145 20.523071 99.59 98.41 9.0 9.0 2.065 2.325 13.9409 14.0861 0.3612 0.0058 0.018168 0.200744 10.76 490 800 -0.20 99.00 0.0000 0.0000
1.950 2 -6.513901 -3.708872 -4.962744 -17.494202 23.216248 22.369385 99.59 98.41 9.0 9.0 1.888 1.913 24.1477 23.7240 0.3644 0.0059 0.018168 0.282737 9.81 490 780 -0.28 99.00 0.0000 0.0000
1.955 2 8.472627 0.342837 -2.869761 -21.026611 41.709900 21.141052 -28.34 -29.68 -9.0 -9.0 1.666 1.856 29.3972 30.0504 0.3686 0.0060 0.020764 0.268710 8.95 490 780 -0.27 -29.01 0.0000 0.0000
1.960 2 13.907670 3.416382 -17.710043 -10.902405 70.793152 36.163330 -20.03 -21.37 -9.0 -9.0 -2.724 -2.141 18.5242 20.4889 0.3722 0.0060 0.020764 0.202864 11.11 490 800 -0.20 -20.70 -0.0000 -0.0000
1.965 2 13.456948 0.887061 -16.676737 1.770020 89.149475 34.461975 -21.04 -22.55 -9.0 -9.0 -2.116 -2.021 6.8993 5.8037 0.3732 0.0061 0.023359 0.152584 9.05 490 840 -0.15 -21.80 0.0000 0.0000
1.970 2 5.132964 -6.151885 -19.639999 12.184143 79.063416 14.854431 -4.82 -6.16 -4.1 -5.1 -2.223 -2.052 1.9627 1.8448 0.3730 0.0061 0.020764 0.115567 6.79 490 880 -0.12 -5.49 -0.0000 -0.0000
1.975 2 -6.132705 -0.201387 -12.212666 2.647400 62.225342 18.783569 45.09 43.75 9.0 9.0 2.065 1.951 -1.9100 -5.3661 0.3726 0.0061 0.020764 0.116612 8.65 490 860 -0.12 44.42 0.0000 0.0000
1.980 2 -12.919916 1.153179 -2.457397 -10.536194 41.885376 25.810242 99.67 98.33 9.0 9.0 1.995 2.192 12.1826 12.5210 0.3742 0.0061 0.020764 0.176178 5.73 490 800 -0.18 99.00 0.0000 0.0000
1.985 2 0.774380 -0.537031 1.011729 -16.777039 30.982971 20.416260 -2.76 -4.10 -8.6 -8.9 1.888 1.970 22.5378 21.8108 0.3771 0.0061 0.020764 0.222592 7.36 490 780 -0.22 -3.43 0.0000 0.0000
1.990 2 7.077304 0.970972 -2.697144 -20.568848 41.435242 29.701233 -25.54 -27.05 -9.0 -9.0 0.044 -0.070 17.3368 18.5242 0.3801 0.0062 0.023359 0.159811 11.23 490 800 -0.16 -26.29 0.0000 0.0000
1.995 2 13.694297 0.256528 -13.042187 -8.010864 59.326172 26.321411 -44.16 -45.83 -9.0 -9.0 -2.673 -2.141 8.0974 11.8620 0.3819 0.0063 0.025955 0.098723 11.49 490 800 -0.10 -44.99 -0.0000 -0.0000
2.000 2 9.513124 0.374004 -19.639999 8.087158 61.141968 19.111633 -22.29 -23.97 -9.0 -9.0 -2.236 -2.027 -3.9196 -3.5774 0.3819 0.0063 0.025955 0.058011 9.71 490 870 -0.06 -23.13 0.0000 0.0000
2.005 2 1.611094 -1.433682 -19.639999 18.157959 35.720825 -2.822876 4.46 2.79 1.7 0.6 -2.147 -1.875 -5.2414 -4.6630 0.3811 0.0062 0.025955 0.037060 7.44 490 880 -0.04 3.62 0.0000 0.0000
2.010 2 -7.472886 2.186484 -8.153765 6.004333 8.651733 15.800476 56.84 55.00 9.0 9.0 1.147 0.614 -4.5996 -2.7485 0.3809 0.0062 0.028550 0.050900 11.80 490 870 -0.05 55.92 0.0000 0.0000
2.015 2 -7.005381 2.184087 -3.888681 -0.350952 -3.059387 5.271912 81.69 79.68 9.0 9.0 2.065 2.103 9.0151 10.4021 0.3819 0.0063 0.031146 0.098788 10.74 490 800 -0.10 80.68 0.0000 0.0000
2.020 2 -3.790386 -1.632671 -2.879350 -6.172180 -2.449036 7.125854 86.96 84.78 9.0 9.0 1.856 1.736 18.5242 21.4646 0.3845 0.0063 0.033741 0.164789 9.44 490 790 -0.16 85.87 0.0000 0.0000
2.025 2 2.785850 -1.826865 -7.353013 -9.925842 11.924744 -9.971619 -32.36 -34.71 -9.0 -9.0 0.621 0.342 25.5145 26.0052 0.3883 0.0065 0.036337 0.151141 8.50 490 770 -0.15 -33.53 -0.0000 -0.0000
2.030 2 11.455068 -2.661181 -9.843974 -3.959656 30.372620 -13.877869 -33.06 -35.24 -9.0 -9.0 -2.192 -2.071 11.9670 13.1288 0.3909 0.0066 0.033741 0.097140 9.29 490 800 -0.10 -34.15 0.0000 0.0000
2.035 2 13.890888 4.178774 -12.440424 1.136780 38.246155 -13.168335 -48.37 -50.54 -9.0 -9.0 -2.268 -2.014 3.9425 3.3472 0.3913 0.0066 0.033741 0.043286 5.74 490 870 -0.04 -49.46 -0.0000 -0.0000
2.040 2 15.068042 -0.330850 -18.755337 9.216309 25.032043 -9.605408 -44.05 -46.06 -9.0 -9.0 -2.230 -2.046 -6.2317 -8.0016 0.3903 0.0065 0.031146 -0.001470 6.53 490 850 0.00 -45.05 0.0000 0.0000
2.045 2 -2.769067 -1.582324 -16.122925 13.710022 2.265930 -7.865906 -4.15 -6.32 -3.2 -4.3 -2.204 -2.128 -7.5126 -7.5546 0.3893 0.0065 0.033741 -0.016523 6.74 490 800 0.02 -5.24 -0.0000 -0.0000
2.050 2 -14.540600 0.234951 -11.296836 2.593994 -9.735107 -14.770508 65.25 63.07 9.0 9.0 2.065 2.154 -4.5378 -4.0609 0.3885 0.0065 0.033741 0.021970 9.89 490 870 -0.02 64.16 0.0000 0.0000
2.055 2 -10.721445 -2.601245 -0.537031 -5.844116 -20.256042 -13.557434 100.09 97.91 9.0 9.0 2.065 1.989 9.4564 10.1674 0.3893 0.0065 0.033741 0.087595 5.92 490 810 -0.09 99.00 0.0000 0.0000
2.060 2 -1.323398 -0.067129 -1.733364 -10.284424 -10.505676 -9.323120 44.45 42.10 9.0 9.0 2.065 2.109 16.2924 19.5981 0.3919 0.0066 0.036337 0.125731 7.42 490 810 -0.13 43.27 0.0000 0.0000
2.065 2 10.004604 -4.197954 -5.890561 -15.670776 11.596680 14.053345 -52.28 -54.80 -9.0 -9.0 -1.362 -1.514 18.7815 22.9198 0.3950 0.0067 0.038932 0.096339 7.20 490 790 -0.10 -53.54 0.0000 0.0000
2.070 2 16.839766 -0.867881 -13.826157 -8.399963 25.375366 51.582336 -52.87 -55.89 -9.0 -9.0 -2.166 -2.109 4.3763 10.0916 0.3964 0.0068 0.046719 0.034619 5.00 490 840 -0.03 -54.38 -0.0000 -0.0000
