%  1    time 0.006 sec
%  2    mission (2) state 2
%  3  4  5 Acc x,y,z: 0.148643 -0.455518 -10.239555
%  6  7  8 Gyro x,y,z: -0.808716 6.767273 -3.425598
%  9 10 Motor velocity ref left, right: 0.00 -0.00
% 11 12 Motor voltage [V] left, right: -7.4 -7.4
% 13 14 Wheel velocity [r/s] left, right: -7.0066 -8.5048
% 15 16 17 18 Pose x,y,h,tilt [m,m,rad,rad]: -0.0008 -0.0000 0.000000 0.001484% 19    Battery voltage [V]: 8.88
% 20 21 Get data time [us]: 490 +ctrl 800
% 22 23 24 25 Extra pt.: balE[0], balU[0], balUI[0], balUI[1]: -0.00 -99.0000 0.0000 0.0000
0.016 2 0.098296 -1.177153 -10.100503 -0.587463 5.729675 -4.371643 0.08 -0.08 -9.2 -9.2 -25.5145 -24.5867 -0.0062 -0.0000 0.002595 -0.002980 10.66 490 780 0.00 -99.00 0.0000 0.0000
0.026 2 -0.031167 -0.592173 -10.050156 -1.113892 5.523682 -3.730774 0.08 -0.08 -9.5 -9.5 -40.9779 -40.9779 -0.0163 -0.0000 0.002595 -0.000920 11.03 490 770 0.00 -99.00 0.0000 0.0000
0.036 2 -0.716841 1.323398 -10.575200 -4.638672 5.744934 -0.289917 -0.00 0.00 -9.7 -9.7 -52.0104 -52.0104 -0.0302 -0.0001 -0.000000 -0.000111 11.25 490 750 0.00 -99.00 0.0000 0.0000
0.046 2 0.198989 1.179551 -10.203593 -4.043579 4.173279 -5.538940 -0.08 0.08 -9.7 -9.7 -58.7943 -61.4668 -0.0465 -0.0001 -0.002595 -0.003813 11.25 490 780 0.00 -99.00 0.0000 0.0000
0.056 2 -0.316465 0.817534 -10.450532 -4.524231 4.562378 -1.388550 -0.08 0.08 -9.9 -9.9 -67.6135 -71.1721 -0.0650 -0.0000 -0.002595 -0.001966 11.41 490 790 0.00 -99.00 0.0000 0.0000
0.066 2 -0.033564 -0.021577 -11.052295 -3.608704 4.478455 -1.167297 -0.33 0.33 -9.9 -9.9 -67.6135 -75.1261 -0.0853 0.0001 -0.010382 0.000164 11.41 490 770 -0.00 -99.00 0.0000 0.0000
0.076 2 0.522646 1.464849 -11.076269 -5.081177 3.715515 -2.990723 -0.50 0.50 -10.0 -10.0 -75.1261 -79.5453 -0.1066 0.0004 -0.015573 0.000827 11.52 490 790 -0.00 -99.00 0.0000 0.0000
0.086 2 0.620942 2.764272 -10.898857 -7.118225 3.105164 -4.081726 -0.84 0.84 -10.0 -10.0 -79.5453 -84.5168 -0.1291 0.0009 -0.025955 -0.001763 11.47 490 780 0.00 -99.00 0.0000 0.0000
0.096 2 -0.251733 1.249077 -10.402583 -7.202148 2.784729 -7.827759 -1.09 1.09 -10.0 -9.9 -84.5168 -90.1513 -0.1527 0.0016 -0.033741 -0.003229 11.47 490 780 0.00 -99.00 0.0000 0.0000
0.106 2 -0.366812 -2.423833 -9.973437 -3.158569 1.220703 -8.750916 -1.34 1.34 -10.1 -9.8 -84.5168 -90.1513 -0.1766 0.0025 -0.041528 -0.001060 11.61 490 780 0.00 -99.00 0.0000 0.0000
0.116 2 0.215771 -2.136138 -10.361826 -0.793457 0.869751 -3.875732 -1.59 1.59 -10.1 -9.6 -90.1513 -90.1513 -0.2009 0.0036 -0.049314 -0.004317 11.58 490 780 0.00 -99.00 0.0000 0.0000
0.126 2 0.625737 0.719238 -10.289902 -1.800537 1.312256 1.037598 -1.84 1.84 -10.2 -9.5 -90.1513 -90.1513 -0.2256 0.0049 -0.057101 -0.005702 11.69 490 790 0.01 -99.00 0.0000 0.0000
0.136 2 -0.170220 3.181431 -10.611162 -8.338928 1.350403 4.608154 -1.76 1.76 -10.1 -9.6 -90.1513 -90.1513 -0.2503 0.0063 -0.054505 -0.004973 11.58 490 790 0.00 -99.00 0.0000 0.0000
0.146 2 0.671289 -2.414243 -10.102901 -3.692627 0.076294 -1.068115 -1.93 1.93 -10.2 -9.5 -90.1513 -90.1513 -0.2752 0.0077 -0.059696 -0.011087 11.69 490 790 0.01 -99.00 0.0000 0.0000
0.156 2 0.599365 -3.116699 -9.995014 0.869751 0.282288 -3.425598 -1.93 1.93 -10.2 -9.5 -90.1513 -90.1513 -0.3001 0.0092 -0.059696 -0.010467 11.66 490 790 0.01 -99.00 0.0000 0.0000
0.166 2 0.534634 2.186484 -10.464916 -5.378723 0.259399 2.998352 -2.09 2.09 -10.0 -9.4 -90.1513 -90.1513 -0.3250 0.0108 -0.064887 -0.010107 11.53 490 790 0.01 -99.00 0.0000 0.0000
0.176 2 -0.728828 1.534375 -10.421762 -9.384155 -2.609253 5.897522 -2.18 2.18 -10.1 -9.3 -90.1513 -90.1513 -0.3501 0.0124 -0.067483 -0.012305 11.61 490 800 0.01 -99.00 0.0000 0.0000
0.186 2 0.201387 -3.013608 -9.863154 -3.112793 -5.432129 -1.098633 -2.18 2.18 -10.1 -5.9 -90.1513 -96.5907 -0.3750 0.0141 -0.067483 -0.011430 11.63 490 790 0.01 -99.00 0.0000 0.0000
0.196 2 0.378799 -0.294888 -10.150849 -2.456665 -8.628845 -0.450134 -2.18 2.18 -10.1 -9.3 -90.1513 -90.1513 -0.3998 0.0158 -0.067483 -0.011794 11.64 490 790 0.01 -99.00 0.0000 0.0000
0.206 2 -0.570596 2.543706 -10.850908 -6.652832 -13.793945 5.638123 -2.18 2.18 -10.1 -10.1 -90.1513 -84.5168 -0.4247 0.0175 -0.067483 -0.010707 11.64 490 780 0.01 -99.00 0.0000 0.0000
0.216 2 -0.393184 0.033564 -10.814946 -3.257751 -20.309448 3.211975 -2.18 2.18 -10.3 -9.3 -84.5168 -90.1513 -0.4500 0.0193 -0.067483 -0.009147 11.79 490 780 0.01 -99.00 0.0000 0.0000
0.226 2 0.678481 -1.625479 -10.328261 2.128601 -23.895264 -1.182556 -2.09 2.09 -8.2 -9.4 -96.5907 -90.1513 -0.4747 0.0209 -0.064887 -0.007646 11.69 490 790 0.01 -99.00 0.0000 0.0000
0.236 2 -0.558608 2.366294 -10.577598 -1.365662 -29.045105 2.311707 -2.18 2.18 -10.1 -9.3 -79.5453 -90.1513 -0.4994 0.0225 -0.067483 -0.013210 11.61 490 790 0.01 -99.00 0.0000 0.0000
0.246 2 -1.292231 1.110024 -10.944408 -3.425598 -35.331726 3.997803 -2.26 2.26 -10.2 -9.3 -90.1513 -90.1513 -0.5241 0.0243 -0.070078 -0.005917 11.69 490 790 0.01 -99.00 0.0000 0.0000
0.256 2 0.424351 -3.363638 -10.062143 4.020691 -38.345337 -1.632690 -2.43 2.43 -10.1 -9.2 -90.1513 -90.1513 -0.5490 0.0261 -0.075269 -0.005647 11.64 490 790 0.01 -99.00 0.0000 0.0000
0.266 2 0.038359 0.561006 -10.208388 4.112244 -40.672302 -0.282288 -2.51 2.51 -10.0 -9.2 -90.1513 -90.1513 -0.5736 0.0280 -0.077865 -0.010221 11.53 490 770 0.01 -99.00 0.0000 0.0000
0.276 2 -0.875073 1.807685 -10.512866 -0.450134 -43.289185 7.125854 -2.68 2.68 -10.3 -9.1 -90.1513 -90.1513 -0.5985 0.0300 -0.083056 -0.007990 11.83 490 790 0.01 -99.00 0.0000 0.0000
0.286 2 -0.110283 -1.601504 -10.158042 4.882812 -46.852112 3.684998 -2.68 2.68 -10.1 -9.1 -90.1513 -90.1513 -0.6233 0.0320 -0.083056 -0.006024 11.60 490 780 0.01 -99.00 0.0000 0.0000
0.296 2 0.369209 -1.371348 -9.489150 9.475708 -47.065735 1.495361 -2.68 2.68 -10.2 -9.1 -90.1513 -90.1513 -0.6482 0.0341 -0.083056 -0.011395 11.71 490 790 0.01 -99.00 0.0000 0.0000
0.306 2 -0.793560 1.781313 -10.294697 5.393982 -48.202515 7.881165 -2.68 2.68 -8.5 -9.1 -96.5907 -90.1513 -0.6735 0.0362 -0.083056 -0.013236 11.64 490 790 0.01 -99.00 0.0000 0.0000
0.316 2 -0.649712 -0.234951 -10.452929 6.233215 -50.903320 6.584167 -2.60 2.60 -10.2 -9.1 -90.1513 -90.1513 -0.6985 0.0382 -0.080460 -0.009679 11.74 490 790 0.01 -99.00 0.0000 0.0000
0.326 2 0.196592 -2.349512 -9.843974 11.413574 -51.452637 4.096985 -2.76 2.76 -10.1 -9.0 -90.1513 -90.1513 -0.7234 0.0403 -0.085651 -0.008235 11.61 490 790 0.01 -99.00 0.0000 0.0000
0.336 2 -0.163027 -0.345234 -9.623408 9.872437 -52.276611 7.820129 -2.68 2.68 -10.1 -9.1 -84.5168 -90.1513 -0.7484 0.0424 -0.083056 -0.011278 11.64 490 780 0.01 -99.00 0.0000 0.0000
0.346 2 -1.754941 -0.596968 -10.227568 7.415771 -53.260803 13.580322 -2.68 2.68 -10.2 -9.1 -90.1513 -90.1513 -0.7733 0.0445 -0.083056 -0.002283 11.68 490 790 0.00 -99.00 0.0000 0.0000
0.356 2 0.220566 -1.050088 -9.776845 8.026123 -52.444458 16.319275 -2.60 2.60 -8.4 -9.1 -96.5907 -90.1513 -0.7987 0.0466 -0.080460 0.004983 11.74 490 790 -0.00 -99.00 0.0000 0.0000
0.366 2 -0.175015 -0.925420 -9.815205 10.681152 -51.757812 17.234802 -2.60 2.60 -8.4 -9.1 -96.5907 -90.1513 -0.8236 0.0486 -0.080460 0.002322 11.69 490 790 -0.00 -99.00 0.0000 0.0000
0.376 2 -1.227500 0.069526 -10.215581 8.140564 -51.574707 22.079468 -2.60 2.60 -10.2 -9.1 -84.5168 -90.1513 -0.8481 0.0505 -0.080460 0.008968 11.71 490 780 -0.01 -99.00 0.0000 0.0000
0.386 2 -0.678481 -1.167563 -10.059746 9.399414 -51.620483 19.668579 -2.76 2.76 -10.1 -9.0 -90.1513 -90.1513 -0.8725 0.0526 -0.085651 0.016807 11.63 490 780 -0.02 -99.00 0.0000 0.0000
0.396 2 -0.484287 -1.505605 -10.033374 12.474060 -49.713135 16.105652 -2.85 2.85 -10.1 -9.0 -90.1513 -90.1513 -0.8972 0.0548 -0.088246 0.021717 11.61 490 780 -0.02 -99.00 0.0000 0.0000
0.406 2 -0.937407 0.009590 -10.306684 12.023926 -48.553467 14.846802 -2.93 2.93 -10.2 -8.9 -90.1513 -90.1513 -0.9218 0.0570 -0.090842 0.025678 11.66 490 780 -0.03 -99.00 0.0000 0.0000
0.416 2 -2.267998 0.433940 -10.846113 8.949280 -48.057556 13.809204 -2.93 2.93 -10.1 -8.9 -90.1513 -90.1513 -0.9466 0.0593 -0.090842 0.035302 11.64 490 790 -0.04 -99.00 0.0000 0.0000
0.426 2 -0.783970 -2.543706 -10.318671 11.871338 -45.783997 4.989624 -2.85 2.85 -10.1 -9.0 -84.5168 -90.1513 -0.9717 0.0615 -0.088246 0.042130 11.60 490 780 -0.04 -99.00 0.0000 0.0000
0.436 2 -0.587378 -1.282642 -9.654575 13.046265 -43.151855 1.876831 -2.76 2.76 -10.2 -9.0 -90.1513 -90.1513 -0.9967 0.0637 -0.085651 0.045701 11.68 490 780 -0.05 -99.00 0.0000 0.0000
0.446 2 -2.347114 1.771724 -9.985424 8.728027 -41.259766 5.592346 -2.60 2.60 -8.4 -9.1 -96.5907 -90.1513 -1.0220 0.0658 -0.080460 0.053908 11.79 490 790 -0.05 -99.00 0.0000 0.0000
0.456 2 -1.472041 -1.409707 -9.836782 8.224487 -38.223267 3.639221 -2.60 2.60 -8.4 -9.1 -96.5907 -90.1513 -1.0469 0.0678 -0.080460 0.062807 11.74 490 790 -0.06 -99.00 0.0000 0.0000
0.466 2 -0.966177 -1.023716 -9.848769 9.521484 -34.042358 1.113892 -2.68 2.68 -10.2 -9.1 -90.1513 -90.1513 -1.0715 0.0698 -0.083056 0.068512 11.68 500 800 -0.07 -99.00 0.0000 0.0000
0.476 2 -2.205664 1.438477 -10.131670 8.209229 -31.394958 5.607605 -2.68 2.68 -10.1 -5.6 -90.1513 -96.5907 -1.0964 0.0719 -0.083056 0.077598 11.63 490 790 -0.08 -99.00 0.0000 0.0000
0.486 2 -1.683017 1.450464 -10.083720 1.625061 -28.274536 12.786865 -2.60 2.60 -10.1 -9.1 -90.1513 -90.1513 -1.1210 0.0739 -0.080460 0.088213 11.60 490 790 -0.09 -99.00 0.0000 0.0000
0.496 2 -0.958984 -2.771465 -9.107954 7.011414 -24.505615 7.637024 -2.43 2.43 -8.3 -10.3 -96.5907 -84.5168 -1.1459 0.0759 -0.075269 0.095140 11.75 490 780 -0.10 -99.00 0.0000 0.0000
0.506 2 -1.414502 0.400376 -9.978232 4.867554 -20.278931 12.336731 -2.34 2.34 -8.3 -9.2 -96.5907 -90.1513 -1.1710 0.0777 -0.072674 0.098970 11.77 490 790 -0.10 -99.00 0.0000 0.0000
0.516 2 -2.378281 0.975767 -10.352236 1.205444 -17.227173 15.724182 -2.43 2.43 -10.2 -9.2 -84.5168 -90.1513 -1.1956 0.0796 -0.075269 0.111560 11.71 490 780 -0.11 -99.00 0.0000 0.0000
0.526 2 -0.970972 -1.944341 -9.836782 3.036499 -13.320923 12.161255 -2.51 2.51 -10.2 -9.2 -90.1513 -90.1513 -1.2203 0.0815 -0.077865 0.115365 11.66 490 790 -0.12 -99.00 0.0000 0.0000
0.536 2 -0.923022 -0.925420 -10.045361 3.997803 -9.094238 7.774353 -2.51 2.51 -10.2 -9.2 -84.5168 -90.1513 -1.2452 0.0835 -0.077865 0.123090 11.72 490 780 -0.12 -99.00 0.0000 0.0000
0.546 2 -2.102573 0.891855 -10.229965 0.953674 -5.081177 8.102417 -2.43 2.43 -8.3 -9.2 -96.5907 -90.1513 -1.2698 0.0854 -0.075269 0.131197 11.72 490 790 -0.13 -99.00 0.0000 0.0000
0.556 2 -1.695005 -2.610835 -9.846372 0.518799 -1.472473 4.463196 -2.51 2.51 -10.2 -9.2 -90.1513 -90.1513 -1.2945 0.0873 -0.077865 0.135707 11.74 490 780 -0.14 -99.00 0.0000 0.0000
0.566 2 -1.407310 -2.443013 -9.740884 3.669739 2.128601 1.358032 -2.60 2.60 -10.1 -9.1 -90.1513 -90.1513 -1.3192 0.0893 -0.080460 0.143660 11.64 490 780 -0.14 -99.00 0.0000 0.0000
0.576 2 -2.112163 -0.774380 -9.784038 2.685547 7.255554 2.548218 -2.68 2.68 -10.1 -9.1 -90.1513 -90.1513 -1.3442 0.0913 -0.083056 0.152160 11.64 490 790 -0.15 -99.00 0.0000 0.0000
0.586 2 -2.083394 1.647056 -10.623149 -3.860474 11.283875 7.324219 -2.68 2.68 -10.1 -9.1 -90.1513 -90.1513 -1.3691 0.0934 -0.083056 0.156814 11.64 490 790 -0.16 -99.00 0.0000 0.0000
0.596 2 -2.244023 -0.561006 -10.457725 -2.143860 13.732910 1.182556 -2.60 2.60 -10.3 -9.1 -90.1513 -90.1513 -1.3942 0.0954 -0.080460 0.161794 11.77 490 790 -0.16 -99.00 0.0000 0.0000
0.606 2 -1.493618 -2.402256 -9.532305 0.541687 18.150330 -3.845215 -2.68 2.68 -10.2 -9.1 -90.1513 -90.1513 -1.4192 0.0975 -0.083056 0.169909 11.66 490 790 -0.17 -99.00 0.0000 0.0000
0.616 2 -2.606040 1.467246 -9.803218 -3.784180 19.233704 -0.579834 -2.60 2.60 -8.4 -5.6 -96.5907 -96.5907 -1.4443 0.0995 -0.080460 0.170916 11.88 490 780 -0.17 -99.00 0.0000 0.0000
0.626 2 -2.303960 0.076719 -9.865551 -7.102966 19.248962 1.930237 -2.51 2.51 -10.2 -9.2 -79.5453 -90.1513 -1.4693 0.1015 -0.077865 0.181221 11.74 490 790 -0.18 -99.00 0.0000 0.0000
0.636 2 -1.093242 -1.759736 -9.613818 -5.599976 22.247314 -0.740051 -2.60 2.60 -10.1 -9.1 -90.1513 -90.1513 -1.4940 0.1035 -0.080460 0.189355 11.63 490 780 -0.19 -99.00 0.0000 0.0000
0.646 2 -2.080996 3.994170 -10.759805 -7.736206 21.209717 4.295349 -2.68 2.68 -10.1 -9.1 -90.1513 -90.1513 -1.5187 0.1055 -0.083056 0.190048 11.61 490 780 -0.19 -99.00 0.0000 0.0000
0.656 2 -2.965659 0.935010 -11.443081 -15.090942 22.064209 10.543823 -2.76 2.76 -10.2 -9.0 -90.1513 -90.1513 -1.5437 0.1077 -0.085651 0.194880 11.69 490 780 -0.19 -99.00 0.0000 0.0000
0.666 2 -1.337783 -2.524526 -10.503276 -8.460999 22.972107 1.853943 -2.76 2.76 -10.0 -9.0 -90.1513 -90.1513 -1.5686 0.1098 -0.085651 0.199196 11.53 490 780 -0.20 -99.00 0.0000 0.0000
0.676 2 -1.529580 -0.671289 -10.098105 -5.889893 23.704529 -0.114441 -2.60 2.60 -8.4 -9.1 -96.5907 -90.1513 -1.5938 0.1119 -0.080460 0.192924 11.74 490 790 -0.19 -99.00 0.0000 0.0000
0.686 2 -2.474180 2.025854 -10.771791 -12.969971 23.818970 2.212524 -2.60 2.60 -8.4 -9.1 -96.5907 -90.1513 -1.6187 0.1139 -0.080460 0.193637 11.79 490 780 -0.19 -99.00 0.0000 0.0000
0.696 2 -2.318345 0.069526 -10.381005 -11.177063 22.987366 -5.500793 -2.68 2.68 -10.2 -9.1 -90.1513 -90.1513 -1.6433 0.1159 -0.083056 0.200936 11.69 490 780 -0.20 -99.00 0.0000 0.0000
0.706 2 -0.865483 -1.997085 -9.623408 -8.460999 24.879456 -13.320923 -2.76 2.76 -10.2 -10.2 -90.1513 -79.5453 -1.6684 0.1180 -0.085651 0.194692 11.68 490 790 -0.19 -99.00 0.0000 0.0000
0.716 2 -1.968315 1.982700 -10.249146 -11.985779 22.628784 -11.596680 -2.76 2.76 -10.2 -9.0 -90.1513 -90.1513 -1.6933 0.1201 -0.085651 0.191001 11.69 490 780 -0.19 -99.00 0.0000 0.0000
0.726 2 -2.383076 -0.004795 -9.935078 -15.823364 20.797729 -8.331299 -2.76 2.76 -8.5 -9.0 -96.5907 -90.1513 -1.7185 0.1223 -0.085651 0.201043 11.75 500 800 -0.20 -99.00 0.0000 0.0000
0.736 2 -0.870278 -2.073804 -10.035771 -10.047913 21.224976 -11.108398 -2.76 2.76 -10.3 -9.0 -90.1513 -90.1513 -1.7434 0.1244 -0.085651 0.197228 11.75 490 790 -0.20 -99.00 0.0000 0.0000
0.746 2 -2.277588 0.059937 -10.560815 -11.177063 21.606445 -4.325867 -2.85 2.85 -10.2 -9.0 -90.1513 -90.1513 -1.7680 0.1266 -0.088246 0.192991 11.68 490 790 -0.19 -99.00 0.0000 0.0000
0.756 2 -2.653989 0.774380 -10.711855 -12.702942 20.759583 0.579834 -2.76 2.76 -10.2 -9.0 -90.1513 -90.1513 -1.7926 0.1287 -0.085651 0.195364 11.66 490 790 -0.20 -99.00 0.0000 0.0000
0.766 2 -0.791162 -0.992549 -10.383403 -10.528564 21.278381 -3.402710 -2.68 2.68 -10.3 -9.1 -84.5168 -90.1513 -1.8177 0.1309 -0.083056 0.191751 11.77 490 780 -0.19 -99.00 0.0000 0.0000
0.776 2 -0.716841 -0.601763 -10.141259 -7.652283 24.078369 -6.370544 -2.76 2.76 -8.5 -9.0 -96.5907 -90.1513 -1.8424 0.1329 -0.085651 0.182391 11.77 490 790 -0.18 -99.00 0.0000 0.0000
0.786 2 -1.961123 0.793560 -10.563212 -7.560730 26.153564 -5.142212 -2.85 2.85 -8.6 -9.0 -96.5907 -90.1513 -1.8670 0.1351 -0.088246 0.177987 11.68 490 780 -0.18 -99.00 0.0000 0.0000
0.796 2 -1.558350 0.182207 -10.695073 -8.430481 29.235840 -3.311157 -3.01 3.01 -10.1 -8.9 -90.1513 -90.1513 -1.8914 0.1373 -0.093437 0.173703 11.63 490 780 -0.17 -99.00 0.0000 0.0000
0.806 2 -0.774380 -0.855894 -10.143657 -3.890991 34.584045 -7.148743 -3.10 3.10 -10.1 -8.8 -90.1513 -90.1513 -1.9161 0.1397 -0.096033 0.161688 11.63 490 790 -0.16 -99.00 0.0000 0.0000
0.816 2 -1.078857 1.778916 -10.560815 -4.310608 40.229797 -3.448486 -3.10 3.10 -8.7 -8.8 -96.5907 -90.1513 -1.9409 0.1421 -0.096033 0.154834 11.64 490 790 -0.15 -99.00 0.0000 0.0000
0.826 2 -1.273052 0.999741 -10.805356 -6.874084 45.578003 -0.160217 -3.10 3.10 -10.3 -8.8 -84.5168 -90.1513 -1.9657 0.1445 -0.096033 0.150050 11.80 490 780 -0.15 -99.00 0.0000 0.0000
0.836 2 -0.395581 -1.752544 -9.944668 -4.318237 50.300598 -4.714966 -3.18 3.18 -10.1 -8.8 -90.1513 -90.1513 -1.9904 0.1469 -0.098628 0.141671 11.61 490 790 -0.14 -99.00 0.0000 0.0000
0.846 2 -0.520249 -2.510142 -9.690536 -0.068665 56.144714 -8.522034 -3.10 3.10 -10.1 -8.8 -90.1513 -90.1513 -2.0154 0.1493 -0.096033 0.134481 11.63 490 780 -0.13 -99.00 0.0000 0.0000
0.856 2 -1.184346 -0.853496 -10.253941 -1.274109 59.638977 -4.661560 -3.01 3.01 -8.7 -8.9 -96.5907 -90.1513 -2.0404 0.1517 -0.093437 0.133686 11.72 490 790 -0.13 -99.00 0.0000 0.0000
0.866 2 -0.819932 0.793560 -10.654316 -1.792908 61.874390 -3.280640 -2.93 2.93 -10.2 -8.9 -90.1513 -90.1513 -2.0650 0.1539 -0.090842 0.132162 11.71 490 790 -0.13 -99.00 0.0000 0.0000
0.876 2 -0.016782 -1.409707 -9.865551 -1.785278 66.818237 -3.593445 -2.93 2.93 -10.1 -8.9 -90.1513 -90.1513 -2.0899 0.1562 -0.090842 0.127672 11.56 490 780 -0.13 -99.00 0.0000 0.0000
0.886 2 -0.740815 -1.184346 -9.949463 2.639771 69.183350 -4.600525 -2.85 2.85 -10.0 -9.0 -90.1513 -90.1513 -2.1149 0.1585 -0.088246 0.124246 11.55 490 790 -0.12 -99.00 0.0000 0.0000
0.896 2 -0.944600 0.280503 -10.661509 0.877380 70.213318 -0.579834 -2.76 2.76 -8.5 -9.0 -96.5907 -90.1513 -2.1400 0.1607 -0.085651 0.124219 11.60 490 780 -0.12 -99.00 0.0000 0.0000
0.906 2 0.045552 -0.851099 -10.263530 2.876282 72.120667 -2.761841 -2.68 2.68 -10.1 -9.1 -90.1513 -90.1513 -2.1650 0.1628 -0.083056 0.119260 11.61 490 780 -0.12 -99.00 0.0000 0.0000
0.916 2 0.011987 0.127065 -10.328261 5.889893 74.401855 -6.576538 -2.76 2.76 -8.5 -9.0 -96.5907 -90.1513 -2.1897 0.1648 -0.085651 0.115070 11.64 490 780 -0.12 -99.00 0.0000 0.0000
0.926 2 -0.884663 1.582324 -10.755010 2.868652 73.699951 -4.638672 -2.85 2.85 -10.0 -5.5 -90.1513 -96.5907 -2.2143 0.1670 -0.088246 0.113006 11.50 490 780 -0.11 -99.00 0.0000 0.0000
0.936 2 -0.695264 -0.198989 -10.714252 4.981995 71.838379 -4.920959 -2.93 2.93 -9.6 -8.9 -90.1513 -90.1513 -2.2386 0.1692 -0.090842 0.110576 11.12 490 790 -0.11 -99.00 0.0000 0.0000
0.946 2 -0.160630 -1.726172 -9.985424 10.627747 71.914673 -6.355286 -3.01 3.01 -9.6 -8.9 -90.1513 -90.1513 -2.2632 0.1714 -0.093437 0.106970 11.07 490 780 -0.11 -99.00 0.0000 0.0000
0.956 2 0.328452 0.887061 -10.304287 9.750366 71.472168 0.450134 -3.01 3.01 -9.5 -8.9 -90.1513 -90.1513 -2.2876 0.1737 -0.093437 0.101156 11.03 490 790 -0.10 -99.00 0.0000 0.0000
0.966 2 -0.728828 1.239487 -10.591982 8.842468 69.358826 2.593994 -3.18 3.18 -9.6 -8.8 -90.1513 -90.1513 -2.3121 0.1761 -0.098628 0.092577 11.06 490 790 -0.09 -99.00 0.0000 0.0000
0.976 2 0.086309 -0.632930 -10.186811 12.107849 67.909241 -1.319885 -3.27 3.27 -9.6 -8.7 -90.1513 -90.1513 -2.3363 0.1785 -0.101224 0.087359 11.06 490 780 -0.09 -99.00 0.0000 0.0000
0.986 2 1.030908 -1.977905 -9.558677 15.830994 67.176819 -4.730225 -3.27 3.27 -9.4 -9.4 -90.1513 -84.5168 -2.3607 0.1810 -0.101224 0.076678 10.92 490 780 -0.08 -99.00 0.0000 0.0000
0.996 2 0.419556 -0.158232 -9.911103 15.083313 64.872742 -1.785278 -3.43 3.43 -9.4 -8.7 -90.1513 -90.1513 -2.3851 0.1836 -0.106415 0.065809 10.95 490 780 -0.07 -99.00 0.0000 0.0000
1.006 2 0.402773 1.009331 -10.690278 11.405945 63.110352 -0.640869 -3.52 3.52 -9.5 -8.6 -90.1513 -90.1513 -2.4093 0.1862 -0.109010 0.057977 11.03 490 780 -0.06 -99.00 0.0000 0.0000
1.016 2 0.836714 -0.076719 -10.349838 12.847900 60.379028 -7.369995 -3.60 3.60 -9.5 -9.5 -90.1513 -79.5453 -2.4339 0.1889 -0.111606 0.047542 10.98 490 790 -0.05 -99.00 0.0000 0.0000
1.026 2 0.721636 -2.009072 -9.616216 14.900208 58.799744 -8.544922 -3.60 3.60 -9.5 -8.6 -90.1513 -90.1513 -2.4583 0.1917 -0.111606 0.036890 10.96 490 780 -0.04 -99.00 0.0000 0.0000
1.036 2 0.503467 0.966177 -10.378608 11.558533 56.106567 -3.440857 -3.60 3.60 -9.4 -8.6 -90.1513 -90.1513 -2.4823 0.1943 -0.111606 0.026915 10.95 490 780 -0.03 -99.00 0.0000 0.0000
1.046 2 0.414761 1.359360 -10.862895 7.736206 53.413391 -4.951477 -3.60 3.60 -9.6 -8.6 -90.1513 -90.1513 -2.5067 0.1971 -0.111606 0.015316 11.07 490 780 -0.02 -99.00 0.0000 0.0000
1.056 2 0.961382 -1.268257 -9.990219 10.932922 50.354004 -13.877869 -3.60 3.60 -9.7 -8.6 -90.1513 -90.1513 -2.5310 0.1998 -0.111606 0.006080 11.17 490 780 -0.01 -99.00 0.0000 0.0000
1.066 2 1.428887 -2.071406 -9.949463 12.481689 47.279358 -15.144348 -3.52 3.52 -9.5 -8.6 -90.1513 -90.1513 -2.5552 0.2025 -0.109010 -0.006267 11.00 490 790 0.01 -99.00 0.0000 0.0000
1.076 2 0.958984 0.918227 -10.529648 8.522034 43.373108 -12.176514 -3.52 3.52 -9.4 -8.6 -90.1513 -90.1513 -2.5796 0.2051 -0.109010 -0.016897 10.93 490 780 0.02 -99.00 0.0000 0.0000
1.086 2 1.184346 2.325537 -10.733432 4.386902 39.573669 -12.893677 -3.52 3.52 -9.6 -8.6 -84.5168 -90.1513 -2.6040 0.2078 -0.109010 -0.027278 11.06 490 780 0.03 -99.00 0.0000 0.0000
1.096 2 1.790903 -1.047690 -9.855962 5.767822 37.071228 -16.937256 -3.60 3.60 -9.4 -8.6 -90.1513 -90.1513 -2.6282 0.2105 -0.111606 -0.040376 10.95 490 780 0.04 -99.00 0.0000 0.0000
1.106 2 1.541567 -2.445410 -9.865551 7.164001 33.599854 -14.732361 -3.52 3.52 -9.6 -8.6 -90.1513 -90.1513 -2.6524 0.2132 -0.109010 -0.052358 11.14 490 790 0.05 -99.00 0.0000 0.0000
1.116 2 1.263462 0.352427 -10.371416 3.906250 29.701233 -8.255005 -3.52 3.52 -9.6 -8.6 -90.1513 -90.1513 -2.6768 0.2159 -0.109010 -0.066361 11.06 490 790 0.07 -99.00 0.0000 0.0000
1.126 2 1.498413 0.213374 -9.985424 1.052856 26.916504 -7.804871 -3.60 3.60 -9.7 -8.6 -90.1513 -90.1513 -2.7010 0.2186 -0.111606 -0.080872 11.15 490 780 0.08 -99.00 0.0000 0.0000
1.136 2 2.104971 -1.673428 -9.175083 3.807068 23.658752 -12.550354 -3.60 3.60 -9.6 -9.6 -90.1513 -84.5168 -2.7254 0.2213 -0.111606 -0.092447 11.11 490 790 0.09 -99.00 0.0000 0.0000
1.146 2 2.131343 -0.489082 -9.767256 2.792358 19.935608 -11.093140 -3.68 3.68 -9.5 -8.5 -90.1513 -90.1513 -2.7496 0.2240 -0.114201 -0.107969 11.01 490 790 0.11 -99.00 0.0000 0.0000
1.156 2 1.929956 0.865483 -10.383403 0.129700 16.311646 -11.848450 -3.68 3.68 -9.8 -8.5 -90.1513 -90.1513 -2.7739 0.2268 -0.114201 -0.123693 11.26 490 780 0.12 -99.00 0.0000 0.0000
1.166 2 1.874814 -0.606558 -9.918296 -0.915527 14.297485 -14.457703 -3.68 3.68 -9.6 -8.5 -90.1513 -90.1513 -2.7979 0.2296 -0.114201 -0.132635 11.14 490 790 0.13 -99.00 0.0000 0.0000
1.176 2 2.685156 -1.385732 -9.410034 -0.068665 13.145447 -13.214111 -3.68 3.68 -9.5 -8.5 -90.1513 -90.1513 -2.8223 0.2324 -0.114201 -0.141567 10.96 490 780 0.14 -99.00 0.0000 0.0000
1.186 2 2.526924 -2.025854 -9.671357 -0.061035 11.703491 -10.017395 -3.77 3.77 -9.4 -8.5 -90.1513 -90.1513 -2.8465 0.2352 -0.116797 -0.161717 10.92 490 780 0.16 -99.00 0.0000 0.0000
1.196 2 1.493618 1.258667 -10.414570 -5.065918 10.597229 -4.562378 -3.85 3.85 -9.5 -9.5 -90.1513 -84.5168 -2.8706 0.2381 -0.119392 -0.169344 10.98 490 780 0.17 -99.00 0.0000 0.0000
1.206 2 2.486167 0.549019 -9.915898 -7.354736 9.956360 -5.355835 -3.85 3.85 -9.7 -9.7 -90.1513 -84.5168 -2.8946 0.2409 -0.119392 -0.173840 11.17 490 790 0.17 -99.00 0.0000 0.0000
1.216 2 2.814619 -2.807427 -9.529907 -3.112793 9.109497 -8.422852 -3.85 3.85 -9.2 -8.4 -90.1513 -90.1513 -2.9190 0.2438 -0.119392 -0.188890 10.71 490 790 0.19 -99.00 0.0000 0.0000
1.226 2 2.052227 -0.913433 -9.937475 -3.250122 8.193970 -5.447388 -3.85 3.85 -9.4 -8.4 -90.1513 -90.1513 -2.9429 0.2467 -0.119392 -0.197027 10.88 490 780 0.20 -99.00 0.0000 0.0000
1.236 2 2.212856 2.733105 -10.165234 -8.613586 7.835388 1.426697 -3.85 3.85 -9.5 -8.4 -90.1513 -90.1513 -2.9669 0.2495 -0.119392 -0.197447 11.00 490 780 0.20 -99.00 0.0000 0.0000
1.246 2 2.610835 0.093501 -9.700127 -10.040283 6.332397 -0.503540 -3.85 3.85 -9.5 -9.5 -90.1513 -84.5168 -2.9909 0.2524 -0.119392 -0.206437 10.96 490 780 0.21 -99.00 0.0000 0.0000
1.256 2 2.100176 -2.749888 -9.796025 -4.524231 4.776001 -1.029968 -3.85 3.85 -9.1 -8.4 -90.1513 -90.1513 -3.0148 0.2553 -0.119392 -0.209677 10.57 490 790 0.21 -99.00 0.0000 0.0000
1.266 2 2.217651 0.601763 -10.659111 -5.989075 3.273010 5.195618 -3.94 3.94 -9.2 -8.4 -90.1513 -90.1513 -3.0390 0.2582 -0.121988 -0.208318 10.68 490 780 0.21 -99.00 0.0000 0.0000
1.276 2 2.258408 1.390527 -10.630342 -8.857727 2.525330 6.919861 -3.85 3.85 -9.4 -8.4 -84.5168 -90.1513 -3.0632 0.2612 -0.119392 -0.216354 10.85 490 780 0.22 -99.00 0.0000 0.0000
1.286 2 2.210459 -1.817275 -9.544291 -6.683350 1.731873 2.769470 -3.94 3.94 -9.4 -8.4 -90.1513 -90.1513 -3.0873 0.2641 -0.121988 -0.216084 10.87 490 780 0.22 -99.00 0.0000 0.0000
1.296 2 2.745093 -2.486167 -9.203853 -2.799988 0.610352 1.182556 -3.85 3.85 -9.2 -9.2 -90.1513 -84.5168 -3.1115 0.2671 -0.119392 -0.218129 10.71 490 780 0.22 -99.00 0.0000 0.0000
1.306 2 2.088188 1.186743 -10.153247 -7.194519 -1.182556 6.637573 -3.85 3.85 -9.4 -8.4 -90.1513 -90.1513 -3.1355 0.2699 -0.119392 -0.222073 10.92 490 790 0.22 -99.00 0.0000 0.0000
1.316 2 2.332729 0.774380 -10.184414 -8.888245 -2.677917 3.601074 -3.85 3.85 -9.4 -8.4 -90.1513 -90.1513 -3.1598 0.2729 -0.119392 -0.224931 10.90 490 780 0.22 -99.00 0.0000 0.0000
1.326 2 1.870019 -2.330332 -9.592241 -7.240295 -5.195618 -1.312256 -3.85 3.85 -9.4 -8.4 -90.1513 -90.1513 -3.1842 0.2758 -0.119392 -0.225126 10.95 490 790 0.23 -99.00 0.0000 0.0000
1.336 2 2.383076 -2.934492 -9.642588 -5.340576 -8.003235 -1.464844 -3.85 3.85 -9.5 -9.5 -90.1513 -84.5168 -3.2082 0.2786 -0.119392 -0.224587 11.03 490 780 0.22 -99.00 0.0000 0.0000
1.346 2 2.028252 0.594570 -10.400186 -8.766174 -11.581421 3.181458 -3.85 3.85 -9.4 -8.4 -90.1513 -90.1513 -3.2321 0.2815 -0.119392 -0.228349 10.93 490 780 0.23 -99.00 0.0000 0.0000
1.356 2 1.819673 2.673169 -10.697471 -14.427185 -15.754700 7.354736 -3.77 3.77 -9.3 -9.3 -90.1513 -84.5168 -3.2563 0.2844 -0.116797 -0.224757 10.79 490 790 0.22 -99.00 0.0000 0.0000
1.366 2 2.143330 -1.342578 -9.755268 -12.535095 -20.240784 0.053406 -3.85 3.85 -9.3 -8.4 -90.1513 -90.1513 -3.2805 0.2873 -0.119392 -0.218930 10.84 490 780 0.22 -99.00 0.0000 0.0000
1.376 2 2.275190 -2.493359 -9.632998 -8.689880 -26.168823 -3.082275 -3.94 3.94 -9.5 -8.4 -90.1513 -90.1513 -3.3046 0.2902 -0.121988 -0.224446 11.01 490 780 0.22 -99.00 0.0000 0.0000
1.386 2 1.757339 2.733105 -10.651918 -10.147095 -32.455444 1.266479 -3.94 3.94 -9.5 -8.4 -90.1513 -90.1513 -3.3286 0.2931 -0.121988 -0.222622 10.96 490 790 0.22 -99.00 0.0000 0.0000
1.396 2 2.241626 2.948877 -10.340249 -12.901306 -37.689209 4.524231 -3.94 3.94 -9.4 -8.4 -90.1513 -90.1513 -3.3525 0.2961 -0.121988 -0.221630 10.93 490 790 0.22 -99.00 0.0000 0.0000
1.406 2 2.397461 -1.548760 -9.400444 -6.774902 -42.602539 2.891541 -3.94 3.94 -9.7 -9.7 -84.5168 -79.5453 -3.3769 0.2991 -0.121988 -0.228718 11.18 490 780 0.23 -99.00 0.0000 0.0000
1.416 2 1.961123 -1.534375 -9.935078 -2.899170 -47.714233 10.215759 -3.94 3.94 -9.8 -8.4 -90.1513 -90.1513 -3.4009 0.3020 -0.121988 -0.234505 11.30 490 780 0.23 -99.00 0.0000 0.0000
1.426 2 1.956328 0.858291 -10.577598 -4.356384 -51.696777 19.096375 -3.85 3.85 -10.0 -8.4 -90.1513 -90.1513 -3.4250 0.3049 -0.119392 -0.231342 11.47 490 790 0.23 -99.00 0.0000 0.0000
1.436 2 2.301562 0.793560 -9.774448 -6.301880 -56.587219 23.246765 -3.94 3.94 -9.7 -8.4 -90.1513 -90.1513 -3.4492 0.3079 -0.121988 -0.237172 11.15 490 790 0.24 -99.00 0.0000 0.0000
1.446 2 1.524785 -1.035703 -9.565868 -0.541687 -61.492920 22.888184 -3.77 3.77 -9.9 -8.5 -90.1513 -90.1513 -3.4735 0.3108 -0.116797 -0.237040 11.39 490 790 0.24 -99.00 0.0000 0.0000
1.456 2 1.150781 -0.151040 -9.690536 -0.938416 -65.536499 27.946472 -3.77 3.77 -10.0 -8.5 -90.1513 -90.1513 -3.4979 0.3137 -0.116797 -0.230753 11.53 490 780 0.23 -99.00 0.0000 0.0000
1.466 2 1.088447 1.994687 -10.659111 -4.165649 -70.945740 30.014038 -3.60 3.60 -10.0 -8.6 -90.1513 -90.1513 -3.5223 0.3165 -0.111606 -0.225409 11.50 490 780 0.23 -99.00 0.0000 0.0000
1.476 2 1.404912 -0.932612 -9.894321 -2.113342 -74.409485 24.726868 -3.35 3.35 -8.8 -9.9 -96.5907 -84.5168 -3.5473 0.3192 -0.103819 -0.221043 11.42 490 780 0.22 -99.00 0.0000 0.0000
1.486 2 1.057280 -1.484028 -9.803218 2.593994 -77.873230 20.484924 -3.18 3.18 -8.8 -8.8 -96.5907 -90.1513 -3.5721 0.3217 -0.098628 -0.211714 11.56 490 790 0.21 -99.00 0.0000 0.0000
1.496 2 0.577788 1.361758 -10.544033 0.236511 -81.954956 22.697449 -3.10 3.10 -8.7 -8.8 -96.5907 -90.1513 -3.5967 0.3241 -0.096033 -0.201910 11.72 490 780 0.20 -99.00 0.0000 0.0000
1.506 2 0.659302 -1.026113 -10.069336 -0.442505 -85.685730 16.052246 -3.01 3.01 -10.1 -8.9 -90.1513 -90.1513 -3.6214 0.3265 -0.093437 -0.195768 11.61 490 780 0.20 -99.00 0.0000 0.0000
1.516 2 0.539429 -2.392666 -9.362084 4.226685 -88.577271 5.966187 -3.10 3.10 -10.0 -8.8 -90.1513 -90.1513 -3.6460 0.3288 -0.096033 -0.182549 11.49 490 790 0.18 -99.00 0.0000 0.0000
1.526 2 0.047949 2.359102 -10.249146 3.631592 -93.009949 3.715515 -3.01 3.01 -10.1 -8.9 -90.1513 -90.1513 -3.6706 0.3312 -0.093437 -0.172679 11.60 490 770 0.17 -99.00 0.0000 0.0000
1.536 2 -0.163027 1.006934 -10.515264 -2.952576 -95.977783 6.401062 -2.93 2.93 -10.2 -8.9 -90.1513 -90.1513 -3.6956 0.3335 -0.090842 -0.159732 11.72 490 790 0.16 -99.00 0.0000 0.0000
1.546 2 0.086309 -3.965400 -9.055210 2.593994 -98.899841 -2.365112 -2.93 2.93 -10.2 -8.9 -84.5168 -90.1513 -3.7205 0.3358 -0.090842 -0.143178 11.69 490 770 0.14 -99.00 0.0000 0.0000
1.556 2 0.172617 -0.721636 -9.666562 4.058838 -100.273132 1.472473 -3.01 3.01 -10.1 -8.9 -90.1513 -90.1513 -3.7451 0.3381 -0.093437 -0.134654 11.60 490 790 0.13 -99.00 0.0000 0.0000
1.566 2 -0.882266 2.320742 -10.520059 -3.440857 -101.669312 14.381409 -3.10 3.10 -10.2 -8.8 -90.1513 -90.1513 -3.7698 0.3404 -0.096033 -0.120862 11.71 490 790 0.12 -99.00 0.0000 0.0000
1.576 2 -0.503467 -1.299424 -9.649780 -2.067566 -101.692200 14.785767 -3.01 3.01 -10.1 -8.9 -90.1513 -90.1513 -3.7948 0.3427 -0.093437 -0.107000 11.58 490 790 0.11 -99.00 0.0000 0.0000
1.586 2 0.139053 -1.038101 -9.508329 -0.427246 -99.380493 14.083862 -2.93 2.93 -8.6 -8.9 -96.5907 -90.1513 -3.8198 0.3451 -0.090842 -0.097526 11.77 490 790 0.10 -99.00 0.0000 0.0000
1.596 2 -1.052485 2.136138 -10.611162 -3.883362 -98.747253 17.395020 -2.93 2.93 -8.6 -8.9 -96.5907 -90.1513 -3.8451 0.3474 -0.090842 -0.089442 11.80 490 790 0.09 -99.00 0.0000 0.0000
1.606 2 -0.853496 -0.172617 -10.711855 -3.044128 -97.908020 15.090942 -2.93 2.93 -10.3 -8.9 -90.1513 -90.1513 -3.8699 0.3496 -0.090842 -0.076734 11.79 490 790 0.08 -99.00 0.0000 0.0000
1.616 2 -0.110283 -2.630015 -9.920693 1.411438 -94.703674 8.033752 -2.93 2.93 -10.1 -8.9 -90.1513 -90.1513 -3.8943 0.3518 -0.090842 -0.065795 11.60 490 770 0.07 -99.00 0.0000 0.0000
1.626 2 -0.990151 1.575132 -10.364223 4.371643 -91.659546 8.209229 -2.93 2.93 -8.6 -8.9 -96.5907 -90.1513 -3.9192 0.3541 -0.090842 -0.060765 11.77 490 790 0.06 -99.00 0.0000 0.0000
1.636 2 -1.299424 2.989634 -10.766996 -2.174377 -87.577820 13.626099 -2.85 2.85 -10.2 -9.0 -79.5453 -90.1513 -3.9438 0.3563 -0.088246 -0.044538 11.74 490 790 0.04 -99.00 0.0000 0.0000
1.646 2 -0.378799 -2.217651 -9.822397 1.434326 -82.427979 6.141663 -2.93 2.93 -10.1 -8.9 -90.1513 -90.1513 -3.9685 0.3585 -0.090842 -0.032835 11.64 490 780 0.03 -99.00 0.0000 0.0000
1.656 2 -0.990151 -2.987236 -9.266186 4.158020 -76.179504 3.341675 -2.85 2.85 -8.6 -9.0 -96.5907 -90.1513 -3.9935 0.3608 -0.088246 -0.029218 11.75 490 790 0.03 -99.00 0.0000 0.0000
1.666 2 -2.047431 1.508003 -10.229965 1.831055 -71.098328 6.141663 -2.93 2.93 -8.6 -8.9 -96.5907 -90.1513 -4.0185 0.3630 -0.090842 -0.008547 11.77 490 790 0.01 -99.00 0.0000 0.0000
1.676 2 -1.229897 0.290093 -10.464916 -0.343323 -65.910339 6.271362 -2.93 2.93 -10.2 -8.9 -84.5168 -90.1513 -4.0434 0.3653 -0.090842 0.004795 11.71 490 780 -0.00 -99.00 0.0000 0.0000
1.686 2 -0.879868 -2.478975 -9.937475 3.570557 -59.555054 2.044678 -3.18 3.18 -10.3 -8.8 -90.1513 -90.1513 -4.0680 0.3676 -0.098628 0.016374 11.77 490 790 -0.02 -99.00 0.0000 0.0000
1.696 2 -1.666235 -0.484287 -9.865551 4.341125 -53.535461 5.622864 -3.27 3.27 -10.3 -5.3 -90.1513 -96.5907 -4.0926 0.3701 -0.101224 0.031926 11.80 490 790 -0.03 -99.00 0.0000 0.0000
1.706 2 -2.222446 1.541567 -10.263530 1.594543 -48.133850 12.443542 -3.18 3.18 -10.2 -8.8 -90.1513 -90.1513 -4.1173 0.3726 -0.098628 0.047830 11.66 490 790 -0.05 -99.00 0.0000 0.0000
1.716 2 -1.522388 -1.150781 -9.625805 3.387451 -40.969849 10.559082 -3.01 3.01 -8.7 -8.9 -96.5907 -90.1513 -4.1421 0.3750 -0.093437 0.063813 11.64 490 790 -0.06 -99.00 0.0000 0.0000
1.726 2 -1.205923 1.323398 -9.903911 7.125854 -34.004211 11.039734 -2.85 2.85 -8.6 -9.0 -96.5907 -90.1513 -4.1673 0.3773 -0.088246 0.069919 11.77 490 780 -0.07 -99.00 0.0000 0.0000
1.736 2 -2.483769 2.277588 -10.697471 2.288818 -27.877808 15.754700 -2.76 2.76 -8.5 -9.0 -96.5907 -90.1513 -4.1920 0.3795 -0.085651 0.085922 11.87 490 790 -0.09 -99.00 0.0000 0.0000
1.746 2 -1.858032 -1.102832 -10.124477 6.385803 -22.834778 6.912231 -2.76 2.76 -10.3 -9.0 -90.1513 -90.1513 -4.2168 0.3816 -0.085651 0.103503 11.77 490 780 -0.10 -99.00 0.0000 0.0000
1.756 2 -0.851099 -0.433940 -9.599433 10.223389 -16.921997 0.465393 -2.93 2.93 -10.1 -8.9 -90.1513 -90.1513 -4.2417 0.3838 -0.090842 0.111185 11.63 490 790 -0.11 -99.00 0.0000 0.0000
1.766 2 -3.238970 1.661440 -9.985424 8.193970 -11.787415 1.464844 -2.85 2.85 -8.6 -9.0 -96.5907 -90.1513 -4.2667 0.3861 -0.088246 0.125088 11.77 490 790 -0.13 -99.00 0.0000 0.0000
1.776 2 -2.716323 -0.505864 -10.177221 6.172180 -7.408142 0.083923 -2.93 2.93 -8.6 -8.9 -96.5907 -90.1513 -4.2917 0.3883 -0.090842 0.149341 11.83 490 790 -0.15 -99.00 0.0000 0.0000
1.786 2 -1.452861 -2.632412 -9.467573 7.614136 -3.318787 -3.746033 -2.93 2.93 -10.2 -8.9 -90.1513 -90.1513 -4.3162 0.3906 -0.090842 0.159282 11.71 490 790 -0.16 -99.00 0.0000 0.0000
1.796 2 -2.399858 0.038359 -9.803218 8.361816 0.534058 -1.113892 -2.93 2.93 -10.1 -8.9 -84.5168 -90.1513 -4.3410 0.3928 -0.090842 0.171305 11.58 490 780 -0.17 -99.00 0.0000 0.0000
1.806 2 -3.497895 1.222705 -10.500878 3.639221 3.288269 4.333496 -2.93 2.93 -10.2 -8.9 -90.1513 -90.1513 -4.3659 0.3951 -0.090842 0.186474 11.69 490 790 -0.19 -99.00 0.0000 0.0000
1.816 2 -2.246421 -1.615889 -9.611421 4.508972 6.057739 1.640320 -2.85 2.85 -8.6 -9.0 -96.5907 -90.1513 -4.3909 0.3973 -0.088246 0.197061 11.72 490 790 -0.20 -99.00 0.0000 0.0000
1.826 2 -2.550898 1.143589 -10.150849 6.843567 9.368896 -1.808167 -2.85 2.85 -10.2 -9.0 -90.1513 -90.1513 -4.4157 0.3995 -0.088246 0.207798 11.66 490 790 -0.21 -99.00 0.0000 0.0000
1.836 2 -2.896133 1.364155 -10.064541 -0.953674 12.283325 3.273010 -2.85 2.85 -8.6 -9.0 -96.5907 -90.1513 -4.4410 0.4018 -0.088246 0.218568 11.75 490 790 -0.22 -99.00 0.0000 0.0000
1.846 2 -3.169443 -1.548760 -9.738486 -2.685547 12.123108 2.082825 -2.93 2.93 -8.6 -8.9 -96.5907 -90.1513 -4.4660 0.4040 -0.090842 0.227464 11.74 490 800 -0.23 -99.00 0.0000 0.0000
1.856 2 -2.589258 -1.488823 -9.678550 1.022339 13.168335 -3.829956 -3.01 3.01 -10.1 -8.9 -90.1513 -90.1513 -4.4911 0.4062 -0.093437 0.237301 11.64 490 790 -0.24 -99.00 0.0000 0.0000
1.866 2 -2.397461 2.179292 -10.268325 -5.210876 13.633728 2.197266 -2.93 2.93 -8.6 -8.9 -96.5907 -90.1513 -4.5157 0.4085 -0.090842 0.244904 11.75 490 790 -0.24 -99.00 0.0000 0.0000
1.876 2 -3.212598 1.332988 -10.136464 -8.308411 12.321472 1.243591 -2.93 2.93 -8.6 -8.9 -96.5907 -90.1513 -4.5406 0.4108 -0.090842 0.246711 11.72 490 790 -0.25 -99.00 0.0000 0.0000
1.886 2 -2.550898 -0.175015 -9.865551 -7.766724 13.656616 -2.388000 -3.01 3.01 -8.7 -10.3 -96.5907 -79.5453 -4.5652 0.4130 -0.093437 0.251431 11.80 490 790 -0.25 -99.00 0.0000 0.0000
1.896 2 -2.267998 0.632930 -10.448134 -7.225037 15.037537 -4.623413 -3.18 3.18 -10.2 -10.2 -90.1513 -79.5453 -4.5896 0.4154 -0.098628 0.255389 11.74 490 790 -0.26 -99.00 0.0000 0.0000
1.906 2 -2.366294 1.484028 -10.819741 -10.169983 16.334534 -3.280640 -3.27 3.27 -10.1 -8.7 -90.1513 -90.1513 -4.6142 0.4178 -0.101224 0.250448 11.61 490 790 -0.25 -99.00 0.0000 0.0000
1.916 2 -2.524526 -2.327935 -9.961450 -8.659363 17.745972 -8.575439 -3.27 3.27 -10.2 -8.7 -90.1513 -90.1513 -4.6391 0.4203 -0.101224 0.247750 11.71 490 780 -0.25 -99.00 0.0000 0.0000
1.926 2 -1.706992 -1.052485 -10.366621 -6.507874 23.460388 -11.314392 -3.10 3.10 -10.2 -8.8 -90.1513 -90.1513 -4.6643 0.4228 -0.096033 0.243361 11.69 490 790 -0.24 -99.00 0.0000 0.0000
1.936 2 -1.150781 -0.290093 -10.479301 -6.408691 30.601501 -5.744934 -3.01 3.01 -8.7 -8.9 -96.5907 -90.1513 -4.6893 0.4252 -0.093437 0.233334 11.91 490 790 -0.23 -99.00 0.0000 0.0000
1.946 2 -2.347114 0.520249 -10.328261 -7.553101 38.085938 -3.952026 -2.93 2.93 -8.6 -8.9 -96.5907 -90.1513 -4.7143 0.4275 -0.090842 0.224363 11.75 490 790 -0.22 -99.00 0.0000 0.0000
1.956 2 -1.229897 -1.687812 -9.959052 -5.889893 49.697876 -6.446838 -2.93 2.93 -8.6 -8.9 -96.5907 -90.1513 -4.7392 0.4298 -0.090842 0.217588 11.75 490 790 -0.22 -99.00 0.0000 0.0000
1.966 2 -0.611353 -2.416641 -9.474766 -2.532959 61.340332 -10.101318 -3.10 3.10 -10.1 -8.8 -90.1513 -90.1513 -4.7640 0.4321 -0.096033 0.209135 11.63 490 790 -0.21 -99.00 0.0000 0.0000
1.976 2 -1.306616 0.393184 -10.009399 -5.752563 70.663452 -6.286621 -3.18 3.18 -10.2 -8.8 -90.1513 -90.1513 -4.7890 0.4345 -0.098628 0.198989 11.68 490 790 -0.20 -99.00 0.0000 0.0000
1.986 2 -1.663838 -0.419556 -10.234760 -5.165100 79.277039 -9.468079 -3.18 3.18 -8.8 -8.8 -96.5907 -90.1513 -4.8143 0.4370 -0.098628 0.196679 11.77 490 800 -0.20 -99.00 0.0000 0.0000
1.996 2 -0.810342 -1.438477 -9.702524 -3.166199 88.798523 -10.948181 -3.18 3.18 -8.8 -8.8 -96.5907 -90.1513 -4.8391 0.4394 -0.098628 0.198705 11.75 490 790 -0.20 -99.00 0.0000 0.0000
2.006 2 -1.076460 -1.172358 -10.369019 -3.669739 95.115662 -9.384155 -3.27 3.27 -9.9 -5.3 -90.1513 -96.5907 -4.8641 0.4420 -0.101224 0.191174 11.44 490 790 -0.19 -99.00 0.0000 0.0000
2.016 2 -1.718979 1.177153 -11.174565 -6.286621 100.624084 -6.820679 -3.27 3.27 -9.9 -8.7 -90.1513 -90.1513 -4.8889 0.4445 -0.101224 0.196511 11.41 490 790 -0.20 -99.00 0.0000 0.0000
2.026 2 -0.489082 -0.309272 -10.774189 -3.417969 106.742859 -7.560730 -3.10 3.10 -8.7 -9.8 -96.5907 -84.5168 -4.9137 0.4470 -0.096033 0.198429 11.33 490 790 -0.20 -99.00 0.0000 0.0000
2.036 2 -0.968574 -0.479492 -10.488892 -1.884460 110.908508 -4.882812 -3.01 3.01 -8.7 -8.9 -96.5907 -90.1513 -4.9388 0.4494 -0.093437 0.191187 11.55 490 790 -0.19 -99.00 0.0000 0.0000
2.046 2 -2.294370 1.193936 -11.057090 -6.523132 113.731384 -1.205444 -3.10 3.10 -8.7 -8.8 -96.5907 -90.1513 -4.9638 0.4518 -0.096033 0.195755 11.28 490 790 -0.20 -99.00 0.0000 0.0000
2.056 2 -0.513057 0.026372 -11.179360 -5.943298 116.775513 -6.050110 -3.10 3.10 -8.7 -8.8 -96.5907 -90.1513 -4.9886 0.4541 -0.096033 0.200366 11.04 490 790 -0.20 -99.00 0.0000 0.0000
2.066 2 -0.328452 -1.282642 -10.591982 -3.341675 118.087769 -8.094788 -3.01 3.01 -9.5 -8.9 -90.1513 -90.1513 -5.0133 0.4565 -0.093437 0.194078 11.04 490 790 -0.19 -99.00 0.0000 0.0000
2.076 2 -1.577529 1.553555 -10.733432 -4.966736 116.836548 -7.804871 -3.01 3.01 -9.6 -8.9 -90.1513 -90.1513 -5.0377 0.4588 -0.093437 0.192305 11.06 490 780 -0.19 -99.00 0.0000 0.0000
2.086 2 -0.736021 0.685674 -10.709457 -7.614136 115.539551 -10.330200 -3.01 3.01 -9.1 -8.9 -90.1513 -90.1513 -5.0621 0.4611 -0.093437 0.189565 10.63 490 790 -0.19 -99.00 0.0000 0.0000
2.096 2 -0.287695 -0.630532 -10.263530 -4.211426 113.777161 -17.227173 -3.01 3.01 -9.4 -8.9 -90.1513 -90.1513 -5.0870 0.4634 -0.093437 0.182977 10.95 490 780 -0.18 -99.00 0.0000 0.0000
2.106 2 -0.759995 0.299683 -10.205991 -5.744934 111.282349 -16.838074 -3.10 3.10 -9.3 -8.8 -90.1513 -90.1513 -5.1116 0.4658 -0.096033 0.175170 10.79 490 790 -0.18 -99.00 0.0000 0.0000
2.116 2 -0.541826 1.519990 -10.939614 -8.819580 106.361389 -16.349792 -3.10 3.10 -9.3 -8.8 -90.1513 -90.1513 -5.1360 0.4681 -0.096033 0.168304 10.82 490 780 -0.17 -99.00 0.0000 0.0000
2.126 2 0.364414 -0.364414 -10.369019 -6.820679 101.615906 -22.781372 -3.18 3.18 -9.4 -8.8 -90.1513 -90.1513 -5.1606 0.4705 -0.098628 0.158061 10.90 490 780 -0.16 -99.00 0.0000 0.0000
2.136 2 0.338042 -2.109766 -9.891924 -2.761841 97.045898 -26.992798 -3.27 3.27 -9.4 -8.7 -90.1513 -90.1513 -5.1853 0.4730 -0.101224 0.143693 10.88 490 790 -0.14 -99.00 0.0000 0.0000
2.146 2 -0.117476 0.623340 -9.939873 -3.646851 91.934204 -21.644592 -3.27 3.27 -9.3 -8.7 -90.1513 -90.1513 -5.2101 0.4755 -0.101224 0.129286 10.82 490 780 -0.13 -99.00 0.0000 0.0000
2.156 2 0.525044 2.685156 -10.448134 -7.293701 86.349487 -18.089294 -3.35 3.35 -9.3 -8.7 -90.1513 -90.1513 -5.2347 0.4781 -0.103819 0.112924 10.81 490 780 -0.11 -99.00 0.0000 0.0000
2.166 2 0.879868 -1.057280 -9.822397 -3.051758 82.214355 -20.637512 -3.43 3.43 -9.3 -8.7 -90.1513 -90.1513 -5.2593 0.4807 -0.106415 0.096179 10.84 490 780 -0.10 -99.00 0.0000 0.0000
2.176 2 1.083652 -2.107368 -9.597035 1.930237 77.377319 -20.317078 -3.52 3.52 -9.4 -8.6 -90.1513 -90.1513 -5.2839 0.4833 -0.109010 0.078301 10.88 490 790 -0.08 -99.00 0.0000 0.0000
2.186 2 0.973369 1.536772 -10.246748 -0.717163 72.509766 -13.771057 -3.60 3.60 -9.5 -8.6 -90.1513 -90.1513 -5.3085 0.4861 -0.111606 0.056414 10.96 490 790 -0.06 -99.00 0.0000 0.0000
2.196 2 0.879868 2.291973 -9.752871 -1.792908 67.283630 -14.762878 -3.52 3.52 -9.2 -8.6 -90.1513 -90.1513 -5.3331 0.4888 -0.109010 0.035947 10.73 490 790 -0.04 -99.00 0.0000 0.0000
2.206 2 1.706992 -2.040239 -8.856220 3.410339 63.484192 -20.339966 -3.60 3.60 -9.3 -8.6 -90.1513 -90.1513 -5.3577 0.4915 -0.111606 0.017323 10.82 490 790 -0.02 -99.00 0.0000 0.0000
2.216 2 1.846045 -0.589775 -9.611421 4.470825 58.280945 -17.623901 -3.60 3.60 -9.4 -8.6 -90.1513 -90.1513 -5.3820 0.4943 -0.111606 -0.004436 10.90 490 780 0.00 -99.00 0.0000 0.0000
2.226 2 1.949136 0.625737 -9.848769 5.233765 53.855896 -16.464233 -3.60 3.60 -9.4 -8.6 -84.5168 -90.1513 -5.4068 0.4971 -0.111606 -0.026744 10.92 490 780 0.03 -99.00 0.0000 0.0000
2.236 2 1.879609 -0.330850 -9.340508 4.943848 50.697327 -11.428833 -3.60 3.60 -9.4 -8.6 -90.1513 -90.1513 -5.4312 0.4998 -0.111606 -0.042897 10.93 490 780 0.04 -99.00 0.0000 0.0000
2.246 2 2.318345 -1.225103 -9.179877 7.965088 47.073364 -6.759644 -3.52 3.52 -10.0 -8.6 -90.1513 -90.1513 -5.4558 0.5025 -0.109010 -0.062603 11.50 490 790 0.06 -99.00 0.0000 0.0000
2.256 2 1.870019 0.069526 -10.011797 5.958557 43.212891 1.533508 -3.35 3.35 -9.9 -8.7 -84.5168 -90.1513 -5.4806 0.5052 -0.103819 -0.087800 11.37 490 780 0.09 -99.00 0.0000 0.0000
2.266 2 1.814878 0.958984 -9.712114 3.471375 39.710999 3.044128 -3.27 3.27 -8.8 -8.7 -96.5907 -90.1513 -5.5056 0.5078 -0.101224 -0.098571 11.31 490 780 0.10 -99.00 0.0000 0.0000
2.276 2 2.299165 -2.121753 -9.107954 7.728577 37.773132 -2.067566 -3.01 3.01 -8.7 -8.9 -96.5907 -90.1513 -5.5306 0.5103 -0.093437 -0.113270 11.44 490 790 0.11 -99.00 0.0000 0.0000
2.286 2 2.270396 0.400376 -10.141259 7.209778 34.446716 -1.701355 -3.01 3.01 -8.7 -8.9 -96.5907 -90.1513 -5.5555 0.5126 -0.093437 -0.131876 11.36 490 790 0.13 -99.00 0.0000 0.0000
2.296 2 1.587119 1.903584 -10.083720 2.685547 30.960083 -3.860474 -3.01 3.01 -8.7 -8.9 -96.5907 -90.1513 -5.5803 0.5149 -0.093437 -0.142891 11.42 490 790 0.14 -99.00 0.0000 0.0000
2.306 2 2.673169 -3.066352 -9.429214 6.813049 30.921936 -10.902405 -3.10 3.10 -10.0 -8.8 -90.1513 -90.1513 -5.6053 0.5173 -0.096033 -0.154038 11.45 490 780 0.15 -99.00 0.0000 0.0000
2.316 2 3.018403 -1.666235 -9.316533 8.003235 29.304504 -15.167236 -3.18 3.18 -9.9 -8.8 -90.1513 -90.1513 -5.6300 0.5197 -0.098628 -0.170345 11.37 490 790 0.17 -99.00 0.0000 0.0000
2.326 2 2.076201 2.097778 -10.270722 4.356384 26.496887 -11.528015 -3.18 3.18 -8.8 -8.8 -96.5907 -90.1513 -5.6548 0.5222 -0.098628 -0.187155 11.79 490 790 0.19 -99.00 0.0000 0.0000
2.336 2 2.864966 0.932612 -9.755268 0.518799 26.077271 -10.902405 -3.27 3.27 -9.8 -8.7 -90.1513 -90.1513 -5.6794 0.5246 -0.101224 -0.197461 11.34 490 790 0.20 -99.00 0.0000 0.0000
2.346 2 3.658525 -2.210459 -9.064799 4.661560 25.283813 -14.793396 -3.27 3.27 -9.9 -8.7 -90.1513 -90.1513 -5.7042 0.5271 -0.101224 -0.210121 11.41 490 790 0.21 -99.00 0.0000 0.0000
2.356 2 2.399858 -0.496274 -9.671357 5.088806 22.697449 -10.841370 -3.18 3.18 -8.8 -8.8 -96.5907 -90.1513 -5.7289 0.5296 -0.098628 -0.225766 11.28 490 790 0.23 -99.00 0.0000 0.0000
2.366 2 2.176894 1.781313 -9.935078 0.259399 19.332886 -5.805969 -3.10 3.10 -8.7 -8.8 -96.5907 -90.1513 -5.7539 0.5320 -0.096033 -0.230466 11.31 490 790 0.23 -99.00 0.0000 0.0000
2.376 2 3.562627 -0.371606 -9.354893 0.549316 18.013000 -3.379822 -3.10 3.10 -9.9 -8.8 -90.1513 -90.1513 -5.7791 0.5345 -0.096033 -0.237287 11.42 490 790 0.24 -99.00 0.0000 0.0000
2.386 2 2.761875 -0.107886 -9.414829 2.525330 13.832092 -1.579285 -3.01 3.01 -8.7 -8.9 -96.5907 -90.1513 -5.8037 0.5368 -0.093437 -0.252555 11.56 490 790 0.25 -99.00 0.0000 0.0000
2.396 2 2.395063 1.390527 -10.129272 -2.128601 9.452820 1.007080 -3.10 3.10 -9.9 -8.8 -90.1513 -90.1513 -5.8284 0.5392 -0.096033 -0.249959 11.41 490 790 0.25 -99.00 0.0000 0.0000
2.406 2 3.617769 -0.644917 -9.589844 0.633240 4.661560 -3.303528 -3.10 3.10 -9.8 -8.8 -90.1513 -90.1513 -5.8532 0.5416 -0.096033 -0.254854 11.26 490 790 0.25 -99.00 0.0000 0.0000
2.416 2 3.994170 0.841509 -9.839179 1.487732 -0.198364 -4.501343 -3.10 3.10 -8.7 -8.8 -96.5907 -90.1513 -5.8780 0.5440 -0.096033 -0.262855 11.50 490 790 0.26 -99.00 0.0000 0.0000
2.426 2 1.759736 2.009072 -10.299492 -2.090454 -5.393982 -0.526428 -3.10 3.10 -8.7 -8.8 -96.5907 -90.1513 -5.9032 0.5464 -0.096033 -0.263453 11.53 490 790 0.26 -99.00 0.0000 0.0000
2.436 2 3.157456 0.467505 -10.086118 -2.754211 -11.711121 -3.440857 -3.10 3.10 -8.7 -8.8 -96.5907 -90.1513 -5.9281 0.5488 -0.096033 -0.269822 11.45 490 790 0.27 -99.00 0.0000 0.0000
2.446 2 3.725654 -2.227241 -9.611421 2.677917 -16.426086 -6.088257 -3.18 3.18 -9.9 -9.9 -90.1513 -79.5453 -5.9531 0.5512 -0.098628 -0.278825 11.44 490 790 0.28 -99.00 0.0000 0.0000
2.456 2 2.272793 -0.117476 -10.416967 0.541687 -21.492004 3.402710 -3.27 3.27 -9.7 -8.7 -90.1513 -90.1513 -5.9777 0.5537 -0.101224 -0.278991 11.22 490 790 0.28 -99.00 0.0000 0.0000
2.466 2 3.092725 0.937407 -10.450532 -2.021790 -25.444031 9.963989 -3.35 3.35 -9.9 -8.7 -90.1513 -90.1513 -6.0027 0.5563 -0.103819 -0.285978 11.39 490 790 0.29 -99.00 0.0000 0.0000
2.476 2 3.054365 -2.220049 -9.558677 2.586365 -29.365540 7.347107 -3.35 3.35 -8.8 -8.7 -96.5907 -90.1513 -6.0275 0.5589 -0.103819 -0.298855 11.49 490 790 0.30 -99.00 0.0000 0.0000
2.486 2 3.071147 0.551416 -9.740884 3.242493 -31.608582 10.543823 -3.10 3.10 -9.8 -8.8 -90.1513 -90.1513 -6.0522 0.5614 -0.096033 -0.301649 11.33 490 790 0.30 -99.00 0.0000 0.0000
2.496 2 3.051968 2.073804 -10.167631 -2.616882 -35.049438 15.167236 -3.10 3.10 -8.7 -8.8 -96.5907 -90.1513 -6.0770 0.5638 -0.096033 -0.308954 11.39 490 790 0.31 -99.00 0.0000 0.0000
2.506 2 3.164648 -1.730967 -9.820000 0.892639 -38.665771 8.903503 -2.93 2.93 -8.6 -8.9 -96.5907 -90.1513 -6.1018 0.5661 -0.090842 -0.318985 11.23 490 790 0.32 -99.00 0.0000 0.0000
2.516 2 3.272534 -1.062075 -9.649780 4.722595 -39.993286 5.561829 -2.93 2.93 -8.6 -8.9 -96.5907 -90.1513 -6.1267 0.5683 -0.090842 -0.314412 11.47 490 790 0.31 -99.00 0.0000 0.0000
2.526 2 3.087929 0.987754 -9.870346 1.945496 -42.205811 8.499146 -3.01 3.01 -10.0 -8.9 -84.5168 -90.1513 -6.1517 0.5706 -0.093437 -0.317882 11.52 490 780 0.32 -99.00 0.0000 0.0000
2.536 2 2.689951 1.277847 -10.253941 -0.633240 -45.852661 11.474609 -3.10 3.10 -9.8 -8.8 -90.1513 -90.1513 -6.1763 0.5730 -0.096033 -0.322919 11.28 490 790 0.32 -99.00 0.0000 0.0000
2.546 2 2.797837 -3.150264 -9.676152 4.791260 -47.172546 5.126953 -3.10 3.10 -9.8 -8.8 -90.1513 -90.1513 -6.2012 0.5754 -0.096033 -0.314198 11.33 490 790 0.31 -99.00 0.0000 0.0000
2.556 2 3.473921 -1.474438 -10.054951 9.155273 -49.995422 4.371643 -3.18 3.18 -8.8 -8.8 -96.5907 -90.1513 -6.2262 0.5778 -0.098628 -0.318841 11.44 490 790 0.32 -99.00 0.0000 0.0000
2.566 2 2.514936 1.718979 -10.373814 3.417969 -53.932190 10.192871 -3.27 3.27 -10.0 -8.7 -90.1513 -90.1513 -6.2512 0.5803 -0.101224 -0.319132 11.49 490 790 0.32 -99.00 0.0000 0.0000
2.576 2 2.433423 -2.136138 -9.570663 6.614685 -57.395935 7.095337 -3.18 3.18 -9.8 -8.8 -90.1513 -90.1513 -6.2762 0.5828 -0.098628 -0.310813 11.33 490 790 0.31 -99.00 0.0000 0.0000
2.586 2 2.860171 -1.316206 -9.563472 9.628296 -60.379028 7.957458 -3.10 3.10 -8.7 -8.8 -96.5907 -90.1513 -6.3009 0.5852 -0.096033 -0.303990 11.50 490 790 0.30 -99.00 0.0000 0.0000
2.596 2 1.925161 3.226982 -10.527250 3.883362 -65.208435 15.136719 -3.01 3.01 -8.7 -8.9 -96.5907 -90.1513 -6.3259 0.5875 -0.093437 -0.303414 11.47 490 790 0.30 -99.00 0.0000 0.0000
2.606 2 1.484028 1.131602 -10.160439 0.801086 -70.068359 16.311646 -2.93 2.93 -9.8 -8.9 -90.1513 -90.1513 -6.3505 0.5898 -0.090842 -0.286831 11.30 490 790 0.29 -99.00 0.0000 0.0000
2.616 2 2.951274 0.115078 -10.572803 3.479004 -73.493958 12.886047 -2.85 2.85 -9.7 -9.0 -90.1513 -90.1513 -6.3756 0.5921 -0.088246 -0.279823 11.20 490 790 0.28 -99.00 0.0000 0.0000
2.626 2 0.776777 0.038359 -10.515264 4.043579 -78.948975 11.062622 -2.76 2.76 -8.5 -5.5 -96.5907 -96.5907 -6.4006 0.5942 -0.085651 -0.275086 11.74 490 780 0.28 -99.00 0.0000 0.0000
2.636 2 0.937407 -0.184604 -10.546431 1.396179 -83.396912 11.177063 -2.68 2.68 -8.5 -9.1 -96.5907 -90.1513 -6.4257 0.5963 -0.083056 -0.260751 11.56 490 780 0.26 -99.00 0.0000 0.0000
2.646 2 2.042637 -1.440874 -10.040566 3.578186 -86.944580 7.354736 -2.76 2.76 -10.0 -9.0 -90.1513 -90.1513 -6.4503 0.5984 -0.085651 -0.252665 11.50 490 790 0.25 -99.00 0.0000 0.0000
2.656 2 0.738418 -0.189399 -9.999809 4.493713 -89.309692 7.156372 -2.68 2.68 -10.1 -9.1 -90.1513 -90.1513 -6.4750 0.6005 -0.083056 -0.248398 11.56 490 790 0.25 -99.00 0.0000 0.0000
2.666 2 0.342837 2.315947 -10.848511 -1.983643 -93.276978 13.595581 -2.68 2.68 -8.5 -9.1 -96.5907 -90.1513 -6.5002 0.6026 -0.083056 -0.233938 11.68 490 790 0.23 -99.00 0.0000 0.0000
2.676 2 1.750146 -1.392925 -9.961450 -0.373840 -94.589233 11.680603 -2.60 2.60 -8.4 -9.1 -96.5907 -90.1513 -6.5253 0.6046 -0.080460 -0.224068 11.75 490 790 0.22 -99.00 0.0000 0.0000
2.686 2 1.316206 -0.465107 -10.038169 2.723694 -95.520020 9.834290 -2.68 2.68 -10.1 -9.1 -90.1513 -90.1513 -6.5504 0.6067 -0.083056 -0.220816 11.64 490 790 0.22 -99.00 0.0000 0.0000
2.696 2 0.338042 1.548760 -10.606367 0.640869 -97.053528 15.052795 -2.68 2.68 -8.5 -9.1 -96.5907 -90.1513 -6.5756 0.6088 -0.083056 -0.209544 11.64 490 790 0.21 -99.00 0.0000 0.0000
2.706 2 1.193936 -0.318862 -10.179619 1.976013 -97.175598 14.999390 -2.68 2.68 -8.5 -10.3 -96.5907 -84.5168 -6.6009 0.6109 -0.083056 -0.200777 11.77 490 790 0.20 -99.00 0.0000 0.0000
2.716 2 1.337783 -1.661440 -9.489150 5.599976 -95.062256 13.328552 -2.60 2.60 -10.2 -9.1 -84.5168 -90.1513 -6.6259 0.6130 -0.080460 -0.189976 11.69 490 780 0.19 -99.00 0.0000 0.0000
2.726 2 0.064731 1.579927 -9.932680 3.150940 -94.001770 18.211365 -2.60 2.60 -10.3 -9.1 -90.1513 -90.1513 -6.6512 0.6150 -0.080460 -0.182209 11.77 490 770 0.18 -99.00 0.0000 0.0000
2.736 2 -0.038359 -2.325537 -9.640190 3.768921 -94.223022 19.065857 -2.51 2.51 -8.4 -9.2 -96.5907 -90.1513 -6.6767 0.6170 -0.077865 -0.167878 11.79 490 770 0.17 -99.00 0.0000 0.0000
2.746 2 1.047690 -0.889458 -9.884731 7.339478 -90.675354 15.998840 -2.51 2.51 -8.4 -9.2 -96.5907 -90.1513 -6.7019 0.6190 -0.077865 -0.152219 11.82 490 790 0.15 -99.00 0.0000 0.0000
2.756 2 -0.460312 3.107109 -10.182016 2.647400 -89.675903 20.896912 -2.43 2.43 -10.0 -9.2 -84.5168 -90.1513 -6.7270 0.6209 -0.075269 -0.143461 11.55 490 780 0.14 -99.00 0.0000 0.0000
2.766 2 -0.911035 -0.450723 -9.939873 0.465393 -89.080811 21.911621 -2.43 2.43 -8.3 -10.4 -96.5907 -79.5453 -6.7523 0.6228 -0.075269 -0.124619 11.90 490 800 0.12 -99.00 0.0000 0.0000
2.776 2 0.182207 -2.426230 -9.810410 4.226685 -86.044312 18.379211 -2.43 2.43 -8.3 -9.2 -96.5907 -90.1513 -6.7772 0.6247 -0.075269 -0.105627 11.75 490 790 0.11 -99.00 0.0000 0.0000
2.786 2 -0.688071 0.937407 -10.428955 1.686096 -84.121704 23.246765 -2.43 2.43 -8.3 -9.2 -96.5907 -90.1513 -6.8020 0.6266 -0.075269 -0.087661 11.71 490 790 0.09 -99.00 0.0000 0.0000
2.796 2 -1.352168 1.277847 -10.934819 -1.487732 -82.984924 26.420593 -2.60 2.60 -10.1 -9.1 -90.1513 -90.1513 -6.8269 0.6285 -0.080460 -0.069237 11.63 490 790 0.07 -99.00 0.0000 0.0000
2.806 2 -0.659302 -3.191020 -9.978232 0.526428 -79.940796 20.248413 -2.68 2.68 -10.3 -9.1 -90.1513 -90.1513 -6.8516 0.6305 -0.083056 -0.053299 11.79 490 790 0.05 -99.00 0.0000 0.0000
2.816 2 -0.896650 -0.628135 -9.592241 4.234314 -76.408386 14.320374 -2.60 2.60 -8.4 -9.1 -96.5907 -90.1513 -6.8766 0.6326 -0.080460 -0.038000 11.75 490 790 0.04 -99.00 0.0000 0.0000
2.826 2 -1.951533 1.922764 -9.817602 -4.196167 -72.952271 18.859863 -2.51 2.51 -8.4 -9.2 -96.5907 -90.1513 -6.9017 0.6346 -0.077865 -0.021013 11.91 490 790 0.02 -99.00 0.0000 0.0000
2.836 2 -1.201128 -0.786367 -9.146314 -5.943298 -71.708679 15.525818 -2.43 2.43 -10.1 -9.2 -90.1513 -90.1513 -6.9268 0.6365 -0.075269 -0.004643 11.61 490 790 0.00 -99.00 0.0000 0.0000
2.846 2 -1.788506 -1.807685 -9.067197 -1.350403 -67.413330 8.460999 -2.34 2.34 -8.3 -9.2 -96.5907 -90.1513 -6.9522 0.6384 -0.072674 0.012752 11.79 490 790 -0.01 -99.00 0.0000 0.0000
2.856 2 -2.711528 2.881748 -9.995014 -10.055542 -64.178467 17.135620 -2.18 2.18 -8.2 -9.3 -96.5907 -90.1513 -6.9771 0.6402 -0.067483 0.034939 11.75 490 790 -0.03 -99.00 0.0000 0.0000
2.866 2 -1.941943 -0.131860 -10.704662 -13.122559 -62.973022 21.255493 -2.26 2.26 -8.3 -9.3 -96.5907 -90.1513 -7.0022 0.6419 -0.070078 0.056616 11.75 490 790 -0.06 -99.00 0.0000 0.0000
2.876 2 -1.347373 -1.908379 -10.731035 -8.949280 -60.325623 16.082764 -2.43 2.43 -10.3 -9.2 -90.1513 -90.1513 -7.0271 0.6436 -0.075269 0.068883 11.75 490 790 -0.07 -99.00 0.0000 0.0000
2.886 2 -2.670771 1.733364 -10.464916 -8.911133 -56.709290 14.991760 -2.60 2.60 -10.2 -5.6 -90.1513 -96.5907 -7.0519 0.6456 -0.080460 0.082091 11.72 490 790 -0.08 -99.00 0.0000 0.0000
2.896 2 -2.332729 1.632671 -10.745420 -15.342712 -53.741455 15.495300 -2.60 2.60 -10.2 -5.6 -90.1513 -96.5907 -7.0772 0.6476 -0.080460 0.095130 11.68 490 790 -0.10 -99.00 0.0000 0.0000
2.906 2 -1.750146 -2.325537 -10.205991 -9.155273 -50.338745 3.166199 -2.43 2.43 -8.3 -9.2 -96.5907 -90.1513 -7.1025 0.6496 -0.075269 0.103269 11.68 490 790 -0.10 -99.00 0.0000 0.0000
2.916 2 -1.354565 -1.798096 -9.942270 -5.393982 -44.670105 -5.699158 -2.34 2.34 -8.3 -9.2 -96.5907 -90.1513 -7.1276 0.6515 -0.072674 0.113224 11.74 490 790 -0.11 -99.00 0.0000 0.0000
2.926 2 -2.224844 0.990151 -10.160439 -9.223938 -40.954590 -2.967834 -2.43 2.43 -8.3 -9.2 -96.5907 -90.1513 -7.1526 0.6533 -0.075269 0.120949 11.82 490 790 -0.12 -99.00 0.0000 0.0000
2.936 2 -2.610835 -0.294888 -9.879936 -8.781433 -37.353516 -6.423950 -2.51 2.51 -10.3 -9.2 -90.1513 -90.1513 -7.1777 0.6552 -0.077865 0.132998 11.77 490 790 -0.13 -99.00 0.0000 0.0000
2.946 2 -1.905981 -2.864966 -9.172686 -3.585815 -32.112122 -10.208130 -2.60 2.60 -10.1 -9.1 -90.1513 -90.1513 -7.2024 0.6572 -0.080460 0.145340 11.63 490 790 -0.15 -99.00 0.0000 0.0000
2.956 2 -2.637207 0.175015 -9.668960 -6.370544 -28.244019 -4.554749 -2.68 2.68 -10.1 -9.1 -79.5453 -90.1513 -7.2274 0.6593 -0.083056 0.151277 11.64 490 790 -0.15 -99.00 0.0000 0.0000
2.966 2 -2.924902 2.495757 -10.208388 -10.429382 -24.330139 1.136780 -2.68 2.68 -8.5 -9.1 -96.5907 -90.1513 -7.2527 0.6614 -0.083056 0.163526 11.74 490 790 -0.16 -99.00 0.0000 0.0000
2.976 2 -1.968315 0.347632 -9.887129 -7.568359 -18.135071 3.898621 -2.60 2.60 -8.4 -9.1 -96.5907 -90.1513 -7.2777 0.6635 -0.080460 0.178544 11.75 490 790 -0.18 -99.00 0.0000 0.0000
2.986 2 -1.639863 1.879609 -10.086118 -7.720947 -12.374878 6.767273 -2.68 2.68 -8.5 -9.1 -96.5907 -90.1513 -7.3028 0.6656 -0.083056 0.175179 11.77 490 790 -0.18 -99.00 0.0000 0.0000
2.996 2 -2.972852 2.836196 -10.167631 -10.253906 -6.614685 7.789612 -2.76 2.76 -10.2 -9.0 -84.5168 -90.1513 -7.3279 0.6677 -0.085651 0.182526 11.69 490 790 -0.18 -99.00 0.0000 0.0000
3.006 2 -1.882007 -1.999482 -9.649780 -2.708435 -1.670837 0.236511 -2.85 2.85 -10.2 -5.5 -90.1513 -96.5907 -7.3529 0.6698 -0.088246 0.192121 11.68 490 790 -0.19 -99.00 0.0000 0.0000
3.016 2 -1.184346 -1.944341 -9.565868 -1.022339 5.714417 -2.456665 -2.68 2.68 -8.5 -9.1 -96.5907 -90.1513 -7.3782 0.6720 -0.083056 0.187683 11.79 490 790 -0.19 -99.00 0.0000 0.0000
3.026 2 -2.697144 0.630532 -10.126875 -2.365112 10.871887 0.633240 -2.68 2.68 -8.5 -5.6 -96.5907 -96.5907 -7.4034 0.6741 -0.083056 0.195091 11.94 490 780 -0.20 -99.00 0.0000 0.0000
3.036 2 -3.179033 -0.429145 -9.882334 -1.167297 15.350342 -0.663757 -2.60 2.60 -8.4 -9.1 -96.5907 -90.1513 -7.4281 0.6761 -0.080460 0.203875 11.71 490 790 -0.20 -99.00 0.0000 0.0000
3.046 2 -0.992549 -1.560747 -9.786435 2.799988 21.583557 -4.531860 -2.68 2.68 -10.1 -9.1 -90.1513 -90.1513 -7.4527 0.6781 -0.083056 0.208321 11.60 490 790 -0.21 -99.00 0.0000 0.0000
3.056 2 -2.128945 1.330591 -10.479301 1.197815 25.680542 0.190735 -2.76 2.76 -10.2 -5.6 -90.1513 -96.5907 -7.4778 0.6802 -0.085651 0.211693 11.68 490 790 -0.21 -99.00 0.0000 0.0000
3.066 2 -2.517334 0.613750 -10.203593 -1.625061 29.624939 3.387451 -2.51 2.51 -8.4 -9.2 -96.5907 -90.1513 -7.5028 0.6823 -0.077865 0.217839 11.60 490 790 -0.22 -99.00 0.0000 0.0000
3.076 2 -1.800493 -3.159853 -9.100761 5.088806 34.393311 -3.234863 -2.43 2.43 -8.3 -9.2 -96.5907 -90.1513 -7.5279 0.6842 -0.075269 0.222961 11.71 490 790 -0.22 -99.00 0.0000 0.0000
3.086 2 -2.191279 0.970972 -9.918296 2.647400 39.550781 -1.365662 -2.51 2.51 -10.2 -9.2 -90.1513 -90.1513 -7.5530 0.6861 -0.077865 0.228269 11.71 490 790 -0.23 -99.00 0.0000 0.0000
3.096 2 -2.675566 2.663579 -10.927627 -1.205444 42.015076 3.677368 -2.51 2.51 -8.4 -9.2 -96.5907 -90.1513 -7.5783 0.6880 -0.077865 0.233255 11.72 490 790 -0.23 -99.00 0.0000 0.0000
3.106 2 -2.224844 -1.661440 -10.227568 2.410889 45.852661 -1.342773 -2.68 2.68 -8.5 -5.6 -96.5907 -96.5907 -7.6035 0.6900 -0.083056 0.236721 11.74 490 790 -0.24 -99.00 0.0000 0.0000
3.116 2 -1.752544 -0.767187 -10.028579 4.570007 50.369263 -5.126953 -2.76 2.76 -8.5 -9.0 -96.5907 -90.1513 -7.6282 0.6921 -0.085651 0.237620 11.74 490 790 -0.24 -99.00 0.0000 0.0000
3.126 2 -2.301562 1.141191 -10.488892 0.801086 53.237915 -3.921509 -2.85 2.85 -10.3 -9.0 -84.5168 -90.1513 -7.6532 0.6943 -0.088246 0.238782 11.77 490 780 -0.24 -99.00 0.0000 0.0000
3.136 2 -1.747749 0.855894 -10.740624 -0.221252 57.258606 -8.064270 -2.85 2.85 -8.6 -9.0 -96.5907 -90.1513 -7.6781 0.6965 -0.088246 0.236705 11.82 490 790 -0.24 -99.00 0.0000 0.0000
3.146 2 -1.385732 -1.891597 -10.086118 3.311157 62.141418 -14.434814 -2.76 2.76 -8.5 -9.0 -96.5907 -90.1513 -7.7031 0.6987 -0.085651 0.234972 11.68 490 790 -0.23 -99.00 0.0000 0.0000
3.156 2 -1.793301 1.484028 -11.119424 0.061035 66.513062 -10.742188 -2.68 2.68 -8.5 -9.1 -96.5907 -90.1513 -7.7282 0.7008 -0.083056 0.229830 11.75 480 790 -0.23 -99.00 0.0000 0.0000
3.166 2 -1.790903 -0.158232 -10.970781 -0.541687 70.487976 -12.351990 -2.85 2.85 -10.3 -9.0 -90.1513 -90.1513 -7.7530 0.7029 -0.088246 0.223105 11.82 490 790 -0.22 -99.00 0.0000 0.0000
3.176 2 -0.999741 -1.870019 -10.054951 3.448486 75.775146 -17.242432 -2.93 2.93 -8.6 -8.9 -96.5907 -90.1513 -7.7781 0.7052 -0.090842 0.219284 11.68 490 790 -0.22 -99.00 0.0000 0.0000
3.186 2 -0.577788 1.498413 -10.599174 1.953125 80.749512 -14.167786 -2.93 2.93 -8.6 -8.9 -96.5907 -90.1513 -7.8033 0.7075 -0.090842 0.211959 11.72 490 790 -0.21 -99.00 0.0000 0.0000
3.196 2 -1.321001 2.589258 -11.181758 -1.686096 84.014893 -10.116577 -3.10 3.10 -10.2 -10.2 -90.1513 -84.5168 -7.8281 0.7099 -0.096033 0.203587 11.71 490 780 -0.20 -99.00 0.0000 0.0000
3.206 2 -0.395581 0.335645 -10.606367 -2.281189 89.149475 -11.482239 -3.10 3.10 -10.2 -8.8 -90.1513 -90.1513 -7.8534 0.7123 -0.096033 0.198060 11.72 490 790 -0.20 -99.00 0.0000 0.0000
3.216 2 -0.692866 0.026372 -10.505673 0.312805 93.330383 -13.160706 -3.01 3.01 -10.2 -10.2 -90.1513 -84.5168 -7.8788 0.7148 -0.093437 0.191510 11.69 490 780 -0.19 -99.00 0.0000 0.0000
3.226 2 -1.400117 2.829004 -11.328003 -4.112244 96.092224 -9.887695 -2.76 2.76 -8.5 -9.0 -96.5907 -90.1513 -7.9038 0.7170 -0.085651 0.185746 11.83 490 790 -0.19 -99.00 0.0000 0.0000
3.236 2 -0.731226 -1.083652 -10.579995 -3.028870 99.250793 -11.497498 -2.68 2.68 -8.5 -9.1 -96.5907 -90.1513 -7.9293 0.7192 -0.083056 0.182466 11.72 490 780 -0.18 -99.00 0.0000 0.0000
3.246 2 0.326055 -1.893994 -10.045361 -0.099182 102.478027 -18.272400 -2.76 2.76 -8.5 -5.6 -96.5907 -96.5907 -7.9544 0.7213 -0.085651 0.172496 11.75 490 790 -0.17 -99.00 0.0000 0.0000
3.256 2 -1.107627 1.905981 -10.637534 -4.127502 103.408813 -15.266418 -2.85 2.85 -8.6 -9.0 -96.5907 -90.1513 -7.9794 0.7234 -0.088246 0.165402 11.77 490 790 -0.17 -99.00 0.0000 0.0000
3.266 2 -0.700059 0.069526 -10.431353 -5.645752 103.942871 -17.059326 -2.93 2.93 -10.1 -8.9 -90.1513 -90.1513 -8.0045 0.7256 -0.090842 0.164409 11.61 490 780 -0.16 -99.00 0.0000 0.0000
3.276 2 0.561006 -1.335386 -10.213183 -3.944397 105.064392 -22.468567 -2.93 2.93 -10.1 -8.9 -90.1513 -90.1513 -8.0297 0.7279 -0.090842 0.152490 11.63 490 790 -0.15 -99.00 0.0000 0.0000
3.286 2 -0.100693 1.201128 -11.081064 -8.270264 104.598999 -21.865845 -2.76 2.76 -8.5 -9.0 -96.5907 -90.1513 -8.0549 0.7301 -0.085651 0.141533 11.68 490 780 -0.14 -99.00 0.0000 0.0000
3.296 2 -0.338042 0.764790 -11.220117 -9.109497 101.211548 -25.367737 -2.60 2.60 -8.4 -9.1 -96.5907 -90.1513 -8.0802 0.7322 -0.080460 0.139813 11.37 490 790 -0.14 -99.00 0.0000 0.0000
3.306 2 1.246680 -1.143589 -10.155644 -6.904602 101.051331 -31.562805 -2.68 2.68 -8.5 -9.1 -96.5907 -90.1513 -8.1053 0.7343 -0.083056 0.117555 11.04 490 790 -0.12 -99.00 0.0000 0.0000
3.316 2 0.354824 0.503467 -9.858359 -7.942200 100.349426 -30.166626 -2.68 2.68 -9.6 -9.1 -90.1513 -90.1513 -8.1301 0.7364 -0.083056 0.103927 11.11 490 790 -0.10 -99.00 0.0000 0.0000
3.326 2 0.139053 2.416641 -10.349838 -12.680054 99.143982 -24.459839 -2.68 2.68 -9.4 -9.1 -90.1513 -90.1513 -8.1550 0.7385 -0.083056 0.098861 10.95 490 780 -0.10 -99.00 0.0000 0.0000
3.336 2 1.582324 -0.321260 -9.987822 -12.229919 98.373413 -22.750854 -2.76 2.76 -8.5 -9.0 -96.5907 -90.1513 -8.1800 0.7406 -0.085651 0.076780 10.82 490 790 -0.08 -99.00 0.0000 0.0000
3.346 2 0.793560 -2.390269 -9.278173 -6.126404 96.969604 -22.659302 -2.85 2.85 -8.6 -5.5 -96.5907 -96.5907 -8.2051 0.7428 -0.088246 0.056851 11.34 490 780 -0.06 -99.00 0.0000 0.0000
3.356 2 0.640122 1.397720 -10.229965 -10.391235 95.451355 -13.793945 -2.85 2.85 -10.0 -9.0 -90.1513 -90.1513 -8.2299 0.7451 -0.088246 0.048531 11.45 490 790 -0.05 -99.00 0.0000 0.0000
3.366 2 2.028252 0.258926 -9.700127 -10.757446 90.888977 -12.863159 -2.85 2.85 -9.7 -9.0 -90.1513 -90.1513 -8.2548 0.7473 -0.088246 0.028451 11.22 490 790 -0.03 -99.00 0.0000 0.0000
3.376 2 1.675825 -1.004536 -9.297353 -4.837036 87.028503 -17.311096 -2.85 2.85 -8.6 -9.0 -96.5907 -90.1513 -8.2796 0.7495 -0.088246 0.010001 11.20 490 790 -0.01 -99.00 0.0000 0.0000
3.386 2 1.385732 1.567939 -9.882334 -5.958557 82.214355 -13.412476 -2.76 2.76 -8.5 -9.0 -96.5907 -90.1513 -8.3046 0.7517 -0.085651 0.000163 11.36 490 790 -0.00 -99.00 0.0000 0.0000
3.396 2 0.973369 2.198472 -10.277915 -8.728027 77.026367 -8.522034 -2.76 2.76 -8.5 -9.0 -96.5907 -90.1513 -8.3295 0.7538 -0.085651 -0.015665 11.25 490 790 0.02 -99.00 0.0000 0.0000
3.406 2 1.994687 -1.361758 -9.702524 -6.233215 73.524475 -12.062073 -2.85 2.85 -10.0 -9.0 -90.1513 -90.1513 -8.3545 0.7560 -0.088246 -0.031474 11.53 490 790 0.03 -99.00 0.0000 0.0000
3.416 2 2.011470 -0.227759 -9.915898 -4.226685 71.403503 -11.444092 -3.01 3.01 -9.9 -8.9 -90.1513 -90.1513 -8.3794 0.7583 -0.093437 -0.041846 11.36 490 790 0.04 -99.00 0.0000 0.0000
3.426 2 2.028252 1.898789 -10.313877 -8.453369 66.291809 -5.126953 -2.93 2.93 -10.2 -8.9 -90.1513 -90.1513 -8.4044 0.7606 -0.090842 -0.057824 11.66 490 790 0.06 -99.00 0.0000 0.0000
3.436 2 1.891597 -1.505605 -9.568266 -4.219055 62.553406 -8.575439 -2.85 2.85 -8.6 -9.0 -96.5907 -90.1513 -8.4295 0.7628 -0.088246 -0.073859 11.33 490 790 0.07 -99.00 0.0000 0.0000
3.446 2 2.795439 -0.151040 -9.604228 -2.143860 60.447693 -8.934021 -2.85 2.85 -8.6 -9.0 -96.5907 -90.1513 -8.4547 0.7650 -0.088246 -0.090934 11.49 490 790 0.09 -99.00 0.0000 0.0000
3.456 2 1.884404 2.152920 -9.954258 -3.929138 55.412292 -5.966187 -2.93 2.93 -8.6 -8.9 -96.5907 -90.1513 -8.4798 0.7673 -0.090842 -0.108760 11.53 490 790 0.11 -99.00 0.0000 0.0000
3.466 2 2.052227 0.887061 -10.369019 -4.516602 50.163269 -6.599426 -3.01 3.01 -8.7 -8.9 -96.5907 -90.1513 -8.5048 0.7696 -0.093437 -0.122000 11.36 490 790 0.12 -99.00 0.0000 0.0000
3.476 2 3.030391 -2.519731 -9.529907 1.770020 46.508789 -14.533997 -3.18 3.18 -9.9 -8.8 -90.1513 -90.1513 -8.5296 0.7720 -0.098628 -0.133795 11.42 490 790 0.13 -99.00 0.0000 0.0000
3.486 2 2.677964 -0.793560 -9.644985 4.760742 41.534424 -14.823914 -3.35 3.35 -10.0 -8.7 -84.5168 -90.1513 -8.5544 0.7745 -0.103819 -0.149389 11.47 490 780 0.15 -99.00 0.0000 0.0000
3.496 2 2.215254 3.850322 -10.582393 0.045776 35.911560 -7.476807 -3.27 3.27 -10.0 -8.7 -84.5168 -90.1513 -8.5790 0.7771 -0.101224 -0.159216 11.50 490 780 0.16 -99.00 0.0000 0.0000
3.506 2 2.227241 -1.500811 -9.592241 0.778198 31.799316 -8.102417 -3.35 3.35 -8.8 -8.7 -96.5907 -90.1513 -8.6037 0.7796 -0.103819 -0.168329 11.45 490 790 0.17 -99.00 0.0000 0.0000
3.516 2 2.920107 -2.510142 -9.393251 6.973267 28.755188 -10.215759 -3.27 3.27 -10.0 -8.7 -90.1513 -90.1513 -8.6283 0.7822 -0.101224 -0.182059 11.45 490 790 0.18 -99.00 0.0000 0.0000
3.526 2 2.047431 0.091104 -9.870346 6.080627 24.032593 -4.684448 -3.35 3.35 -9.8 -8.7 -84.5168 -90.1513 -8.6529 0.7847 -0.103819 -0.193822 11.30 490 780 0.19 -99.00 0.0000 0.0000
3.536 2 2.730708 1.050088 -9.987822 1.869202 20.477295 -0.923157 -3.43 3.43 -8.9 -8.7 -96.5907 -90.1513 -8.6775 0.7873 -0.106415 -0.201757 11.26 490 800 0.20 -99.00 0.0000 0.0000
3.546 2 2.651592 -1.675825 -9.393251 7.186890 17.799377 -6.797791 -3.35 3.35 -8.8 -8.7 -96.5907 -90.1513 -8.7021 0.7899 -0.103819 -0.212797 11.47 490 790 0.21 -99.00 0.0000 0.0000
3.556 2 3.584204 -0.278105 -9.597035 7.980347 15.335083 -5.088806 -3.43 3.43 -8.9 -8.7 -96.5907 -90.1513 -8.7271 0.7925 -0.106415 -0.222553 11.41 490 790 0.22 -99.00 0.0000 0.0000
3.566 2 2.754683 2.018662 -9.544291 5.424500 10.353088 -4.394531 -3.52 3.52 -8.9 -8.6 -96.5907 -90.1513 -8.7517 0.7951 -0.109010 -0.234822 11.55 490 790 0.23 -99.00 0.0000 0.0000
3.576 2 2.502949 -0.762393 -9.083980 6.942749 8.033752 -6.713867 -3.52 3.52 -9.9 -8.6 -90.1513 -90.1513 -8.7765 0.7978 -0.109010 -0.239485 11.39 490 780 0.24 -99.00 0.0000 0.0000
3.586 2 3.588999 -1.546362 -8.935337 10.330200 5.432129 -7.438660 -3.52 3.52 -9.8 -8.6 -84.5168 -90.1513 -8.8013 0.8005 -0.109010 -0.248493 11.28 490 780 0.25 -99.00 0.0000 0.0000
3.596 2 2.536514 0.256528 -9.906308 9.582520 2.204895 -1.495361 -3.52 3.52 -8.9 -8.6 -96.5907 -90.1513 -8.8261 0.8032 -0.109010 -0.260517 11.42 490 800 0.26 -99.00 0.0000 0.0000
3.606 2 2.150522 1.508003 -9.947065 6.546021 -2.037048 1.586914 -3.43 3.43 -8.9 -8.7 -96.5907 -90.1513 -8.8511 0.8059 -0.106415 -0.261446 11.28 490 790 0.26 -99.00 0.0000 0.0000
3.616 2 3.308496 -0.618545 -9.340508 9.178162 -4.325867 0.244141 -3.35 3.35 -8.8 -8.7 -96.5907 -90.1513 -8.8761 0.8085 -0.103819 -0.262418 11.49 490 790 0.26 -99.00 0.0000 0.0000
3.626 2 2.932095 -0.441133 -9.661767 10.520935 -7.698059 1.235962 -3.35 3.35 -8.8 -8.7 -96.5907 -90.1513 -8.9009 0.8111 -0.103819 -0.275855 11.44 490 790 0.28 -99.00 0.0000 0.0000
3.636 2 2.627617 2.061816 -10.148452 7.316589 -10.009766 4.028320 -3.35 3.35 -8.8 -8.7 -96.5907 -90.1513 -8.9261 0.8137 -0.103819 -0.275915 11.49 490 790 0.28 -99.00 0.0000 0.0000
3.646 2 3.255752 0.136655 -9.520317 6.301880 -11.863708 4.127502 -3.43 3.43 -8.9 -8.7 -96.5907 -90.1513 -8.9507 0.8163 -0.106415 -0.275988 11.50 490 790 0.28 -99.00 0.0000 0.0000
3.656 2 3.454741 -1.740557 -9.486753 8.506775 -12.870789 1.647949 -3.43 3.43 -9.9 -8.7 -90.1513 -90.1513 -8.9751 0.8189 -0.106415 -0.290652 11.37 490 790 0.29 -99.00 0.0000 0.0000
3.666 2 2.397461 0.517852 -9.942270 6.118774 -15.380859 3.715515 -3.35 3.35 -10.0 -8.7 -90.1513 -90.1513 -8.9997 0.8215 -0.103819 -0.296167 11.53 490 790 0.30 -99.00 0.0000 0.0000
3.676 2 2.665977 -0.198989 -8.136982 3.379822 -17.127991 3.990173 -3.27 3.27 -9.6 -8.7 -90.1513 -90.1513 -9.0247 0.8241 -0.101224 -0.298613 11.14 490 790 0.30 -99.00 0.0000 0.0000
3.686 2 4.490444 -0.678481 -8.467832 2.349854 -19.050598 2.754211 -3.18 3.18 -8.8 -8.8 -96.5907 -90.1513 -9.0497 0.8266 -0.098628 -0.307167 11.23 490 800 0.31 -99.00 0.0000 0.0000
3.696 2 1.949136 2.244023 -11.781122 -3.944397 -23.452759 6.210327 -3.10 3.10 -8.7 -8.8 -96.5907 -90.1513 -9.0748 0.8290 -0.096033 -0.306223 11.42 490 790 0.31 -99.00 0.0000 0.0000
3.706 2 1.378540 0.630532 -9.903911 -7.675171 -27.412415 5.569458 -3.01 3.01 -8.7 -8.9 -96.5907 -90.1513 -9.0998 0.8313 -0.093437 -0.295472 11.47 490 790 0.30 -99.00 0.0000 0.0000
3.716 2 3.020801 0.170220 -9.901513 -3.807068 -29.800415 1.487732 -3.01 3.01 -8.7 -8.9 -96.5907 -90.1513 -9.1250 0.8337 -0.093437 -0.294165 11.52 490 790 0.29 -99.00 0.0000 0.0000
3.726 2 1.929956 2.009072 -10.460122 -3.799438 -34.912109 2.960205 -3.10 3.10 -8.7 -8.8 -96.5907 -90.1513 -9.1497 0.8361 -0.096033 -0.285338 11.44 490 790 0.29 -99.00 0.0000 0.0000
3.736 2 2.562886 0.759995 -10.064541 -4.730225 -40.367126 3.379822 -3.10 3.10 -9.8 -8.8 -90.1513 -90.1513 -9.1741 0.8384 -0.096033 -0.000000 11.33 490 790 0.28 -99.00 0.0000 0.0000
3.746 2 3.025596 -0.438735 -9.445995 -1.426697 -45.227051 -1.670837 -3.18 3.18 -9.8 -8.8 -90.1513 -90.1513 -9.1991 0.8408 -0.098628 -0.288876 11.30 490 790 0.29 -99.00 0.0000 0.0000
3.756 2 2.205664 -0.278105 -9.362084 5.599976 -49.285889 -2.082825 -3.10 3.10 -9.8 -8.8 -90.1513 -90.1513 -9.2241 0.8433 -0.096033 -0.287545 11.33 490 790 0.29 -99.00 0.0000 0.0000
3.766 2 2.318345 3.327676 -10.301889 1.144409 -53.405762 9.925842 -3.10 3.10 -8.7 -5.4 -96.5907 -96.5907 -9.2494 0.8458 -0.096033 -0.286636 11.63 490 790 0.29 -99.00 0.0000 0.0000
3.776 2 2.419038 0.759995 -9.788833 1.777649 -57.800293 14.633179 -3.01 3.01 -8.7 -8.9 -96.5907 -90.1513 -9.2744 0.8481 -0.093437 -0.293317 11.44 490 790 0.29 -99.00 0.0000 0.0000
3.786 2 3.061558 -0.477095 -9.378867 3.143311 -59.898376 18.089294 -3.01 3.01 -8.7 -8.9 -96.5907 -90.1513 -9.2996 0.8505 -0.093437 -0.294632 11.44 480 790 0.29 -99.00 0.0000 0.0000
3.796 2 2.021060 1.205923 -10.030976 2.578735 -64.445496 25.344849 -2.93 2.93 -9.6 -8.9 -84.5168 -90.1513 -9.3247 0.8528 -0.090842 -0.291362 11.12 490 780 0.29 -99.00 0.0000 0.0000
3.806 2 2.095381 1.227500 -10.313877 0.892639 -69.168091 29.357910 -2.93 2.93 -10.2 -8.9 -84.5168 -90.1513 -9.3499 0.8551 -0.090842 -0.286777 11.69 490 790 0.29 -99.00 0.0000 0.0000
3.816 2 2.263203 -2.618027 -9.951860 6.759644 -70.678711 24.955750 -2.93 2.93 -9.7 -8.9 -90.1513 -90.1513 -9.3747 0.8574 -0.090842 -0.285561 11.20 490 790 0.29 -99.00 0.0000 0.0000
3.826 2 1.795698 0.819932 -10.625546 10.841370 -73.822021 22.544861 -2.93 2.93 -8.6 -8.9 -96.5907 -90.1513 -9.3996 0.8596 -0.090842 -0.278388 11.20 490 790 0.28 -99.00 0.0000 0.0000
3.836 2 1.527183 0.584980 -10.191607 7.659912 -77.667236 20.767212 -2.93 2.93 -8.6 -8.9 -96.5907 -90.1513 -9.4248 0.8619 -0.090842 -0.274838 11.52 490 790 0.27 -99.00 0.0000 0.0000
3.846 2 1.426489 -2.455000 -9.534702 12.451172 -80.329895 9.651184 -2.93 2.93 -9.9 -8.9 -90.1513 -90.1513 -9.4497 0.8642 -0.090842 -0.271793 11.42 490 790 0.27 -99.00 0.0000 0.0000
3.856 2 1.733364 -0.091104 -9.642588 15.472412 -82.160950 3.837585 -3.01 3.01 -8.7 -10.2 -96.5907 -79.5453 -9.4747 0.8665 -0.093437 -0.260789 11.68 490 790 0.26 -99.00 0.0000 0.0000
3.866 2 1.193936 0.383594 -9.973437 10.139465 -85.876465 6.317139 -3.01 3.01 -10.3 -5.4 -90.1513 -96.5907 -9.4995 0.8688 -0.093437 -0.252950 11.80 490 790 0.25 -99.00 0.0000 0.0000
3.876 2 0.877471 -2.526924 -9.172686 9.986877 -89.729309 4.661560 -2.93 2.93 -8.6 -8.9 -96.5907 -90.1513 -9.5246 0.8712 -0.090842 -0.240902 11.56 490 790 0.24 -99.00 0.0000 0.0000
3.886 2 0.834316 0.007192 -9.654575 10.780334 -91.743469 8.308411 -2.93 2.93 -8.6 -8.9 -96.5907 -90.1513 -9.5494 0.8734 -0.090842 -0.224777 11.74 490 790 0.22 -99.00 0.0000 0.0000
3.896 2 0.546621 1.862827 -10.150849 4.310608 -95.329285 21.324158 -2.93 2.93 -10.2 -5.5 -90.1513 -96.5907 -9.5743 0.8757 -0.090842 -0.211913 11.74 490 790 0.21 -99.00 0.0000 0.0000
3.906 2 0.397979 1.951533 -10.819741 3.295898 -98.930359 24.345398 -2.85 2.85 -8.6 -9.0 -96.5907 -90.1513 -9.5993 0.8779 -0.088246 -0.197435 11.75 490 800 0.20 -99.00 0.0000 0.0000
3.916 2 0.721636 -1.853237 -9.786435 7.942200 -99.792480 22.026062 -2.85 2.85 -8.6 -9.0 -96.5907 -90.1513 -9.6242 0.8801 -0.088246 -0.184320 11.77 490 790 0.18 -99.00 0.0000 0.0000
3.926 2 0.431543 0.023975 -9.582651 6.431580 -100.753784 26.245117 -2.93 2.93 -8.6 -5.5 -96.5907 -96.5907 -9.6488 0.8823 -0.090842 -0.175731 11.71 490 790 0.18 -99.00 0.0000 0.0000
3.936 2 -0.357222 1.865225 -10.191607 -0.572205 -100.845337 30.593872 -3.01 3.01 -8.7 -8.9 -96.5907 -90.1513 -9.6734 0.8846 -0.093437 -0.164326 11.68 490 790 0.16 -99.00 0.0000 0.0000
3.946 2 0.270913 -0.834316 -9.800820 2.082825 -102.493286 24.513245 -3.10 3.10 -10.2 -8.8 -90.1513 -90.1513 -9.6981 0.8870 -0.096033 -0.149900 11.72 490 790 0.15 -99.00 0.0000 0.0000
3.956 2 0.462710 -0.496274 -9.702524 2.494812 -102.287292 23.643494 -3.01 3.01 -10.2 -8.9 -84.5168 -90.1513 -9.7231 0.8894 -0.093437 -0.142281 11.66 490 790 0.14 -99.00 0.0000 0.0000
3.966 2 -0.496274 1.560747 -10.786177 -0.999451 -102.790833 26.863098 -2.93 2.93 -8.6 -8.9 -96.5907 -90.1513 -9.7481 0.8917 -0.090842 -0.126623 11.75 490 790 0.13 -99.00 0.0000 0.0000
3.976 2 -0.649712 0.565801 -10.786177 -3.288269 -103.393555 26.260376 -2.93 2.93 -8.6 -8.9 -96.5907 -90.1513 -9.7734 0.8940 -0.090842 -0.106856 11.72 490 790 0.11 -99.00 0.0000 0.0000
3.986 2 -0.115078 -1.301821 -9.978232 1.716614 -103.050232 19.584656 -3.10 3.10 -8.7 -8.8 -96.5907 -90.1513 -9.7986 0.8964 -0.096033 -0.101261 11.79 490 780 0.10 -99.00 0.0000 0.0000
3.996 2 -1.006934 0.640122 -10.287504 -0.122070 -102.996826 22.384644 -3.10 3.10 -8.7 -8.8 -96.5907 -90.1513 -9.8234 0.8987 -0.096033 -0.088034 11.80 490 790 0.09 -99.00 0.0000 0.0000
4.006 2 -1.690210 1.958726 -10.594379 -5.165100 -102.668762 24.787903 -3.18 3.18 -10.2 -8.8 -90.1513 -90.1513 -9.8480 0.9012 -0.098628 -0.066661 11.74 490 790 0.07 -99.00 0.0000 0.0000
4.016 2 -0.441133 -2.001880 -9.728896 -2.655029 -100.975037 20.065308 -3.18 3.18 -8.8 -8.8 -96.5907 -90.1513 -9.8733 0.9037 -0.098628 -0.058204 11.74 490 790 0.06 -99.00 0.0000 0.0000
4.026 2 -1.445669 -1.695005 -9.899116 -0.823975 -98.968506 23.727417 -3.27 3.27 -8.8 -8.7 -96.5907 -90.1513 -9.8983 0.9062 -0.101224 -0.043400 11.63 490 790 0.04 -99.00 0.0000 0.0000
4.036 2 -2.016265 2.459795 -10.824535 -6.340027 -97.732544 31.799316 -3.27 3.27 -8.8 -8.7 -96.5907 -90.1513 -9.9231 0.9087 -0.101224 -0.023696 11.77 490 800 0.02 -99.00 0.0000 0.0000
4.046 2 -0.865483 0.431543 -10.388198 -5.241394 -96.290588 27.755737 -3.27 3.27 -8.8 -8.7 -96.5907 -90.1513 -9.9479 0.9112 -0.101224 -0.016503 11.64 490 790 0.02 -99.00 0.0000 0.0000
4.056 2 -1.277847 -0.067129 -10.100503 -2.792358 -93.460083 21.354675 -3.18 3.18 -8.8 -8.8 -96.5907 -90.1513 -9.9729 0.9137 -0.098628 -0.010219 11.79 490 790 0.01 -99.00 0.0000 0.0000
4.066 2 -2.179292 0.889458 -10.153247 -4.272461 -90.957642 20.248413 -3.27 3.27 -8.8 -10.3 -96.5907 -79.5453 -9.9980 0.9162 -0.101224 0.010148 11.79 490 800 -0.01 -99.00 0.0000 0.0000
4.076 2 -1.603901 1.723774 -10.409775 -8.262634 -88.203430 21.240234 -3.27 3.27 -8.8 -8.7 -96.5907 -90.1513 -10.0228 0.9187 -0.101224 0.020149 11.64 490 790 -0.02 -99.00 0.0000 0.0000
4.086 2 -1.246680 -1.237090 -9.879936 -4.035950 -84.289551 17.089844 -3.27 3.27 -8.8 -8.7 -96.5907 -90.1513 -10.0480 0.9212 -0.101224 0.026962 11.80 490 790 -0.03 -99.00 0.0000 0.0000
4.096 2 -2.395063 0.160630 -10.500878 -2.677917 -81.977844 24.703979 -3.18 3.18 -10.3 -8.8 -90.1513 -90.1513 -10.0730 0.9237 -0.098628 0.047249 11.79 490 790 -0.05 -99.00 0.0000 0.0000
4.106 2 -2.306357 3.735244 -10.953999 -10.162354 -77.583313 32.463074 -3.18 3.18 -8.8 -8.8 -96.5907 -90.1513 -10.0978 0.9262 -0.098628 0.062447 11.80 490 790 -0.06 -99.00 0.0000 0.0000
4.116 2 -1.920366 -1.028511 -9.863154 -8.178711 -74.249268 27.282715 -3.27 3.27 -10.2 -8.7 -90.1513 -90.1513 -10.1225 0.9286 -0.101224 0.068094 11.72 490 790 -0.07 -99.00 0.0000 0.0000
4.126 2 -2.083394 -1.567939 -9.644985 -5.310059 -69.808960 23.323059 -3.27 3.27 -10.2 -8.7 -90.1513 -90.1513 -10.1473 0.9312 -0.101224 0.084176 11.74 490 790 -0.08 -99.00 0.0000 0.0000
4.136 2 -2.277588 0.834316 -10.165234 -8.003235 -66.017151 23.117065 -3.18 3.18 -10.2 -8.8 -90.1513 -90.1513 -10.1723 0.9337 -0.098628 0.099170 11.72 490 790 -0.10 -99.00 0.0000 0.0000
4.146 2 -2.059419 0.395581 -10.234760 -8.598328 -62.187195 18.226624 -3.10 3.10 -8.7 -8.8 -96.5907 -90.1513 -10.1977 0.9362 -0.096033 0.110708 11.75 490 790 -0.11 -99.00 0.0000 0.0000
4.156 2 -2.025854 -2.083394 -9.563472 -2.647400 -56.968689 9.689331 -3.01 3.01 -10.3 -8.9 -90.1513 -90.1513 -10.2231 0.9386 -0.093437 0.121186 11.79 490 790 -0.12 -99.00 0.0000 0.0000
4.166 2 -3.222188 0.697661 -10.026181 -5.645752 -53.138733 9.452820 -3.01 3.01 -10.3 -8.9 -90.1513 -90.1513 -10.2484 0.9409 -0.093437 0.138126 11.82 490 800 -0.14 -99.00 0.0000 0.0000
4.176 2 -2.049829 1.344976 -10.589584 -7.774353 -49.148560 10.505676 -3.10 3.10 -8.7 -8.8 -96.5907 -90.1513 -10.2734 0.9433 -0.096033 0.147705 11.85 490 790 -0.15 -99.00 0.0000 0.0000
4.186 2 -2.371089 -1.433682 -9.800820 -3.479004 -44.639587 6.256104 -3.01 3.01 -8.7 -8.9 -96.5907 -90.1513 -10.2980 0.9456 -0.093437 0.163255 11.64 490 790 -0.16 -99.00 0.0000 0.0000
4.196 2 -2.673169 0.608955 -9.915898 -6.324768 -40.931702 9.124756 -3.01 3.01 -8.7 -8.9 -96.5907 -90.1513 -10.3229 0.9479 -0.093437 0.174567 11.77 490 790 -0.17 -99.00 0.0000 0.0000
4.206 2 -3.835938 1.078857 -9.980630 -9.750366 -38.993835 10.498047 -3.10 3.10 -10.2 -8.8 -90.1513 -90.1513 -10.3479 0.9503 -0.096033 0.188131 11.69 490 790 -0.19 -99.00 0.0000 0.0000
4.216 2 -3.368433 -0.333247 -9.321328 -7.575989 -36.720276 6.958008 -3.01 3.01 -10.1 -8.9 -90.1513 -90.1513 -10.3729 0.9527 -0.093437 0.207518 11.63 490 790 -0.21 -99.00 0.0000 0.0000
4.226 2 -2.826606 0.155835 -9.184672 -9.193420 -33.676147 9.719849 -2.93 2.93 -8.6 -8.9 -96.5907 -90.1513 -10.3984 0.9551 -0.090842 0.222620 11.71 490 800 -0.22 -99.00 0.0000 0.0000
4.236 2 -3.811963 2.143330 -10.074131 -14.945984 -33.576965 16.304016 -2.93 2.93 -8.6 -8.9 -96.5907 -90.1513 -10.4236 0.9574 -0.090842 0.237645 11.74 490 790 -0.24 -99.00 0.0000 0.0000
4.246 2 -3.073545 -1.361758 -9.460381 -9.506226 -33.653259 10.742188 -2.85 2.85 -8.6 -9.0 -96.5907 -90.1513 -10.4487 0.9596 -0.088246 0.252834 11.77 490 790 -0.25 -99.00 0.0000 0.0000
4.256 2 -3.011211 -0.656904 -9.213442 -8.781433 -31.829834 13.435364 -2.85 2.85 -8.6 -10.3 -96.5907 -79.5453 -10.4739 0.9619 -0.088246 0.260387 11.77 490 800 -0.26 -99.00 0.0000 0.0000
4.266 2 -4.212339 2.042637 -9.786435 -11.543274 -31.013489 14.404297 -2.93 2.93 -8.6 -8.9 -96.5907 -90.1513 -10.4985 0.9641 -0.090842 0.275457 11.80 490 790 -0.28 -99.00 0.0000 0.0000
4.276 2 -3.473921 -0.501069 -9.457983 -11.627197 -30.723572 8.750916 -3.01 3.01 -10.2 -8.9 -90.1513 -90.1513 -10.5236 0.9664 -0.093437 0.283327 11.74 490 790 -0.28 -99.00 0.0000 0.0000
4.286 2 -3.037583 0.215771 -9.235020 -7.141113 -29.159546 -1.602173 -2.93 2.93 -8.6 -5.5 -96.5907 -96.5907 -10.5490 0.9687 -0.090842 0.292502 11.72 490 790 -0.29 -99.00 0.0000 0.0000
4.296 2 -4.310635 1.474438 -9.582651 -7.011414 -29.434204 -4.585266 -2.93 2.93 -8.6 -8.9 -96.5907 -90.1513 -10.5743 0.9709 -0.090842 0.304576 11.74 490 800 -0.30 -99.00 0.0000 0.0000
4.306 2 -4.190762 2.359102 -10.009399 -8.079529 -29.159546 -8.247375 -2.93 2.93 -8.6 -8.9 -96.5907 -90.1513 -10.5995 0.9732 -0.090842 0.316532 11.79 490 800 -0.32 -99.00 0.0000 0.0000
4.316 2 -3.406792 -1.014126 -9.007260 -1.937866 -28.038025 -11.116028 -3.01 3.01 -8.7 -5.4 -96.5907 -96.5907 -10.6245 0.9755 -0.093437 0.323544 11.94 490 790 -0.32 -99.00 0.0000 0.0000
4.326 2 -4.701421 1.460054 -9.520317 -1.869202 -27.763367 -7.553101 -2.93 2.93 -8.6 -8.9 -96.5907 -90.1513 -10.6492 0.9778 -0.090842 0.335293 11.72 480 790 -0.34 -99.00 0.0000 0.0000
4.336 2 -4.032529 2.102573 -9.961450 -3.303528 -28.572083 -6.492615 -3.01 3.01 -10.2 -8.9 -90.1513 -90.1513 -10.6738 0.9801 -0.093437 0.342775 11.66 490 790 -0.34 -99.00 0.0000 0.0000
4.346 2 -4.363379 -2.131343 -9.235020 -1.304626 -28.991699 -8.735657 -2.93 2.93 -8.6 -8.9 -96.5907 -90.1513 -10.6989 0.9824 -0.090842 0.346219 11.64 490 800 -0.35 -99.00 0.0000 0.0000
4.356 2 -4.492842 -0.175015 -9.326122 3.349304 -27.648926 -11.085510 -2.85 2.85 -8.6 -9.0 -96.5907 -90.1513 -10.7239 0.9847 -0.088246 0.360104 11.75 490 800 -0.36 -99.00 0.0000 0.0000
4.366 2 -4.440097 2.258408 -9.644985 -0.366211 -27.511597 -3.791809 -2.85 2.85 -10.3 -9.0 -84.5168 -90.1513 -10.7491 0.9869 -0.088246 0.365892 11.83 490 790 -0.37 -99.00 0.0000 0.0000
4.376 2 -4.241108 0.306875 -9.438804 0.923157 -27.488708 -5.737305 -2.85 2.85 -8.6 -9.0 -96.5907 -90.1513 -10.7740 0.9891 -0.088246 0.366378 11.75 490 800 -0.37 -99.00 0.0000 0.0000
4.386 2 -3.553037 -0.385991 -9.247006 3.341675 -23.773193 -5.577087 -3.01 3.01 -8.7 -5.4 -96.5907 -96.5907 -10.7992 0.9914 -0.093437 0.375534 11.79 490 790 -0.38 -99.00 0.0000 0.0000
4.396 2 -4.181172 2.627617 -9.621011 0.061035 -22.453308 0.244141 -3.01 3.01 -10.3 -8.9 -84.5168 -90.1513 -10.8241 0.9937 -0.093437 0.378635 11.75 490 780 -0.38 -99.00 0.0000 0.0000
4.406 2 -4.615112 -0.417158 -9.012055 0.015259 -20.034790 -2.937317 -3.10 3.10 -10.2 -8.8 -90.1513 -90.1513 -10.8487 0.9960 -0.096033 0.383813 11.71 490 790 -0.38 -99.00 0.0000 0.0000
4.416 2 -2.802632 -0.887061 -9.055210 2.159119 -16.342163 -8.201599 -2.93 2.93 -8.6 -8.9 -96.5907 -90.1513 -10.8739 0.9984 -0.090842 0.387587 11.77 490 800 -0.39 -99.00 0.0000 0.0000
4.426 2 -4.468867 0.357222 -9.395649 2.281189 -13.534546 -8.193970 -2.93 2.93 -8.6 -8.9 -96.5907 -90.1513 -10.8992 1.0007 -0.090842 0.388946 11.75 490 790 -0.39 -99.00 0.0000 0.0000
4.436 2 -4.835679 1.162768 -9.824795 -0.015259 -9.292603 -8.209229 -2.93 2.93 -8.6 -8.9 -96.5907 -90.1513 -10.9240 1.0030 -0.090842 0.391269 11.74 490 790 -0.39 -99.00 0.0000 0.0000
4.446 2 -3.203008 -1.352168 -9.196660 2.670288 -4.783630 -14.862061 -2.93 2.93 -8.6 -8.9 -96.5907 -90.1513 -10.9489 1.0052 -0.090842 0.390287 11.68 490 790 -0.39 -99.00 0.0000 0.0000
4.456 2 -3.368433 -1.548760 -9.098364 6.401062 3.234863 -19.607544 -3.01 3.01 -8.7 -8.9 -96.5907 -90.1513 -10.9739 1.0075 -0.093437 0.386857 11.80 490 790 -0.39 -99.00 0.0000 0.0000
4.466 2 -4.730190 1.165166 -9.503535 4.867554 9.727478 -16.105652 -3.10 3.10 -10.3 -8.8 -90.1513 -90.1513 -10.9985 1.0098 -0.096033 0.392316 11.80 490 780 -0.39 -99.00 0.0000 0.0000
4.476 2 -3.260547 1.378540 -9.851167 3.997803 17.379761 -16.426086 -3.18 3.18 -10.2 -8.8 -90.1513 -90.1513 -11.0235 1.0123 -0.098628 0.395321 11.74 490 790 -0.40 -99.00 0.0000 0.0000
4.486 2 -3.298906 -1.702197 -9.434009 7.270813 26.138306 -20.103455 -2.85 2.85 -8.6 -9.0 -96.5907 -90.1513 -11.0488 1.0146 -0.088246 0.394852 11.74 490 790 -0.39 -99.00 0.0000 0.0000
4.496 2 -4.166787 0.875073 -10.131670 7.331848 32.943726 -16.120911 -2.76 2.76 -8.5 -9.0 -96.5907 -90.1513 -11.0738 1.0168 -0.085651 0.395878 11.74 490 790 -0.40 -99.00 0.0000 0.0000
4.506 2 -3.907861 0.184604 -10.738227 5.416870 40.565491 -10.925293 -2.68 2.68 -8.5 -9.1 -96.5907 -90.1513 -11.0989 1.0189 -0.083056 0.394443 11.71 490 790 -0.39 -99.00 0.0000 0.0000
4.516 2 -2.805029 -2.399858 -9.968642 8.895874 50.186157 -14.312744 -2.68 2.68 -8.5 -9.1 -96.5907 -90.1513 -11.1241 1.0210 -0.083056 0.392982 11.74 490 790 -0.39 -99.00 0.0000 0.0000
4.526 2 -3.689692 0.779175 -10.663906 6.591797 61.172485 -11.177063 -2.76 2.76 -8.5 -9.0 -96.5907 -90.1513 -11.1492 1.0232 -0.085651 0.394903 11.66 490 790 -0.39 -99.00 0.0000 0.0000
4.536 2 -3.325278 -0.664097 -10.205991 5.340576 71.281433 -14.831543 -2.93 2.93 -10.2 -8.9 -90.1513 -90.1513 -11.1740 1.0254 -0.090842 0.394444 11.71 490 790 -0.39 -99.00 0.0000 0.0000
4.546 2 -3.437959 -2.797837 -9.148710 5.867004 81.779480 -19.805908 -3.10 3.10 -10.2 -8.8 -90.1513 -90.1513 -11.1989 1.0277 -0.096033 0.401566 11.69 490 790 -0.40 -99.00 0.0000 0.0000
4.556 2 -2.608438 1.579927 -10.697471 4.165649 91.583252 -18.890381 -3.18 3.18 -8.8 -8.8 -96.5907 -90.1513 -11.2243 1.0302 -0.098628 0.404399 11.74 490 790 -0.40 -99.00 0.0000 0.0000
4.566 2 -4.435303 1.404912 -11.361567 -5.981445 100.067139 -15.388489 -3.10 3.10 -10.3 -8.8 -90.1513 -90.1513 -11.2497 1.0327 -0.096033 0.404676 11.83 490 790 -0.40 -99.00 0.0000 0.0000
4.576 2 -3.346855 -1.316206 -10.589584 -5.233765 105.827332 -26.931763 -3.10 3.10 -8.7 -8.8 -96.5907 -90.1513 -11.2749 1.0351 -0.096033 0.410039 11.75 490 800 -0.41 -99.00 0.0000 0.0000
4.586 2 -3.274931 -0.678481 -10.287504 -4.302979 113.327026 -33.317566 -3.18 3.18 -8.8 -8.8 -96.5907 -90.1513 -11.3000 1.0376 -0.098628 0.410630 11.82 490 790 -0.41 -99.00 0.0000 0.0000
