%  1    time 0.000 sec
%  2    mission (0) state 2
%  3  4  5 Acc x,y,z: 0.026372 -0.091104 -10.261132
%  6  7  8 Gyro x,y,z: -1.686096 1.930237 -0.831604
%  9 10 Motor velocity ref left, right: 0.67 0.67
% 11 12 Motor voltage [V] left, right: 1.1 1.1
% 13 14 Wheel velocity [r/s] left, right: 0.0029 0.0030
% 15 16 17 18 Pose x,y,h,tilt [m,m,rad,rad]: 0.0000 0.0000 0.000000 -0.002730
% 19    Battery voltage [V]: 11.69
% 20 21 Get data time [us]: 490 +ctrl 890
% 22 23 24 25 Extra pt.: balE[0], balU[0], balUI[0], balUI[1]: 0.03 -99.0000 0.0000 0.0000
0.001 2 -0.035962 -0.055142 -10.316274 -1.800537 1.808167 -0.762939 1.34 1.34 1.4 1.4 0.0029 0.0030 0.0000 0.0000 0.000000 -0.002634 11.69 490 810 0.03 -99.00 0.0000 0.0000
0.002 2 0.026372 -0.014385 -10.304287 -1.808167 1.800537 -0.625610 2.02 2.02 1.6 1.6 0.0029 0.0030 0.0000 0.0000 0.000000 -0.002542 11.33 510 800 0.03 -99.00 0.0000 0.0000
0.003 2 -0.031167 -0.095898 -10.232363 -1.831055 1.747131 -0.579834 2.69 2.69 1.8 1.8 0.0029 0.0030 0.0000 0.0000 0.000000 -0.002456 11.33 490 780 0.03 -99.00 0.0000 0.0000
0.004 2 0.023975 -0.143848 -10.275517 -1.777649 1.770020 -0.762939 3.36 3.36 2.0 2.0 0.0029 0.0030 0.0000 0.0000 0.000000 -0.002370 11.33 490 780 0.03 -99.00 0.0000 0.0000
0.005 2 0.021577 -0.083911 -10.306684 -1.792908 1.678467 -0.877380 4.03 4.03 2.1 2.1 0.0029 0.0030 0.0000 0.0000 0.000000 -0.002337 11.33 490 780 0.03 -99.00 0.0000 0.0000
0.006 2 0.076719 -0.091104 -10.357031 -1.663208 1.579285 -0.808716 4.71 4.71 2.3 2.3 0.0029 0.0030 0.0004 0.0000 0.000000 -0.002357 11.33 490 780 0.03 -99.00 0.0000 0.0000
0.007 2 0.095898 -0.079116 -10.318671 -1.640320 1.396179 -0.625610 5.38 5.38 2.4 2.4 0.0029 0.0030 0.0004 0.0000 0.000000 -0.002450 11.06 510 800 0.03 -99.00 0.0000 0.0000
0.008 2 0.093501 -0.067129 -10.323466 -1.747131 1.350403 -0.770569 6.05 6.05 2.5 2.5 0.0029 0.0030 0.0004 0.0000 0.000000 -0.002559 11.06 490 780 0.03 -99.00 0.0000 0.0000
0.009 2 0.045552 -0.095898 -10.357031 -1.670837 1.441956 -0.740051 6.72 6.72 2.7 2.7 0.0029 0.0030 0.0004 0.0000 0.000000 -0.002617 11.06 490 780 0.03 -99.00 0.0000 0.0000
0.010 2 0.059937 -0.141450 -10.347441 -1.609802 1.312256 -0.671387 7.39 7.39 2.8 2.8 0.0029 0.0030 0.0004 0.0000 0.000000 -0.002643 11.06 490 780 0.03 -99.00 0.0000 0.0000
0.011 2 0.045552 -0.141450 -10.404980 -1.663208 1.312256 -0.831604 8.07 8.07 2.1 2.3 3.0388 2.5182 0.0008 0.0000 0.000000 -0.002668 11.06 490 780 0.03 -99.00 0.0000 0.0000
0.012 2 -0.100693 -0.124668 -10.397788 -1.701355 1.289368 -0.816345 8.74 8.74 3.0 3.0 3.0388 2.5182 0.0008 0.0000 0.000000 -0.002540 11.28 510 800 0.03 -99.00 0.0000 0.0000
0.013 2 -0.155835 -0.033564 -10.376210 -1.747131 0.846863 -0.030518 9.41 9.41 3.6 3.7 3.0388 2.5182 0.0010 -0.0000 -0.002595 -0.002227 11.28 490 820 0.03 -99.00 0.0000 0.0000
0.014 2 -0.963779 0.148643 -10.165234 -1.396179 1.205444 0.259399 10.08 10.08 3.3 3.5 5.0837 4.2793 0.0012 -0.0000 0.000000 -0.001081 11.28 490 820 0.03 -99.00 0.0000 0.0000
0.015 2 -1.033306 -0.045552 -10.544033 -1.663208 2.052307 -0.526428 10.76 10.76 3.8 4.1 5.0837 4.2793 0.0012 -0.0000 0.000000 0.000872 11.28 490 790 0.03 -99.00 0.0000 0.0000
0.016 2 0.306875 0.503467 -10.491289 -2.716064 1.129150 -0.267029 11.43 11.43 4.0 4.6 5.7058 4.2793 0.0016 -0.0000 0.000000 0.001560 11.28 490 800 0.03 -99.00 0.0000 0.0000
0.017 2 0.026372 0.424351 -10.292299 -3.486633 1.113892 0.061035 12.10 12.10 4.5 4.3 5.7058 5.8794 0.0016 -0.0000 0.000000 0.001234 11.25 510 800 0.03 -99.00 0.0000 0.0000
0.018 2 -0.671289 -1.117217 -10.335454 -2.357483 1.495361 -0.526428 12.77 12.77 4.8 4.8 6.8296 5.8794 0.0020 -0.0000 0.000000 0.001848 11.25 490 760 0.03 -99.00 0.0000 0.0000
0.019 2 0.105488 -1.728569 -10.174824 -0.762939 1.098633 -0.671387 13.45 13.45 4.5 5.2 8.2961 6.9347 0.0022 -0.0000 -0.002595 0.002374 11.25 490 730 0.03 -99.00 0.0000 0.0000
0.020 2 0.546621 -0.728828 -10.333056 -0.297546 0.869751 -0.030518 14.12 14.12 4.9 4.5 8.2961 9.0756 0.0024 -0.0000 0.000000 0.001718 11.25 490 740 0.03 -99.00 0.0000 0.0000
0.021 2 0.318862 0.208579 -10.409775 -0.862122 0.389099 0.312805 14.79 14.79 4.8 4.4 9.3908 10.1674 0.0028 -0.0000 0.000000 0.000868 11.25 490 720 0.03 -99.00 0.0000 0.0000
0.022 2 0.328452 0.774380 -10.325864 -2.044678 0.999451 -0.701904 15.46 15.46 4.5 3.5 10.8182 12.6380 0.0032 -0.0000 0.000000 0.000245 11.22 510 730 0.03 -99.00 0.0000 0.0000
0.023 2 -0.330850 0.539429 -10.520059 -2.670288 1.281738 -1.792908 16.13 16.13 3.7 4.1 13.0026 12.2934 0.0036 -0.0000 0.000000 0.000256 11.22 490 720 0.03 -99.00 0.0000 0.0000
0.024 2 0.189399 0.321260 -10.105297 -2.723694 1.235962 -0.892639 16.81 16.81 3.9 4.1 13.3888 13.1288 0.0040 -0.0000 0.000000 0.000399 11.22 490 720 0.03 -99.00 0.0000 0.0000
0.025 2 0.268516 -0.007192 -10.191607 -2.395630 0.907898 0.648499 17.48 17.48 4.0 4.4 13.9409 13.2575 0.0044 -0.0000 0.000000 -0.000037 11.22 490 720 0.03 -99.00 0.0000 0.0000
0.026 2 0.304478 -0.781572 -10.270722 -1.625061 0.869751 0.747681 18.15 18.15 4.3 4.3 14.2344 14.2344 0.0048 -0.0000 0.000000 -0.000575 11.22 490 710 0.03 -99.00 0.0000 0.0000
0.027 2 0.002397 -0.884663 -10.366621 -1.083374 1.152039 -0.251770 18.82 18.82 4.5 4.2 14.6986 15.1940 0.0052 -0.0000 0.000000 -0.000842 11.42 510 730 0.03 -99.00 0.0000 0.0000
0.028 2 0.484287 -0.606558 -10.443339 -0.686646 0.862122 -0.877380 19.50 19.50 4.7 4.3 15.0252 15.9091 0.0056 -0.0000 0.000000 -0.001269 11.42 490 720 0.03 -99.00 0.0000 0.0000
0.029 2 0.371606 0.122271 -10.419365 -1.045227 0.831604 -0.175476 20.17 20.17 5.3 4.7 14.6986 15.9091 0.0060 -0.0000 0.000000 -0.002041 11.42 490 720 0.03 -99.00 0.0000 0.0000
0.030 2 -0.359619 0.793560 -10.493686 -2.044678 0.709534 1.167297 20.84 20.84 4.6 4.2 16.9034 17.5619 0.0068 -0.0000 0.000000 -0.002001 11.42 490 710 0.03 -99.00 0.0000 0.0000
0.031 2 -0.050347 0.750405 -10.460122 -2.670288 0.617981 1.785278 21.51 21.51 4.8 4.4 17.3368 18.0303 0.0072 -0.0000 0.000000 -0.001563 11.42 490 710 0.03 -99.00 0.0000 0.0000
0.032 2 0.793560 0.402773 -10.265927 -2.548218 0.717163 0.991821 22.18 22.18 5.1 5.0 17.5619 17.5619 0.0076 -0.0000 0.000000 -0.002237 11.37 510 740 0.03 -99.00 0.0000 0.0000
0.033 2 0.457915 -0.443530 -10.220376 -1.876831 0.625610 -0.205994 22.86 22.86 4.6 4.7 19.3181 19.0460 0.0084 -0.0000 0.000000 -0.003388 11.37 490 720 0.03 -99.00 0.0000 0.0000
0.034 2 -0.294888 -0.774380 -9.906308 -1.060486 0.610352 -0.648499 23.53 23.53 4.8 4.8 19.5981 19.5981 0.0089 -0.0000 0.000000 -0.003459 11.37 490 720 0.03 -99.00 0.0000 0.0000
0.035 2 -0.901445 -0.659302 -9.995014 -0.709534 0.976562 -0.389099 24.20 24.20 5.1 4.8 19.8863 20.4889 0.0097 -0.0000 0.000000 -0.002191 11.37 480 700 0.03 -99.00 0.0000 0.0000
0.036 2 -0.558608 -0.059937 -10.229965 -1.159668 0.549316 1.068115 24.87 24.87 5.4 5.0 20.1831 20.8041 0.0101 -0.0000 0.000000 -0.000704 11.37 490 700 0.03 -99.00 0.0000 0.0000
0.037 2 0.453120 0.594570 -10.146054 -2.044678 0.549316 2.601624 25.55 25.55 4.9 5.1 21.8108 21.4646 0.0109 -0.0000 0.000000 -0.000583 11.26 510 710 0.03 -99.00 0.0000 0.0000
0.038 2 -0.261323 0.338042 -10.627944 -2.456665 0.335693 3.013611 26.22 26.22 5.2 5.1 22.1684 22.1684 0.0117 -0.0000 0.000000 -0.000762 11.26 490 690 0.03 -99.00 0.0000 0.0000
0.039 2 -0.594570 -0.062334 -10.500878 -2.426147 0.625610 2.555847 26.89 26.89 5.4 5.1 22.5378 22.9198 0.0123 -0.0000 0.002595 0.000065 11.26 490 720 0.03 -99.00 0.0000 0.0000
0.040 2 0.091104 -0.273311 -10.568007 -1.747131 0.511169 0.656128 27.56 27.56 5.6 4.9 22.9198 24.1477 0.0129 0.0000 0.000000 0.000548 11.26 490 710 0.03 -99.00 0.0000 0.0000
0.041 2 0.230156 -0.618545 -10.522456 -0.930786 0.000000 -0.274658 28.24 28.24 5.4 5.3 24.1477 24.1477 0.0137 0.0000 0.000000 0.000240 11.26 490 670 0.03 -99.00 0.0000 0.0000
0.042 2 -0.335645 -0.141450 -10.179619 -0.961304 0.160217 0.648499 28.91 28.91 5.6 4.7 24.5867 26.0052 0.0145 0.0000 0.000000 0.000346 11.22 510 710 0.03 -99.00 0.0000 0.0000
0.043 2 -0.635327 -0.069526 -10.357031 -1.350403 -0.144958 1.846313 29.58 29.58 5.8 5.7 25.0420 25.0420 0.0151 0.0000 0.002595 0.001273 11.22 490 720 0.03 -99.00 0.0000 0.0000
0.044 2 -0.019180 -0.033564 -10.033374 -1.808167 0.244141 2.273560 30.25 30.25 5.7 5.6 26.0052 26.0052 0.0159 0.0000 0.002595 0.001874 11.22 490 710 0.03 -99.00 0.0000 0.0000
0.045 2 0.498672 -0.071924 -10.086118 -1.914978 -0.099182 1.747131 30.92 30.92 5.8 5.5 26.5151 27.0454 0.0167 0.0000 0.002595 0.001368 11.22 490 720 0.03 -99.00 0.0000 0.0000
0.046 2 0.474697 -0.314067 -10.083720 -1.632690 -0.022888 1.464844 31.60 31.60 5.7 5.9 27.5973 27.0454 0.0175 0.0000 0.002595 0.000385 11.22 490 720 0.03 -99.00 0.0000 0.0000
0.047 2 -0.088706 -0.366812 -10.054951 -1.129150 0.495911 0.801086 32.27 32.27 6.1 6.0 27.5973 27.5973 0.0185 0.0000 0.000000 0.000003 11.15 510 730 0.03 -99.00 0.0000 0.0000
0.048 2 -0.220566 -0.515454 -10.333056 -0.930786 0.251770 0.450134 32.94 32.94 6.2 5.8 28.1723 28.7717 0.0193 0.0000 0.000000 0.000308 11.15 490 690 0.03 -99.00 0.0000 0.0000
0.049 2 0.198989 -0.230156 -10.069336 -1.106262 0.045776 1.403809 33.61 33.61 6.4 6.6 28.7717 28.1723 0.0201 0.0000 0.000000 0.000320 11.15 490 690 0.03 -99.00 0.0000 0.0000
0.050 2 0.457915 0.139053 -10.222774 -1.205444 -0.144958 3.158569 34.29 34.29 6.1 6.4 30.0504 29.3972 0.0209 0.0000 0.000000 -0.000326 11.15 490 690 0.03 -99.00 0.0000 0.0000
0.051 2 -0.419556 0.273311 -10.246748 -1.747131 0.030518 5.180359 34.96 34.96 6.2 6.5 30.7334 30.0504 0.0219 0.0000 0.002595 -0.000359 11.15 490 730 0.03 -99.00 0.0000 0.0000
0.052 2 -0.441133 0.249336 -10.289902 -2.159119 0.549316 5.340576 35.63 35.63 6.2 6.5 31.4481 30.7334 0.0229 0.0000 0.000000 0.000483 11.06 510 740 0.03 -99.00 0.0000 0.0000
0.053 2 0.697661 -0.366812 -10.352236 -1.617432 0.129700 3.387451 36.30 36.30 5.8 6.6 32.9822 31.4481 0.0237 0.0000 0.000000 0.000237 11.06 490 690 0.03 -99.00 0.0000 0.0000
0.054 2 0.721636 -0.613750 -10.122080 -0.633240 -0.038147 0.839233 36.97 36.97 6.2 5.7 32.9822 33.8067 0.0247 0.0000 0.002595 -0.001138 11.06 490 720 0.03 -99.00 0.0000 0.0000
0.055 2 -0.031167 -0.304478 -10.261132 0.007629 -0.228882 -0.289917 37.65 37.65 6.7 5.7 32.9822 34.6736 0.0257 0.0000 0.000000 -0.001792 11.06 490 710 0.03 -99.00 0.0000 0.0000
0.056 2 -0.620942 0.074321 -10.114887 -0.213623 0.160217 -0.076294 38.32 38.32 6.6 6.1 33.8067 34.6736 0.0268 0.0000 0.002595 -0.001120 11.06 490 720 0.03 -99.00 0.0000 0.0000
0.057 2 -0.297285 0.201387 -10.191607 -1.190186 0.465393 1.426697 38.99 38.99 6.6 6.0 34.6736 35.5860 0.0280 0.0000 0.002595 -0.000197 11.26 510 750 0.03 -99.00 0.0000 0.0000
0.058 2 -0.035962 0.738418 -10.316274 -2.006531 -0.541687 5.027771 39.66 39.66 7.0 5.9 34.6736 36.5478 0.0288 0.0000 0.002595 0.000130 11.26 490 720 0.03 -99.00 0.0000 0.0000
0.059 2 -0.292490 0.733623 -10.251543 -2.639771 -0.213623 7.553101 40.34 40.34 7.0 6.3 35.5860 36.5478 0.0300 0.0000 0.002595 0.000438 11.26 490 720 0.03 -99.00 0.0000 0.0000
0.060 2 0.043154 -0.038359 -10.570405 -2.410889 0.015259 7.362366 41.01 41.01 6.9 6.2 36.5478 37.5630 0.0312 0.0000 0.002595 0.000669 11.26 490 710 0.03 -99.00 0.0000 0.0000
0.061 2 0.115078 -0.616147 -10.553622 -1.396179 -0.129700 4.722595 41.68 41.68 7.3 6.0 36.5478 38.6363 0.0320 0.0000 0.002595 0.000507 11.26 490 710 0.03 -99.00 0.0000 0.0000
0.062 2 0.558608 -0.927817 -10.476904 -0.373840 -0.251770 1.441956 42.35 42.35 6.7 5.8 38.6363 39.7726 0.0332 0.0000 0.002595 -0.000142 11.09 500 740 0.03 -99.00 0.0000 0.0000
0.063 2 0.678481 -0.635327 -10.421762 -0.022888 -0.526428 -0.381470 43.03 43.03 7.1 6.2 38.6363 39.7726 0.0344 0.0000 0.002595 -0.001317 11.09 490 720 0.03 -99.00 0.0000 0.0000
0.064 2 0.143848 -0.086309 -10.237158 -0.541687 -0.656128 -0.137329 43.70 43.70 6.9 6.0 39.7726 40.9779 0.0356 0.0000 0.002595 -0.002084 11.09 490 720 0.03 -99.00 0.0000 0.0000
0.065 2 -0.155835 0.294888 -10.107695 -1.472473 -0.579834 1.846313 44.37 44.37 6.7 6.4 40.9779 40.9779 0.0368 0.0000 0.002595 -0.002040 11.09 490 720 0.03 -99.00 0.0000 0.0000
0.066 2 0.023975 0.338042 -9.956655 -2.166748 -0.503540 3.196716 45.04 45.04 7.1 6.8 40.9779 40.9779 0.0380 0.0000 0.002595 -0.001880 11.09 490 710 0.03 -99.00 0.0000 0.0000
0.067 2 -0.414761 -0.323657 -9.925488 -2.235413 0.335693 3.684998 45.71 45.71 7.5 6.6 40.9779 42.2584 0.0392 0.0000 0.002595 -0.001455 11.01 510 740 0.03 -99.00 0.0000 0.0000
0.068 2 0.079116 -0.563403 -9.870346 -2.014160 -0.389099 4.478455 46.39 46.39 7.3 7.0 42.2584 42.2584 0.0404 0.0001 0.002595 -0.001092 11.01 490 690 0.03 -99.00 0.0000 0.0000
0.069 2 -0.016782 -0.517852 -9.752871 -1.960754 -0.396729 4.989624 47.06 47.06 7.7 6.7 42.2584 43.6216 0.0416 0.0001 0.002595 -0.001140 11.01 490 700 0.03 -99.00 0.0000 0.0000
0.070 2 -0.812739 -0.671289 -10.102901 -1.533508 -0.549316 5.249023 47.73 47.73 7.4 7.8 43.6216 42.2584 0.0428 0.0001 0.002595 -0.000313 11.01 490 720 0.03 -99.00 0.0000 0.0000
0.071 2 -0.601763 -0.683276 -10.251543 -1.449585 0.045776 4.264832 48.40 48.40 7.0 6.8 45.0756 45.0756 0.0441 0.0001 0.002595 0.001064 11.01 490 720 0.03 -99.00 0.0000 0.0000
0.072 2 0.970972 -0.688071 -10.416967 -1.106262 0.083923 1.892090 49.08 49.08 8.2 7.2 43.6216 45.0756 0.0453 0.0001 0.002595 0.000704 11.12 510 750 0.03 -99.00 0.0000 0.0000
0.073 2 0.606558 -0.958984 -10.392993 -0.297546 -0.244141 -0.221252 49.75 49.75 7.9 7.6 45.0756 45.0756 0.0467 0.0001 -0.000000 -0.000809 11.12 490 720 0.03 -99.00 0.0000 0.0000
0.074 2 -0.620942 -0.781572 -10.376210 0.137329 -0.221252 -0.335693 50.42 50.42 7.5 7.2 46.6300 46.6300 0.0481 0.0001 0.002595 -0.000782 11.12 490 720 0.03 -99.00 0.0000 0.0000
0.075 2 -0.544224 -0.105488 -10.563212 -0.297546 -0.419617 1.586914 51.09 51.09 7.9 7.6 46.6300 46.6300 0.0493 0.0001 0.002595 0.000329 11.12 490 720 0.03 -99.00 0.0000 0.0000
0.076 2 0.371606 0.572993 -10.534443 -1.411438 -0.587463 4.692078 51.76 51.76 7.5 8.1 48.2953 46.6300 0.0507 0.0001 -0.000000 0.000475 11.12 490 730 0.03 -99.00 0.0000 0.0000
0.077 2 0.436338 0.944600 -10.527250 -2.204895 -0.938416 6.805420 52.44 52.44 7.9 8.5 48.2953 46.6300 0.0521 0.0001 0.002595 -0.000307 10.85 510 750 0.03 -99.00 0.0000 0.0000
0.078 2 -0.311670 0.733623 -10.627944 -2.586365 -0.953674 6.835938 53.11 53.11 8.3 9.0 48.2953 46.6300 0.0535 0.0001 -0.000000 -0.000437 10.85 490 720 0.03 -99.00 0.0000 0.0000
0.079 2 -0.992549 0.359619 -10.579995 -2.670288 -0.709534 4.440308 53.78 53.78 8.7 7.6 48.2953 50.0841 0.0549 0.0001 0.002595 0.000773 10.85 490 720 0.03 -99.00 0.0000 0.0000
0.080 2 -0.285298 -0.268516 -10.556020 -1.701355 -0.396729 0.289917 54.45 54.45 8.1 8.0 50.0841 50.0841 0.0563 0.0001 -0.000000 0.001942 10.85 490 720 0.03 -99.00 0.0000 0.0000
0.081 2 0.218169 -0.714443 -10.170029 -1.380920 -0.205994 -2.258301 55.13 55.13 8.5 8.4 50.0841 50.0841 0.0579 0.0001 -0.000000 0.001954 10.85 490 690 0.03 -99.00 0.0000 0.0000
0.082 2 0.580186 0.023975 -9.903911 -1.960754 -1.029968 -1.098633 55.80 55.80 7.8 7.8 52.0104 52.0104 0.0593 0.0001 0.002595 0.001113 10.81 510 740 0.03 -99.00 0.0000 0.0000
0.083 2 -0.071924 0.074321 -9.894321 -3.013611 -0.503540 1.747131 56.47 56.47 8.1 8.1 52.0104 52.0104 0.0607 0.0001 -0.000000 0.000570 10.81 490 710 0.03 -99.00 0.0000 0.0000
0.084 2 -0.153437 -0.486685 -9.532305 -3.189087 -0.213623 4.547119 57.14 57.14 6.2 8.5 56.3446 52.0104 0.0624 0.0001 -0.000000 0.000784 10.81 490 690 0.03 -99.00 0.0000 0.0000
0.085 2 0.752803 -0.752803 -9.769653 -2.388000 -0.549316 5.523682 57.82 57.82 8.9 7.7 52.0104 54.0908 0.0638 0.0001 0.002595 0.000160 10.81 490 720 0.03 -99.00 0.0000 0.0000
0.086 2 0.908638 -1.138794 -9.532305 -1.274109 0.030518 4.905701 58.49 58.49 8.1 8.1 54.0908 54.0908 0.0654 0.0001 0.002595 -0.001550 10.81 490 710 0.03 -99.00 0.0000 0.0000
0.087 2 -0.105488 -1.102832 -9.980630 -0.297546 -0.396729 2.944946 59.16 59.16 7.3 8.5 56.3446 54.0908 0.0670 0.0001 0.002595 -0.002359 10.93 510 730 0.03 -99.00 0.0000 0.0000
0.088 2 -1.148384 -1.078857 -10.047758 -0.396729 -0.274658 1.525879 59.83 59.83 7.6 7.6 56.3446 56.3446 0.0686 0.0001 0.002595 -0.001087 10.93 490 720 0.03 -99.00 0.0000 0.0000
0.089 2 -0.975767 -0.335645 -10.448134 -0.656128 -0.312805 1.205444 60.50 60.50 8.0 8.0 56.3446 56.3446 0.0702 0.0001 0.002595 0.000978 10.93 490 720 0.03 -99.00 0.0000 0.0000
0.090 2 0.748008 -0.170220 -10.517661 -0.793457 -0.083923 0.717163 61.18 61.18 8.3 7.0 56.3446 58.7943 0.0718 0.0001 0.002595 0.001174 10.93 490 720 0.03 -99.00 0.0000 0.0000
0.091 2 0.491479 0.011987 -10.786177 -0.717163 -0.389099 0.770569 61.85 61.85 8.7 8.7 56.3446 56.3446 0.0734 0.0001 0.002595 -0.000007 10.93 490 720 0.03 -99.00 0.0000 0.0000
0.092 2 -0.352427 0.870278 -10.855702 -1.411438 -1.029968 1.609802 62.52 62.52 9.1 7.8 56.3446 58.7943 0.0750 0.0001 0.002595 -0.000148 10.85 510 750 0.03 -99.00 0.0000 0.0000
0.093 2 -0.438735 1.193936 -10.810151 -3.204346 -0.488281 2.754211 62.80 62.80 7.9 7.9 58.7943 58.7943 0.0766 0.0001 0.002595 0.000564 10.85 490 720 0.03 -99.00 0.0000 0.0000
0.094 2 0.438735 1.138794 -10.939614 -4.364014 -1.121521 3.585815 62.80 62.80 7.9 7.9 58.7943 58.7943 0.0782 0.0001 0.002595 0.000544 10.85 490 720 0.03 -99.00 0.0000 0.0000
0.095 2 0.251733 0.515454 -10.462520 -4.936218 -0.915527 3.250122 62.80 62.80 7.9 6.5 58.7943 61.4668 0.0801 0.0001 0.005191 -0.000119 10.85 490 730 0.03 -99.00 0.0000 0.0000
0.096 2 -0.016782 -0.318862 -10.280313 -4.173279 -0.869751 1.815796 62.80 62.80 7.9 6.5 58.7943 61.4668 0.0819 0.0001 0.002595 -0.000354 10.85 490 720 0.03 -99.00 0.0000 0.0000
0.097 2 0.213374 -1.275449 -9.834385 -3.074646 -0.259399 -0.610352 62.80 62.80 7.9 6.5 58.7943 61.4668 0.0835 0.0001 0.002595 -0.000556 11.30 510 740 0.03 -99.00 0.0000 0.0000
0.098 2 0.397979 -1.882007 -9.350098 -2.029419 -0.404358 -1.838684 62.80 62.80 6.5 6.5 61.4668 61.4668 0.0853 0.0001 0.005191 -0.001187 11.30 490 720 0.03 -99.00 0.0000 0.0000
0.099 2 0.433940 -1.963520 -9.026441 -0.854492 -0.495911 -0.999451 62.80 62.80 6.5 6.5 61.4668 61.4668 0.0869 0.0002 0.005191 -0.002068 11.30 490 720 0.03 -99.00 0.0000 0.0000
0.100 2 -0.409966 -1.934751 -9.048018 0.152588 -0.534058 0.938416 62.80 62.80 6.5 6.5 61.4668 61.4668 0.0887 0.0002 0.002595 -0.002063 11.30 490 720 0.03 -99.00 0.0000 0.0000
0.101 2 -0.762393 -1.378540 -9.338110 0.534058 -0.213623 3.341675 62.80 62.80 6.5 6.5 61.4668 61.4668 0.0905 0.0002 0.005191 -0.000774 11.30 490 730 0.03 -99.00 0.0000 0.0000
0.102 2 -0.479492 -0.445928 -9.800820 0.419617 -0.091553 5.325317 62.80 62.80 6.5 6.5 61.4668 61.4668 0.0921 0.0002 0.005191 0.000530 11.53 510 740 0.03 -99.00 0.0000 0.0000
0.103 2 -0.062334 0.582583 -10.364223 -0.396729 -0.076294 6.019592 62.80 62.80 6.5 6.5 61.4668 61.4668 0.0937 0.0002 0.005191 0.001061 11.53 490 710 0.03 -99.00 0.0000 0.0000
0.104 2 -0.378799 1.371348 -10.927627 -1.487732 0.076294 4.867554 62.80 62.80 6.5 6.5 61.4668 61.4668 0.0957 0.0002 0.005191 0.001443 11.53 490 720 0.03 -99.00 0.0000 0.0000
0.105 2 -0.517852 1.656645 -11.435888 -2.494812 -0.129700 1.998901 62.80 62.80 6.5 6.5 61.4668 61.4668 0.0974 0.0002 0.005191 0.002205 11.53 490 720 0.03 -99.00 0.0000 0.0000
0.106 2 -0.515454 1.618286 -11.529389 -3.608704 -0.328064 -0.808716 62.80 62.80 6.5 6.5 61.4668 61.4668 0.0990 0.0002 0.005191 0.003048 11.53 490 720 0.03 -99.00 0.0000 0.0000
0.107 2 0.158232 1.253872 -11.198540 -4.394531 -0.579834 -2.494812 62.80 62.80 6.5 4.9 61.4668 64.3938 0.1008 0.0002 0.007786 0.003282 11.52 510 750 0.03 -99.00 0.0000 0.0000
0.108 2 0.261323 0.736021 -10.901255 -4.890442 -0.946045 -2.571106 62.80 62.80 6.5 6.5 61.4668 61.4668 0.1026 0.0002 0.005191 0.002827 11.52 490 720 0.03 -99.00 0.0000 0.0000
0.109 2 -0.117476 -0.124668 -10.138862 -4.600525 -1.022339 -1.480103 62.80 62.80 7.9 6.5 58.7943 61.4668 0.1042 0.0002 0.005191 0.002631 11.52 490 710 0.03 -99.00 0.0000 0.0000
0.110 2 -0.210977 -1.157974 -9.786435 -3.639221 -1.052856 -0.297546 62.80 62.80 7.9 6.5 58.7943 61.4668 0.1060 0.0003 0.007786 0.002889 11.52 490 730 0.03 -99.00 0.0000 0.0000
0.111 2 0.352427 -1.958726 -9.153505 -2.471924 -1.022339 0.923157 62.80 62.80 7.9 6.5 58.7943 61.4668 0.1076 0.0003 0.007786 0.002646 11.52 490 720 0.03 -99.00 0.0000 0.0000
0.112 2 0.654507 -2.217651 -8.947324 -1.152039 -0.823975 2.075195 62.80 62.80 7.9 6.5 58.7943 61.4668 0.1096 0.0003 0.007786 0.001474 11.44 510 740 0.03 -99.00 0.0000 0.0000
0.113 2 0.292490 -2.066611 -9.045620 0.022888 -0.465393 2.571106 62.80 62.80 7.9 6.5 58.7943 61.4668 0.1112 0.0003 0.007786 0.000391 11.44 490 720 0.03 -99.00 0.0000 0.0000
0.114 2 -0.222964 -1.392925 -9.453188 0.785828 -0.328064 2.670288 62.80 62.80 6.5 6.5 61.4668 61.4668 0.1128 0.0003 0.007786 0.000289 11.44 490 720 0.03 -99.00 0.0000 0.0000
0.115 2 0.069526 -0.441133 -10.066938 0.648499 -0.061035 2.693176 62.80 62.80 6.5 6.5 61.4668 61.4668 0.1149 0.0003 0.007786 0.000445 11.44 490 710 0.03 -99.00 0.0000 0.0000
0.116 2 0.714443 0.712046 -10.692676 -0.373840 0.083923 2.273560 62.80 62.80 6.5 6.5 61.4668 61.4668 0.1165 0.0003 0.007786 -0.000292 11.44 490 720 0.03 -99.00 0.0000 0.0000
0.117 2 0.587378 1.390527 -11.023525 -1.739502 0.152588 1.617432 62.80 62.80 6.5 4.9 61.4668 64.3938 0.1183 0.0004 0.010382 -0.001472 11.53 510 750 0.03 -99.00 0.0000 0.0000
0.118 2 -0.179810 1.527183 -11.169770 -2.944946 -0.068665 0.328064 62.80 62.80 6.5 4.9 61.4668 64.3938 0.1201 0.0004 0.007786 -0.001810 11.53 490 730 0.03 -99.00 0.0000 0.0000
0.119 2 -0.261323 1.117217 -11.095448 -3.669739 -0.442505 -0.854492 62.80 62.80 4.9 4.8 64.3938 64.3938 0.1217 0.0004 0.007786 -0.001386 11.53 490 720 0.03 -99.00 0.0000 0.0000
0.120 2 0.177412 0.551416 -10.731035 -3.860474 -0.846863 -1.861572 62.80 62.80 6.5 6.4 61.4668 61.4668 0.1235 0.0004 0.010382 -0.001300 11.53 490 730 0.03 -99.00 0.0000 0.0000
0.121 2 0.249336 -0.225361 -10.364223 -3.669739 -1.136780 -2.258301 62.80 62.80 6.5 6.4 61.4668 61.4668 0.1253 0.0004 0.007786 -0.001693 11.53 490 730 0.03 -99.00 0.0000 0.0000
0.122 2 -0.251733 -0.999741 -9.831987 -2.983093 -1.243591 -2.059937 62.80 62.80 6.5 6.5 61.4668 61.4668 0.1271 0.0004 0.010382 -0.001665 11.47 510 750 0.03 -99.00 0.0000 0.0000
0.123 2 -0.572993 -1.534375 -9.366879 -2.143860 -1.251221 -1.014709 62.80 62.80 6.5 6.5 61.4668 61.4668 0.1287 0.0005 0.010382 -0.000795 11.47 490 720 0.03 -99.00 0.0000 0.0000
0.124 2 -0.400376 -1.565542 -9.381265 -1.136780 -1.304626 0.488281 62.80 62.80 6.5 6.5 61.4668 61.4668 0.1305 0.0005 0.007786 0.000226 11.47 490 730 0.03 -99.00 0.0000 0.0000
0.125 2 -0.237349 -1.133999 -9.479560 -0.526428 -0.999451 2.357483 62.80 62.80 6.5 6.5 61.4668 61.4668 0.1322 0.0005 0.007786 0.000871 11.47 490 710 0.03 -99.00 0.0000 0.0000
0.126 2 -0.282900 -0.397979 -9.834385 -0.633240 -1.022339 3.807068 62.80 62.80 6.5 6.5 61.4668 61.4668 0.1340 0.0005 0.010382 0.001369 11.47 490 720 0.03 -99.00 0.0000 0.0000
0.127 2 -0.237349 0.258926 -10.205991 -1.632690 -0.244141 3.944397 62.80 62.80 6.5 6.5 61.4668 61.4668 0.1358 0.0005 0.007786 0.001846 11.50 510 750 0.03 -99.00 0.0000 0.0000
0.128 2 -0.201387 0.642520 -10.615956 -2.128601 0.030518 2.891541 62.80 62.80 4.9 6.5 64.3938 61.4668 0.1376 0.0005 0.010382 0.002226 11.50 490 730 0.03 -99.00 0.0000 0.0000
0.129 2 -0.040757 0.654507 -10.850908 -2.426147 0.244141 1.152039 62.80 62.80 4.9 6.5 64.3938 61.4668 0.1392 0.0005 0.010382 0.002409 11.50 490 710 0.03 -99.00 0.0000 0.0000
0.130 2 -0.122271 0.388389 -10.906050 -2.403259 -0.205994 -0.679016 62.80 62.80 4.8 4.9 64.3938 64.3938 0.1410 0.0006 0.007786 0.002510 11.50 490 710 0.03 -99.00 0.0000 0.0000
0.131 2 0.175015 0.002397 -10.786177 -2.288818 -0.343323 -2.182007 62.80 62.80 6.4 6.5 61.4668 61.4668 0.1428 0.0006 0.010382 0.002406 11.50 490 730 0.03 -99.00 0.0000 0.0000
0.132 2 -0.064731 -0.486685 -10.486494 -2.075195 -0.556946 -2.906799 62.80 62.80 6.4 6.5 61.4668 61.4668 0.1444 0.0006 0.010382 0.002251 11.63 510 730 0.03 -99.00 0.0000 0.0000
0.133 2 -0.028770 -0.812739 -10.342647 -1.564026 -1.060486 -2.197266 62.80 62.80 6.5 6.5 61.4668 61.4668 0.1460 0.0006 0.010382 0.002281 11.63 490 710 0.03 -99.00 0.0000 0.0000
0.134 2 0.045552 -0.834316 -9.942270 -1.266479 -1.152039 -0.343323 62.80 62.80 7.9 6.5 58.7943 61.4668 0.1480 0.0006 0.010382 0.002199 11.63 490 710 0.03 -99.00 0.0000 0.0000
0.135 2 0.177412 -0.613750 -9.889526 -1.014709 -1.441956 1.792908 62.80 62.80 6.5 6.5 61.4668 61.4668 0.1497 0.0006 0.010382 0.001910 11.63 490 720 0.03 -99.00 0.0000 0.0000
0.136 2 -0.047949 -0.261323 -9.736089 -1.274109 -0.923157 3.303528 62.80 62.80 6.5 7.9 61.4668 58.7943 0.1513 0.0007 0.010382 0.001723 11.63 490 710 0.03 -99.00 0.0000 0.0000
0.137 2 -0.059937 0.127065 -9.971040 -1.739502 -0.701904 3.486633 62.80 62.80 6.5 6.5 61.4668 61.4668 0.1531 0.0007 0.012977 0.001783 11.41 510 740 0.03 -99.00 0.0000 0.0000
0.138 2 0.246938 0.395581 -10.119682 -2.159119 -0.511169 2.395630 62.80 62.80 6.5 6.5 61.4668 61.4668 0.1549 0.0007 0.010382 0.001555 11.41 490 720 0.03 -99.00 0.0000 0.0000
0.139 2 0.409966 0.390786 -10.316274 -2.365112 -0.244141 0.541687 62.80 62.80 6.5 6.5 61.4668 61.4668 0.1567 0.0007 0.012977 0.000883 11.41 490 730 0.03 -99.00 0.0000 0.0000
0.140 2 0.249336 0.285298 -10.548828 -2.525330 -0.259399 -1.411438 62.80 62.80 6.5 4.9 61.4668 64.3938 0.1583 0.0008 0.012977 0.000234 11.41 490 720 0.03 -99.00 0.0000 0.0000
0.141 2 0.035962 -0.040757 -10.637534 -2.555847 -0.282288 -2.578735 62.80 62.80 6.5 4.9 61.4668 64.3938 0.1601 0.0008 0.015573 -0.000043 11.41 490 720 0.03 -99.00 0.0000 0.0000
0.142 2 0.189399 -0.448325 -10.673495 -2.433777 -0.495911 -2.700806 62.80 62.80 7.9 6.4 58.7943 61.4668 0.1619 0.0008 0.012977 -0.000258 11.71 510 750 0.03 -99.00 0.0000 0.0000
0.143 2 0.340439 -0.951792 -10.587187 -2.090454 -0.595093 -1.533508 62.80 62.80 7.9 6.5 58.7943 61.4668 0.1635 0.0008 0.012977 -0.000756 11.71 490 720 0.03 -99.00 0.0000 0.0000
0.144 2 0.153437 -1.289834 -10.275517 -1.358032 -0.846863 0.022888 62.80 62.80 6.5 6.5 61.4668 61.4668 0.1653 0.0008 0.015573 -0.001220 11.71 490 720 0.03 -99.00 0.0000 0.0000
0.145 2 -0.110283 -1.361758 -10.052553 -0.442505 -1.091003 1.113892 62.80 62.80 6.5 6.5 61.4668 61.4668 0.1670 0.0009 0.015573 -0.001252 11.71 490 710 0.03 -99.00 0.0000 0.0000
0.146 2 -0.136655 -1.030908 -9.803218 0.205994 -0.892639 1.846313 62.80 62.80 9.2 6.5 56.3446 61.4668 0.1690 0.0009 0.015573 -0.000997 11.71 490 720 0.03 -99.00 0.0000 0.0000
0.147 2 0.000000 -0.400376 -9.860757 0.366211 -0.770569 2.128601 62.80 62.80 6.5 6.5 61.4668 61.4668 0.1706 0.0009 0.015573 -0.000854 11.34 510 710 0.03 -99.00 0.0000 0.0000
0.148 2 -0.019180 0.385991 -9.990219 -0.419617 -0.633240 1.754761 62.80 62.80 6.5 6.5 61.4668 61.4668 0.1722 0.0010 0.015573 -0.000830 11.34 490 710 0.03 -99.00 0.0000 0.0000
0.149 2 -0.246938 1.138794 -10.222774 -1.708984 -0.442505 0.999451 62.80 62.80 6.5 6.5 61.4668 61.4668 0.1742 0.0010 0.015573 -0.000565 11.34 490 720 0.03 -99.00 0.0000 0.0000
0.150 2 -0.390786 1.546362 -10.484097 -2.937317 -0.205994 0.045776 62.80 62.80 6.5 6.5 61.4668 61.4668 0.1758 0.0010 0.015573 0.000049 11.34 490 720 0.03 -99.00 0.0000 0.0000
0.151 2 -0.345234 1.273052 -10.663906 -3.669739 -0.091553 -0.991821 62.80 62.80 6.5 4.9 61.4668 64.3938 0.1776 0.0010 0.018168 0.000734 11.34 490 730 0.03 -99.00 0.0000 0.0000
0.152 2 -0.316465 0.414761 -10.802958 -3.593445 0.022888 -2.204895 62.80 62.80 6.5 4.9 61.4668 64.3938 0.1794 0.0011 0.015573 0.001330 11.60 510 750 0.03 -99.00 0.0000 0.0000
0.153 2 -0.064731 -0.664097 -10.709457 -2.861023 -0.381470 -2.464294 62.80 62.80 7.9 6.4 58.7943 61.4668 0.1810 0.0011 0.015573 0.001650 11.60 490 710 0.03 -99.00 0.0000 0.0000
0.154 2 0.086309 -1.234692 -10.397788 -1.731873 -0.801086 -1.441956 62.80 62.80 6.5 6.5 61.4668 61.4668 0.1828 0.0011 0.018168 0.001585 11.60 490 710 0.03 -99.00 0.0000 0.0000
0.155 2 -0.453120 -1.608696 -10.345043 -0.885010 -0.953674 0.267029 62.80 62.80 6.5 6.5 61.4668 61.4668 0.1844 0.0012 0.018168 0.001889 11.60 490 720 0.03 -99.00 0.0000 0.0000
0.156 2 -0.273311 -1.675825 -10.004604 -0.183105 -0.793457 1.731873 62.80 62.80 6.5 6.5 61.4668 61.4668 0.1865 0.0012 0.018168 0.002541 11.60 490 720 0.03 -99.00 0.0000 0.0000
0.157 2 0.369209 -1.201128 -9.932680 0.381470 -0.785828 2.388000 62.80 62.80 6.5 6.5 61.4668 61.4668 0.1881 0.0012 0.018168 0.002379 11.58 510 740 0.03 -99.00 0.0000 0.0000
0.158 2 0.381196 -0.628135 -9.839179 0.579834 -0.724792 2.151489 62.80 62.80 6.5 6.5 61.4668 61.4668 0.1897 0.0013 0.018168 0.001568 11.58 490 720 0.03 -99.00 0.0000 0.0000
0.159 2 -0.110283 0.100693 -10.057348 0.137329 -0.587463 1.770020 62.80 62.80 6.5 4.9 61.4668 64.3938 0.1917 0.0013 0.018168 0.001251 11.58 500 720 0.03 -99.00 0.0000 0.0000
0.160 2 -0.453120 0.795957 -10.059746 -0.900269 -0.450134 1.335144 62.80 62.80 6.5 6.5 61.4668 61.4668 0.1933 0.0013 0.018168 0.001771 11.58 490 720 0.03 -99.00 0.0000 0.0000
0.161 2 0.004795 1.095640 -10.469711 -1.937866 0.000000 0.564575 62.80 62.80 6.5 4.9 61.4668 64.3938 0.1949 0.0013 0.018168 0.002173 11.58 490 700 0.03 -99.00 0.0000 0.0000
0.162 2 0.251733 0.915830 -10.505673 -2.624512 0.335693 -1.029968 62.80 62.80 4.9 4.9 64.3938 64.3938 0.1969 0.0014 0.018168 0.001891 11.66 510 740 0.03 -99.00 0.0000 0.0000
0.163 2 0.143848 0.414761 -10.858100 -2.586365 -0.030518 -2.449036 62.80 62.80 4.9 4.8 64.3938 64.3938 0.1985 0.0014 0.018168 0.001488 11.66 490 710 0.03 -99.00 0.0000 0.0000
0.164 2 0.014385 0.050347 -10.882075 -2.510071 -0.297546 -2.700806 62.80 62.80 4.8 6.4 64.3938 61.4668 0.2003 0.0014 0.020764 0.001312 11.66 490 720 0.03 -99.00 0.0000 0.0000
0.165 2 0.225361 -0.553813 -10.932422 -2.136230 -0.625610 -2.349854 62.80 62.80 6.4 6.4 61.4668 61.4668 0.2021 0.0015 0.018168 0.001061 11.66 490 730 0.03 -99.00 0.0000 0.0000
0.166 2 0.237349 -1.268257 -10.544033 -1.029968 -0.556946 -1.403809 62.80 62.80 6.4 6.4 61.4668 61.4668 0.2038 0.0015 0.018168 0.000603 11.66 490 720 0.03 -99.00 0.0000 0.0000
0.167 2 0.230156 -1.723774 -10.258735 0.068665 -0.785828 -0.205994 62.80 62.80 6.5 4.9 61.4668 64.3938 0.2056 0.0015 0.020764 0.000134 11.45 510 750 0.03 -99.00 0.0000 0.0000
0.168 2 0.194194 -1.639863 -9.944668 0.900269 -0.854492 0.953674 62.80 62.80 7.9 6.4 58.7943 61.4668 0.2074 0.0016 0.018168 -0.000298 11.45 490 730 0.03 -99.00 0.0000 0.0000
0.169 2 0.062334 -0.946997 -9.525112 0.946045 -0.686646 2.204895 62.80 62.80 6.5 6.5 61.4668 61.4668 0.2090 0.0016 0.018168 -0.000564 11.45 490 710 0.03 -99.00 0.0000 0.0000
0.170 2 -0.112681 -0.004795 -9.676152 0.328064 -0.205994 3.013611 62.80 62.80 6.5 6.5 61.4668 61.4668 0.2108 0.0016 0.020764 -0.000510 11.45 490 710 0.03 -99.00 0.0000 0.0000
0.171 2 -0.184604 0.764790 -9.810410 -0.534058 0.389099 2.922058 62.80 62.80 6.5 6.5 61.4668 61.4668 0.2124 0.0017 0.020764 -0.000197 11.45 490 720 0.03 -99.00 0.0000 0.0000
0.172 2 -0.059937 1.222705 -10.330659 -1.388550 0.679016 1.716614 62.80 62.80 6.5 6.5 61.4668 61.4668 0.2142 0.0017 0.018168 0.000060 11.55 510 740 0.03 -99.00 0.0000 0.0000
0.173 2 -0.076719 1.110024 -10.805356 -1.953125 0.518799 -0.030518 62.80 62.80 6.5 6.5 61.4668 61.4668 0.2158 0.0017 0.018168 0.000197 11.55 490 710 0.03 -99.00 0.0000 0.0000
0.174 2 -0.206182 0.551416 -11.054692 -2.151489 0.442505 -1.846313 62.80 62.80 6.5 4.9 61.4668 64.3938 0.2176 0.0018 0.020764 0.000457 11.55 490 730 0.03 -99.00 0.0000 0.0000
0.175 2 -0.083911 -0.148643 -11.081064 -1.647949 0.144958 -3.028870 62.80 62.80 6.5 6.5 61.4668 61.4668 0.2194 0.0018 0.018168 0.000712 11.55 490 710 0.03 -99.00 0.0000 0.0000
0.176 2 0.059937 -0.877471 -10.906050 -0.839233 -0.343323 -3.036499 62.80 62.80 6.5 6.5 61.4668 61.4668 0.2213 0.0019 0.020764 0.000717 11.55 490 710 0.03 -99.00 0.0000 0.0000
0.177 2 0.021577 -1.349770 -10.469711 -0.038147 -0.541687 -1.647949 62.80 62.80 6.5 6.5 61.4668 61.4668 0.2229 0.0019 0.020764 0.000620 11.49 510 730 0.03 -99.00 0.0000 0.0000
0.178 2 -0.088706 -1.452861 -10.007002 0.602722 -0.625610 0.625610 62.80 62.80 6.5 6.5 61.4668 61.4668 0.2247 0.0019 0.018168 0.000665 11.49 490 710 0.03 -99.00 0.0000 0.0000
0.179 2 -0.093501 -1.004536 -9.654575 0.793457 -0.640869 2.738953 62.80 62.80 6.5 7.9 61.4668 58.7943 0.2265 0.0020 0.020764 0.000825 11.49 490 720 0.03 -99.00 0.0000 0.0000
0.180 2 -0.004795 -0.206182 -9.659369 0.503540 -0.434875 4.074097 62.80 62.80 6.5 6.5 61.4668 61.4668 0.2281 0.0020 0.020764 0.000900 11.49 490 710 0.03 -99.00 0.0000 0.0000
0.181 2 0.045552 0.412363 -9.779243 0.083923 0.099182 4.287720 62.80 62.80 6.5 6.5 61.4668 61.4668 0.2297 0.0020 0.020764 0.000838 11.49 490 710 0.03 -99.00 0.0000 0.0000
0.182 2 0.007192 0.791162 -10.119682 -0.633240 0.473022 3.036499 62.80 62.80 6.5 4.9 61.4668 64.3938 0.2317 0.0021 0.020764 0.000773 11.55 510 740 0.03 -99.00 0.0000 0.0000
0.183 2 -0.057539 0.911035 -10.493686 -1.243591 0.656128 1.235962 62.80 62.80 6.5 4.9 61.4668 64.3938 0.2333 0.0021 0.020764 0.000815 11.55 490 710 0.03 -99.00 0.0000 0.0000
0.184 2 -0.079116 0.659302 -10.673495 -1.617432 0.762939 -0.366211 62.80 62.80 6.5 4.8 61.4668 64.3938 0.2349 0.0021 0.020764 0.000939 11.55 480 710 0.03 -99.00 0.0000 0.0000
0.185 2 -0.105488 0.208579 -10.930024 -1.304626 0.762939 -1.190186 62.80 62.80 6.5 4.8 61.4668 64.3938 0.2367 0.0022 0.023359 0.001102 11.55 490 720 0.03 -99.00 0.0000 0.0000
0.186 2 -0.098296 -0.357222 -10.977973 -0.968933 0.358582 -1.419067 62.80 62.80 6.5 6.4 61.4668 61.4668 0.2385 0.0022 0.020764 0.001274 11.55 490 710 0.03 -99.00 0.0000 0.0000
0.187 2 0.033564 -0.815137 -10.764599 -0.274658 0.030518 -1.022339 62.80 62.80 6.5 6.4 61.4668 61.4668 0.2404 0.0023 0.023359 0.001310 11.58 510 740 0.03 -99.00 0.0000 0.0000
0.188 2 -0.052744 -1.105229 -10.287504 0.350952 -0.213623 0.106812 62.80 62.80 6.5 6.4 61.4668 61.4668 0.2420 0.0023 0.023359 0.001303 11.58 490 710 0.03 -99.00 0.0000 0.0000
0.189 2 0.064731 -1.189141 -9.930283 0.930786 -0.396729 1.441956 62.80 62.80 7.9 6.4 58.7943 61.4668 0.2438 0.0023 0.020764 0.001258 11.58 490 720 0.03 -99.00 0.0000 0.0000
0.190 2 0.002397 -0.956587 -9.805614 1.235962 -0.106812 2.479553 62.80 62.80 6.5 6.5 61.4668 61.4668 0.2454 0.0024 0.020764 0.001162 11.58 490 710 0.03 -99.00 0.0000 0.0000
0.191 2 0.172617 -0.510659 -9.733691 1.632690 0.152588 3.097534 62.80 62.80 6.5 6.5 61.4668 61.4668 0.2472 0.0024 0.023359 0.000961 11.58 490 720 0.03 -99.00 0.0000 0.0000
0.192 2 0.246938 0.129463 -9.834385 1.419067 0.572205 3.143311 62.80 62.80 6.5 6.5 61.4668 61.4668 0.2490 0.0024 0.020764 0.000524 11.50 510 750 0.03 -99.00 0.0000 0.0000
0.193 2 0.139053 0.642520 -10.095708 0.793457 0.709534 2.777100 62.80 62.80 6.5 6.5 61.4668 61.4668 0.2508 0.0025 0.023359 0.000140 11.50 490 720 0.03 -99.00 0.0000 0.0000
0.194 2 -0.004795 0.843906 -10.397788 -0.190735 0.740051 2.059937 62.80 62.80 6.5 6.5 61.4668 61.4668 0.2524 0.0025 0.023359 0.000018 11.50 490 710 0.03 -99.00 0.0000 0.0000
0.195 2 0.000000 0.781572 -10.723843 -0.854492 0.740051 0.976562 62.80 62.80 6.5 6.5 61.4668 61.4668 0.2540 0.0026 0.023359 0.000035 11.50 490 690 0.03 -99.00 0.0000 0.0000
0.196 2 0.091104 0.462710 -10.934819 -0.968933 0.717163 -0.167847 62.80 62.80 6.5 6.5 61.4668 61.4668 0.2560 0.0026 0.023359 -0.000036 11.50 490 710 0.03 -99.00 0.0000 0.0000
0.197 2 0.117476 -0.071924 -10.965986 -0.404358 0.465393 -0.968933 62.80 62.80 6.5 6.5 61.4668 61.4668 0.2577 0.0026 0.023359 -0.000213 11.53 510 730 0.03 -99.00 0.0000 0.0000
0.198 2 0.103091 -0.762393 -10.817344 0.564575 -0.053406 -1.335144 62.80 62.80 7.9 6.5 58.7943 61.4668 0.2593 0.0027 0.023359 -0.000406 11.53 490 710 0.03 -99.00 0.0000 0.0000
0.199 2 -0.011987 -1.275449 -10.347441 1.235962 -0.198364 -0.709534 62.80 62.80 6.5 6.5 61.4668 61.4668 0.2613 0.0027 0.023359 -0.000483 11.53 490 710 0.03 -99.00 0.0000 0.0000
0.200 4 0.081514 -1.356963 -10.182016 1.892090 -0.328064 0.518799 62.13 62.13 6.1 6.1 61.4668 61.4668 0.2629 0.0028 0.023359 -0.000546 11.53 490 880 0.03 -99.00 0.0000 0.0000
0.201 4 0.088706 -1.069268 -9.743281 2.250671 -0.083923 2.128601 61.46 61.46 5.7 7.2 61.4668 58.7943 0.2647 0.0028 0.025955 -0.000708 11.53 490 770 0.03 -99.00 0.0000 0.0000
0.202 4 0.151040 -0.505864 -9.642588 2.250671 -0.144958 3.356934 60.78 60.78 5.4 5.4 61.4668 61.4668 0.2665 0.0029 0.023359 -0.000941 11.50 500 750 0.03 -99.00 0.0000 0.0000
0.203 4 -0.021577 0.052744 -9.623408 1.922607 0.335693 3.990173 60.11 60.11 5.0 5.0 61.4668 61.4668 0.2681 0.0029 0.023359 -0.001054 11.50 490 710 0.03 -99.00 0.0000 0.0000
0.204 4 -0.222964 0.520249 -9.822397 1.502991 0.808716 3.974915 59.44 59.44 4.6 3.0 61.4668 64.3938 0.2699 0.0029 0.025955 -0.000776 11.50 490 730 0.03 -99.00 0.0000 0.0000
0.205 4 -0.220566 0.913433 -10.301889 0.747681 1.014709 3.036499 58.77 58.77 4.2 2.6 61.4668 64.3938 0.2717 0.0030 0.023359 -0.000308 11.50 490 730 0.03 -99.00 0.0000 0.0000
0.206 4 -0.151040 1.126807 -10.635137 0.053406 0.946045 1.564026 58.09 58.09 3.8 3.7 61.4668 61.4668 0.2733 0.0030 0.023359 0.000067 11.50 490 720 0.03 -99.00 0.0000 0.0000
0.207 4 -0.258926 0.942202 -10.882075 -0.457764 0.686646 0.198364 57.42 57.42 3.4 3.3 61.4668 61.4668 0.2751 0.0031 0.025955 0.000456 11.99 510 750 0.03 -99.00 0.0000 0.0000
0.208 4 -0.340439 0.299683 -10.927627 -0.411987 0.457764 -0.785828 56.75 56.75 3.0 2.9 61.4668 61.4668 0.2768 0.0031 0.025955 0.001001 11.99 490 720 0.03 -99.00 0.0000 0.0000
0.209 4 -0.160630 -0.534634 -10.901255 0.190735 0.312805 -1.083374 56.08 56.08 4.0 2.4 58.7943 61.4668 0.2784 0.0031 0.025955 0.001442 11.99 490 720 0.03 -99.00 0.0000 0.0000
0.210 4 -0.107886 -1.225103 -10.472109 1.464844 -0.427246 -0.648499 55.41 55.41 3.6 2.0 58.7943 61.4668 0.2804 0.0032 0.025955 0.001660 11.99 490 720 0.03 -99.00 0.0000 0.0000
0.211 4 -0.014385 -1.579927 -10.198798 2.555847 -0.411987 0.480652 54.73 54.73 3.1 3.0 58.7943 58.7943 0.2820 0.0032 0.025955 0.001736 11.99 490 710 0.03 -99.00 0.0000 0.0000
0.212 4 0.059937 -1.402515 -9.954258 3.028870 -0.114441 1.876831 54.06 54.06 2.7 2.5 58.7943 58.7943 0.2836 0.0033 0.025955 0.001652 12.39 510 740 0.03 -99.00 0.0000 0.0000
0.213 4 0.057539 -0.911035 -9.791230 2.845764 0.183105 3.082275 53.39 53.39 2.3 2.1 58.7943 58.7943 0.2852 0.0033 0.025955 0.001502 12.39 490 710 0.03 -99.00 0.0000 0.0000
0.214 4 0.107886 -0.316465 -9.695332 2.502441 0.366211 4.074097 52.72 52.72 4.4 1.6 54.0908 58.7943 0.2868 0.0034 0.025955 0.001308 12.39 490 710 0.03 -99.00 0.0000 0.0000
0.215 4 0.163027 0.206182 -9.831987 1.960754 0.518799 3.936768 52.04 52.04 1.4 2.5 58.7943 56.3446 0.2882 0.0034 0.028550 0.001016 12.39 490 730 0.03 -99.00 0.0000 0.0000
0.216 4 0.081514 0.421953 -9.983027 1.220703 1.121521 2.510071 51.37 51.37 1.0 2.1 58.7943 56.3446 0.2898 0.0034 0.028550 0.000765 12.39 490 720 0.03 -99.00 0.0000 0.0000
0.217 4 0.256528 0.556211 -10.359428 0.442505 2.052307 0.328064 50.70 50.70 -1.0 1.6 58.7943 56.3446 0.2912 0.0035 0.025955 0.000451 12.32 510 750 0.03 -99.00 0.0000 0.0000
0.218 4 0.901445 0.196592 -10.707060 0.579834 2.105713 -2.166748 50.03 50.03 1.3 2.4 56.3446 54.0908 0.2928 0.0035 0.025955 -0.000598 12.32 490 720 0.03 -99.00 0.0000 0.0000
0.219 4 0.714443 -0.381196 -10.529648 1.953125 0.450134 -3.776550 49.35 49.35 2.1 2.0 54.0908 54.0908 0.2945 0.0036 0.025955 -0.002067 12.32 490 710 0.03 -99.00 0.0000 0.0000
0.220 4 0.151040 -0.369209 -10.476904 2.685547 0.198364 -3.479004 48.68 48.68 1.6 2.7 54.0908 52.0104 0.2959 0.0036 0.028550 -0.002834 12.32 490 720 0.03 -99.00 0.0000 0.0000
0.221 4 -0.282900 0.165425 -10.699868 2.273560 0.045776 -1.525879 48.01 48.01 1.2 2.3 54.0908 52.0104 0.2973 0.0036 0.025955 -0.002657 12.32 490 730 0.03 -99.00 0.0000 0.0000
0.222 4 0.448325 0.601763 -10.539238 1.327515 0.274658 0.846863 47.34 47.34 2.9 1.8 50.0841 52.0104 0.2989 0.0037 0.025955 -0.002760 12.64 510 750 0.03 -99.00 0.0000 0.0000
0.223 4 0.613750 0.275708 -10.436147 0.762939 0.404358 2.616882 46.67 46.67 2.5 1.4 50.0841 52.0104 0.3003 0.0037 0.028550 -0.003702 12.64 490 730 0.03 -99.00 0.0000 0.0000
0.224 4 -0.057539 -0.630532 -10.050156 1.335144 0.213623 3.410339 45.99 45.99 2.1 0.9 50.0841 52.0104 0.3015 0.0038 0.028550 -0.004149 12.64 490 720 0.03 -99.00 0.0000 0.0000
0.225 4 -0.611353 -1.594311 -9.745678 2.777100 0.061035 2.670288 45.32 45.32 1.6 1.5 50.0841 50.0841 0.3031 0.0038 0.028550 -0.003387 12.64 490 720 0.03 -99.00 0.0000 0.0000
0.226 4 -0.561006 -1.668633 -9.695332 3.906250 0.267029 1.579285 44.65 44.65 2.2 1.1 48.2953 50.0841 0.3043 0.0038 0.028550 -0.002125 12.64 490 730 0.03 -99.00 0.0000 0.0000
0.227 4 -0.182207 -0.817534 -9.920693 4.356384 0.457764 0.518799 43.98 43.98 1.8 1.6 48.2953 48.2953 0.3057 0.0039 0.031146 -0.001322 12.88 510 750 0.03 -99.00 0.0000 0.0000
0.228 4 -0.002397 0.443530 -10.177221 3.837585 0.221252 0.068665 43.30 43.30 2.2 2.1 46.6300 46.6300 0.3071 0.0039 0.028550 -0.001106 12.88 490 720 0.03 -99.00 0.0000 0.0000
0.229 4 -0.474697 1.443271 -10.445737 2.044678 0.869751 0.205994 42.63 42.63 1.8 1.7 46.6300 46.6300 0.3083 0.0040 0.028550 -0.000623 12.88 490 720 0.03 -99.00 0.0000 0.0000
0.230 4 -0.462710 1.620684 -10.577598 0.213623 0.953674 0.175476 41.96 41.96 1.4 2.1 46.6300 45.0756 0.3095 0.0040 0.028550 0.000288 12.88 490 730 0.03 -99.00 0.0000 0.0000
0.231 4 -0.596968 0.733623 -10.812549 -0.167847 0.930786 -0.801086 41.29 41.29 0.9 2.5 46.6300 43.6216 0.3107 0.0040 0.028550 0.001277 12.88 490 730 0.03 -99.00 0.0000 0.0000
0.232 4 -0.513057 -0.263721 -10.666304 0.457764 0.274658 -2.113342 40.62 40.62 1.3 1.3 45.0756 45.0756 0.3121 0.0041 0.031146 0.002284 12.53 510 750 0.03 -99.00 0.0000 0.0000
0.233 4 -0.172617 -0.884663 -10.778984 1.449585 -0.358582 -3.211975 39.94 39.94 1.7 1.6 43.6216 43.6216 0.3134 0.0041 0.031146 0.002873 12.53 490 720 0.03 -99.00 0.0000 0.0000
0.234 4 -0.141450 -1.388130 -10.460122 2.273560 -0.373840 -3.631592 39.27 39.27 1.3 1.9 43.6216 42.2584 0.3146 0.0041 0.031146 0.003102 12.53 490 710 0.03 -99.00 0.0000 0.0000
0.235 4 -0.014385 -1.344976 -10.299492 2.708435 -0.297546 -2.815247 38.60 38.60 0.1 1.5 43.6216 42.2584 0.3158 0.0042 0.031146 0.003182 12.53 490 700 0.03 -99.00 0.0000 0.0000
0.236 4 0.083911 -1.076460 -9.911103 2.586365 0.190735 -0.915527 37.93 37.93 1.1 1.1 42.2584 42.2584 0.3170 0.0042 0.031146 0.003049 12.53 490 690 0.03 -99.00 0.0000 0.0000
0.237 4 0.088706 -0.958984 -9.575459 2.555847 0.061035 1.091003 37.25 37.25 1.4 -0.1 40.9779 42.2584 0.3182 0.0043 0.031146 0.002815 12.39 510 720 0.03 -99.00 0.0000 0.0000
0.238 4 0.086309 -0.925420 -9.546689 2.662659 0.213623 2.433777 36.58 36.58 1.6 -1.3 39.7726 42.2584 0.3192 0.0043 0.033741 0.002580 12.39 490 710 0.03 -99.00 0.0000 0.0000
0.239 4 -0.095898 -0.817534 -9.575459 3.036499 0.732422 2.471924 35.91 35.91 1.2 -1.0 39.7726 40.9779 0.3202 0.0043 0.031146 0.002547 12.39 490 720 0.03 -99.00 0.0000 0.0000
0.240 4 -0.023975 -0.457915 -9.767256 3.112793 1.289368 1.426697 35.24 35.24 2.0 1.3 37.5630 38.6363 0.3214 0.0044 0.031146 0.002637 12.39 490 710 0.03 -99.00 0.0000 0.0000
0.241 4 0.270913 0.033564 -10.083720 2.601624 1.617432 0.289917 34.56 34.56 1.6 1.4 37.5630 37.5630 0.3224 0.0044 0.033741 0.002369 12.39 490 730 0.03 -99.00 0.0000 0.0000
0.242 4 0.537031 0.685674 -10.330659 1.785278 1.190186 -0.411987 33.89 33.89 1.2 1.6 37.5630 36.5478 0.3234 0.0044 0.031146 0.001566 12.12 510 750 0.03 -99.00 0.0000 0.0000
0.243 4 0.244541 0.726431 -10.702266 1.571655 1.304626 -1.319885 33.22 33.22 1.8 1.2 35.5860 36.5478 0.3246 0.0045 0.031146 0.000816 12.12 490 730 0.03 -99.00 0.0000 0.0000
0.244 4 -0.062334 0.702456 -10.877280 1.770020 1.129150 -2.456665 32.55 32.55 0.9 0.0 36.5478 36.5478 0.3256 0.0045 0.033741 0.000651 12.12 490 720 0.03 -99.00 0.0000 0.0000
0.245 4 0.129463 1.294629 -11.179360 1.228333 0.526428 -2.868652 31.88 31.88 1.0 0.9 35.5860 35.5860 0.3264 0.0045 0.033741 0.000595 12.12 490 710 0.03 -99.00 0.0000 0.0000
0.246 4 0.282900 1.548760 -11.090654 -0.091553 0.190735 -2.067566 31.40 31.40 -0.1 1.5 35.5860 33.8067 0.3274 0.0046 0.031146 0.000222 12.12 490 720 0.03 -99.00 0.0000 0.0000
0.247 4 0.290093 0.925420 -10.707060 -1.045227 -0.381470 -1.075745 31.40 31.40 1.1 1.5 34.6736 33.8067 0.3284 0.0046 0.033741 -0.000305 11.74 510 740 0.03 -99.00 0.0000 0.0000
0.248 4 -0.076719 -0.508262 -10.361826 -0.823975 -0.213623 -1.052856 31.40 31.40 1.5 1.9 33.8067 32.9822 0.3294 0.0046 0.031146 -0.000499 11.74 490 710 0.03 -99.00 0.0000 0.0000
0.249 4 -0.299683 -1.862827 -9.642588 0.648499 0.106812 -1.502991 31.40 31.40 1.9 2.3 32.9822 32.1969 0.3302 0.0046 0.031146 -0.000109 11.74 490 720 0.03 -99.00 0.0000 0.0000
0.250 4 -0.059937 -2.474180 -9.306943 2.754211 -0.045776 -1.823425 31.40 31.40 2.7 1.8 31.4481 32.9822 0.3312 0.0047 0.033741 0.000265 11.74 490 710 0.03 -99.00 0.0000 0.0000
0.251 4 0.172617 -2.232036 -9.146314 3.974915 0.114441 -1.899719 31.40 31.40 2.7 2.2 31.4481 32.1969 0.3320 0.0047 0.033741 0.000138 11.74 490 720 0.03 -99.00 0.0000 0.0000
0.252 4 0.119873 -1.165166 -9.304545 4.005432 0.144958 -1.136780 31.40 31.40 2.7 2.2 31.4481 32.1969 0.3331 0.0047 0.031146 -0.000177 11.56 510 740 0.03 -99.00 0.0000 0.0000
0.253 4 0.007192 -0.007192 -9.726499 2.830505 0.732422 0.282288 31.40 31.40 2.7 2.6 31.4481 31.4481 0.3341 0.0048 0.033741 -0.000301 11.56 490 710 0.03 -99.00 0.0000 0.0000
0.254 4 -0.218169 0.402773 -10.165234 1.823425 1.396179 0.701904 31.40 31.40 2.7 3.0 31.4481 30.7334 0.3349 0.0048 0.033741 -0.000071 11.56 490 720 0.03 -99.00 0.0000 0.0000
0.255 4 -0.007192 0.378799 -10.611162 1.800537 1.167297 0.137329 31.40 31.40 2.7 2.6 31.4481 31.4481 0.3357 0.0048 0.033741 0.000171 11.56 490 710 0.03 -99.00 0.0000 0.0000
0.256 4 0.052744 0.577788 -10.774189 1.815796 0.625610 -0.770569 31.40 31.40 2.7 3.0 31.4481 30.7334 0.3365 0.0049 0.033741 0.000142 11.56 490 710 0.03 -99.00 0.0000 0.0000
0.257 4 -0.280503 0.793560 -10.973178 1.403809 0.244141 -1.586914 31.40 31.40 4.2 2.6 28.7717 31.4481 0.3377 0.0049 0.033741 0.000351 10.57 510 740 0.03 -99.00 0.0000 0.0000
0.258 4 -0.484287 0.649712 -10.985166 0.534058 0.350952 -2.044678 31.40 31.40 3.9 2.6 29.3972 31.4481 0.3385 0.0049 0.033741 0.001038 10.57 490 720 0.03 -99.00 0.0000 0.0000
0.259 4 -0.261323 0.484287 -10.884472 -0.015259 0.305176 -1.998901 31.40 31.40 3.6 3.4 30.0504 30.0504 0.3393 0.0049 0.033741 0.001697 10.57 490 710 0.03 -99.00 0.0000 0.0000
0.260 4 -0.019180 0.220566 -10.563212 -0.404358 0.129700 -1.533508 31.40 31.40 3.6 3.1 30.0504 30.7334 0.3401 0.0050 0.033741 0.001923 10.57 490 700 0.03 -99.00 0.0000 0.0000
0.261 4 -0.213374 -0.266118 -10.038169 -0.480652 -0.228882 -1.197815 31.40 31.40 3.6 4.1 30.0504 28.7717 0.3409 0.0050 0.033741 0.002113 10.57 490 720 0.03 -99.00 0.0000 0.0000
0.262 4 -0.486685 -0.750405 -9.839179 -0.007629 -0.381470 -1.083374 31.40 31.40 3.3 3.8 30.7334 29.3972 0.3417 0.0050 0.033741 0.002765 9.82 510 740 0.03 -99.00 0.0000 0.0000
0.263 4 -0.546621 -1.157974 -9.707319 0.648499 -0.015259 -1.190186 31.40 31.40 3.3 3.9 30.7334 29.3972 0.3427 0.0051 0.036337 0.003753 9.82 490 730 0.03 -99.00 0.0000 0.0000
0.264 4 -0.088706 -1.179551 -9.800820 1.296997 0.228882 -1.258850 31.40 31.40 3.7 3.5 30.0504 30.0504 0.3437 0.0051 0.033741 0.004327 9.82 490 710 0.03 -99.00 0.0000 0.0000
0.265 4 0.254131 -1.047690 -9.875141 1.693726 0.427246 -1.358032 31.40 31.40 3.3 3.6 30.7334 30.0504 0.3445 0.0051 0.033741 0.004082 9.82 490 720 0.03 -99.00 0.0000 0.0000
0.266 4 0.074321 -0.752803 -10.146054 1.670837 1.129150 -1.220703 31.40 31.40 3.3 4.3 30.7334 28.7717 0.3453 0.0052 0.033741 0.003688 9.82 490 710 0.03 -99.00 0.0000 0.0000
0.267 4 -0.167822 -0.505864 -10.244350 1.907349 0.480652 -0.862122 31.40 31.40 3.3 3.6 30.7334 30.0504 0.3461 0.0052 0.033741 0.003718 11.61 510 740 0.03 -99.00 0.0000 0.0000
0.268 4 -0.179810 -0.275708 -10.438544 1.747131 0.335693 -0.350952 31.40 31.40 3.3 2.9 30.7334 31.4481 0.3471 0.0052 0.036337 0.003984 11.61 490 720 0.03 -99.00 0.0000 0.0000
0.269 4 -0.213374 0.028770 -10.333056 1.518250 0.434875 -0.045776 31.40 31.40 3.3 2.5 30.7334 32.1969 0.3479 0.0052 0.036337 0.004287 11.61 490 720 0.03 -99.00 0.0000 0.0000
0.270 4 0.436338 0.285298 -10.800561 0.923157 0.442505 -0.419617 31.40 31.40 3.4 2.9 30.7334 31.4481 0.3489 0.0053 0.033741 0.004014 11.61 490 720 0.03 -99.00 0.0000 0.0000
0.271 4 0.294888 0.383594 -10.443339 0.053406 1.205444 -0.984192 31.40 31.40 3.4 2.9 30.7334 31.4481 0.3497 0.0053 0.033741 0.003270 11.61 490 720 0.03 -99.00 0.0000 0.0000
0.272 4 0.023975 0.268516 -10.517661 -0.022888 0.251770 -1.327515 31.40 31.40 3.4 2.9 30.7334 31.4481 0.3507 0.0053 0.036337 0.002916 11.80 510 740 0.03 -99.00 0.0000 0.0000
0.273 4 -0.306875 0.141450 -10.213183 -0.068665 0.091553 -1.525879 31.40 31.40 3.4 2.9 30.7334 31.4481 0.3515 0.0054 0.036337 0.003136 11.80 490 720 0.03 -99.00 0.0000 0.0000
0.274 4 -0.683276 0.242144 -10.110092 -0.587463 0.205994 -1.220703 31.40 31.40 3.4 3.3 30.7334 30.7334 0.3524 0.0054 0.036337 0.004042 11.80 490 720 0.03 -99.00 0.0000 0.0000
0.275 4 0.242144 0.220566 -10.095708 -1.083374 0.434875 -1.052856 31.40 31.40 3.4 2.9 30.7334 31.4481 0.3536 0.0054 0.036337 0.004398 11.80 490 720 0.03 -99.00 0.0000 0.0000
0.276 4 0.532236 -0.294888 -9.659369 -0.885010 0.831604 -0.747681 31.40 31.40 3.4 2.9 30.7334 31.4481 0.3544 0.0055 0.036337 0.003539 11.80 490 720 0.03 -99.00 0.0000 0.0000
0.277 4 0.393184 -0.496274 -9.755268 -0.305176 0.701904 -0.526428 31.40 31.40 3.0 2.9 31.4481 31.4481 0.3552 0.0055 0.036337 0.002539 11.82 510 740 0.03 -99.00 0.0000 0.0000
0.278 4 -0.163027 -0.594570 -9.932680 0.259399 0.572205 -0.724792 31.40 31.40 3.0 2.9 31.4481 31.4481 0.3560 0.0055 0.036337 0.002263 11.82 490 720 0.03 -99.00 0.0000 0.0000
0.279 4 -0.309272 -0.697661 -10.114887 0.801086 0.473022 -1.029968 31.40 31.40 3.8 2.9 30.0504 31.4481 0.3572 0.0056 0.036337 0.002692 11.82 490 720 0.03 -99.00 0.0000 0.0000
0.280 4 0.230156 -0.520249 -10.357031 0.885010 0.480652 -0.953674 31.40 31.40 3.8 3.3 30.0504 30.7334 0.3580 0.0056 0.036337 0.002730 11.82 490 720 0.03 -99.00 0.0000 0.0000
0.281 4 0.676084 -0.151040 -10.520059 0.778198 0.381470 -0.686646 31.40 31.40 3.5 2.5 30.7334 32.1969 0.3588 0.0056 0.036337 0.001828 11.82 490 720 0.03 -99.00 0.0000 0.0000
0.282 4 0.407568 0.031167 -10.596777 0.495911 0.129700 -0.785828 31.40 31.40 3.5 4.0 30.7334 29.3972 0.3596 0.0057 0.036337 0.000780 11.77 510 740 0.03 -99.00 0.0000 0.0000
0.283 4 -0.074321 0.134258 -10.591982 0.091553 0.350952 -1.045227 31.40 31.40 3.5 3.7 30.7334 30.0504 0.3604 0.0057 0.036337 0.000458 11.77 490 710 0.03 -99.00 0.0000 0.0000
0.284 4 -0.230156 0.155835 -10.536840 -0.251770 0.259399 -1.472473 31.40 31.40 3.9 3.3 30.0504 30.7334 0.3616 0.0057 0.036337 0.000740 11.77 490 720 0.03 -99.00 0.0000 0.0000
0.285 4 0.062334 0.076719 -10.488892 -0.701904 -0.099182 -1.823425 31.40 31.40 3.5 3.3 30.7334 30.7334 0.3624 0.0058 0.036337 0.000884 11.77 490 700 0.03 -99.00 0.0000 0.0000
0.286 4 0.249336 -0.175015 -10.306684 -0.846863 -0.038147 -2.388000 31.40 31.40 3.5 3.3 30.7334 30.7334 0.3632 0.0058 0.036337 0.000567 11.77 490 720 0.03 -99.00 0.0000 0.0000
0.287 4 0.047949 -0.503467 -10.174824 -0.617981 0.106812 -2.883911 31.40 31.40 3.5 3.0 30.7334 31.4481 0.3640 0.0058 0.036337 0.000270 11.79 510 740 0.03 -99.00 0.0000 0.0000
0.288 4 -0.175015 -0.611353 -9.995014 -0.404358 0.045776 -2.967834 31.40 31.40 3.6 3.4 30.7334 30.7334 0.3650 0.0059 0.038932 0.000393 11.79 490 720 0.03 -99.00 0.0000 0.0000
0.289 4 -0.395581 -0.568198 -10.086118 -0.373840 0.000000 -2.731323 31.40 31.40 3.6 3.4 30.7334 30.7334 0.3660 0.0059 0.036337 0.000947 11.79 490 700 0.03 -99.00 0.0000 0.0000
0.290 4 -0.402773 -0.484287 -10.170029 -0.205994 -0.221252 -2.357483 31.40 31.40 3.6 3.4 30.7334 30.7334 0.3668 0.0059 0.036337 0.001706 11.79 490 710 0.03 -99.00 0.0000 0.0000
0.291 4 -0.268516 -0.314067 -10.222774 -0.221252 -0.289917 -1.808167 31.40 31.40 3.2 3.4 31.4481 30.7334 0.3676 0.0060 0.036337 0.002320 11.79 490 720 0.03 -99.00 0.0000 0.0000
0.292 4 -0.091104 -0.222964 -10.431353 -0.160217 -0.144958 -1.312256 31.40 31.40 3.2 3.8 31.4481 30.0504 0.3684 0.0060 0.036337 0.002617 11.66 510 730 0.03 -99.00 0.0000 0.0000
0.293 4 -0.129463 -0.268516 -10.412172 -0.083923 0.022888 -1.113892 31.40 31.40 3.2 3.0 31.4481 31.4481 0.3696 0.0060 0.036337 0.002773 11.66 490 710 0.03 -99.00 0.0000 0.0000
0.294 4 -0.206182 -0.409966 -10.357031 0.099182 0.045776 -1.091003 31.40 31.40 3.2 3.0 31.4481 31.4481 0.3704 0.0061 0.036337 0.003039 11.66 490 710 0.03 -99.00 0.0000 0.0000
0.295 4 -0.189399 -0.479492 -10.203593 0.244141 0.076294 -1.350403 31.40 31.40 3.2 3.0 31.4481 31.4481 0.3712 0.0061 0.036337 0.003361 11.66 490 720 0.03 -99.00 0.0000 0.0000
0.296 4 -0.201387 -0.460312 -10.158042 0.366211 -0.038147 -1.556396 31.40 31.40 3.2 3.0 31.4481 31.4481 0.3721 0.0061 0.036337 0.003675 11.66 490 720 0.03 -99.00 0.0000 0.0000
0.297 4 -0.419556 -0.182207 -10.198798 0.251770 -0.030518 -1.541138 31.40 31.40 2.8 3.4 32.1969 30.7334 0.3733 0.0062 0.036337 0.004205 11.80 510 740 0.03 -99.00 0.0000 0.0000
0.298 4 -0.433940 0.273311 -10.241953 -0.045776 0.022888 -1.380920 31.40 31.40 2.8 3.0 32.1969 31.4481 0.3741 0.0062 0.036337 0.004948 11.80 490 720 0.03 -99.00 0.0000 0.0000
0.299 4 -0.165425 0.618545 -10.256337 -0.465393 0.007629 -1.304626 31.40 31.40 2.8 3.0 32.1969 31.4481 0.3749 0.0062 0.036337 0.005429 11.80 490 720 0.03 -99.00 0.0000 0.0000
0.300 4 -0.071924 0.680879 -10.357031 -0.900269 -0.228882 -1.403809 31.40 31.40 3.2 3.0 31.4481 31.4481 0.3757 0.0063 0.036337 0.005548 11.80 490 710 0.03 -99.00 0.0000 0.0000
0.301 4 -0.206182 0.402773 -10.385800 -1.266479 -0.198364 -1.495361 31.40 31.40 3.2 3.0 31.4481 31.4481 0.3769 0.0063 0.036337 0.005700 11.80 490 710 0.03 -99.00 0.0000 0.0000
0.302 4 -0.220566 -0.057539 -10.369019 -1.312256 -0.137329 -1.770020 31.40 31.40 3.5 3.4 30.7334 30.7334 0.3777 0.0063 0.036337 0.005991 11.69 510 740 0.03 -99.00 0.0000 0.0000
0.303 4 -0.002397 -0.438735 -10.361826 -0.953674 0.007629 -1.747131 31.40 31.40 3.2 3.0 31.4481 31.4481 0.3785 0.0064 0.036337 0.006084 11.69 490 700 0.03 -99.00 0.0000 0.0000
0.304 4 0.256528 -0.697661 -10.301889 -0.358582 -0.137329 -1.541138 31.40 31.40 3.2 4.2 31.4481 29.3972 0.3793 0.0064 0.036337 0.005718 11.69 490 720 0.03 -99.00 0.0000 0.0000
0.305 4 0.208579 -0.654507 -10.306684 -0.251770 -0.328064 -1.098633 31.40 31.40 3.2 3.5 31.4481 30.7334 0.3803 0.0064 0.038932 0.005154 11.69 490 730 0.03 -99.00 0.0000 0.0000
0.306 4 0.093501 -0.433940 -10.388198 -0.213623 -0.289917 -0.808716 31.40 31.40 3.2 3.8 31.4481 30.0504 0.3813 0.0065 0.036337 0.004757 11.69 490 710 0.03 -99.00 0.0000 0.0000
0.307 4 0.160630 -0.136655 -10.464916 -0.366211 -0.114441 -0.656128 31.40 31.40 3.2 3.5 31.4481 30.7334 0.3821 0.0065 0.036337 0.004419 11.69 510 740 0.03 -99.00 0.0000 0.0000
0.308 4 0.362017 -0.143848 -10.457725 -0.465393 -0.297546 -0.953674 31.40 31.40 3.2 3.5 31.4481 30.7334 0.3829 0.0065 0.036337 0.003833 11.69 490 720 0.03 -99.00 0.0000 0.0000
0.309 4 0.489082 -0.177412 -10.419365 -0.297546 -0.328064 -1.556396 31.40 31.40 3.5 3.5 30.7334 30.7334 0.3837 0.0065 0.036337 0.002945 11.69 490 720 0.03 -99.00 0.0000 0.0000
0.310 4 0.237349 -0.316465 -10.301889 -0.076294 -0.205994 -2.151489 31.40 31.40 3.6 2.7 30.7334 32.1969 0.3847 0.0066 0.038932 0.002189 11.69 490 720 0.03 -99.00 0.0000 0.0000
0.311 4 -0.083911 -0.309272 -10.287504 0.122070 -0.381470 -2.281189 31.40 31.40 3.6 3.1 30.7334 31.4481 0.3855 0.0066 0.038932 0.001993 11.69 480 700 0.03 -99.00 0.0000 0.0000
0.312 4 -0.158232 -0.246938 -10.136464 0.152588 -0.679016 -2.029419 31.40 31.40 3.6 3.1 30.7334 31.4481 0.3865 0.0067 0.036337 0.002180 11.75 510 750 0.03 -99.00 0.0000 0.0000
0.313 4 0.292490 -0.148643 -10.261132 -0.267029 -0.717163 -1.708984 31.40 31.40 3.6 3.1 30.7334 31.4481 0.3873 0.0067 0.036337 0.001997 11.75 490 720 0.03 -99.00 0.0000 0.0000
0.314 4 0.141450 -0.189399 -10.201196 -0.679016 -0.511169 -1.426697 31.40 31.40 3.6 2.7 30.7334 32.1969 0.3883 0.0067 0.038932 0.001528 11.75 490 720 0.03 -99.00 0.0000 0.0000
0.315 4 0.014385 -0.278105 -10.198798 -0.495911 -0.633240 -1.106262 31.40 31.40 3.6 3.1 30.7334 31.4481 0.3891 0.0068 0.038932 0.001336 11.75 490 710 0.03 -99.00 0.0000 0.0000
0.316 4 -0.074321 -0.210977 -10.141259 -0.198364 -0.434875 -1.144409 31.40 31.40 3.6 3.1 30.7334 31.4481 0.3901 0.0068 0.036337 0.001359 11.75 490 720 0.03 -99.00 0.0000 0.0000
0.317 4 -0.081514 -0.266118 -10.124477 0.061035 -0.503540 -1.213074 31.40 31.40 3.2 3.1 31.4481 31.4481 0.3911 0.0068 0.038932 0.001476 11.60 510 730 0.03 -99.00 0.0000 0.0000
0.318 4 -0.047949 -0.184604 -10.285107 0.129700 -0.595093 -1.228333 31.40 31.40 3.2 3.1 31.4481 31.4481 0.3920 0.0069 0.038932 0.001564 11.60 490 700 0.03 -99.00 0.0000 0.0000
0.319 4 -0.103091 -0.129463 -10.205991 0.045776 -0.457764 -1.258850 31.40 31.40 3.2 3.1 31.4481 31.4481 0.3928 0.0069 0.038932 0.001670 11.60 480 700 0.03 -99.00 0.0000 0.0000
0.320 4 -0.122271 -0.014385 -10.263530 -0.022888 -0.564575 -1.075745 31.40 31.40 3.2 3.1 31.4481 31.4481 0.3936 0.0069 0.038932 0.001846 11.60 490 710 0.03 -99.00 0.0000 0.0000
0.321 4 -0.124668 0.028770 -10.297094 -0.053406 -0.503540 -0.640869 31.40 31.40 3.2 3.1 31.4481 31.4481 0.3946 0.0070 0.036337 0.002038 11.60 490 710 0.03 -99.00 0.0000 0.0000
0.322 4 -0.275708 0.122271 -10.381005 0.061035 -0.602722 -0.434875 31.40 31.40 4.0 3.1 30.0504 31.4481 0.3956 0.0070 0.038932 0.002371 11.66 510 740 0.03 -99.00 0.0000 0.0000
0.323 4 -0.294888 0.182207 -10.452929 0.083923 -0.511169 -0.274658 31.40 31.40 3.7 3.5 30.7334 30.7334 0.3964 0.0070 0.038932 0.002856 11.66 490 710 0.03 -99.00 0.0000 0.0000
0.324 4 -0.338042 0.136655 -10.460122 -0.061035 -0.396729 -0.091553 31.40 31.40 4.0 3.1 30.0504 31.4481 0.3972 0.0071 0.038932 0.003391 11.66 490 720 0.03 -99.00 0.0000 0.0000
0.325 4 -0.270913 0.086309 -10.412172 -0.022888 -0.694275 -0.183105 31.40 31.40 3.7 4.6 30.7334 28.7717 0.3980 0.0071 0.038932 0.003892 11.66 490 720 0.03 -99.00 0.0000 0.0000
0.326 4 -0.151040 -0.031167 -10.455327 0.144958 -0.816345 -0.274658 31.40 31.40 3.7 3.9 30.7334 30.0504 0.3992 0.0071 0.038932 0.004202 11.66 490 710 0.03 -99.00 0.0000 0.0000
0.327 4 -0.112681 0.026372 -10.253941 0.022888 -0.991821 -0.061035 31.40 31.40 3.7 3.6 30.7334 30.7334 0.4000 0.0072 0.038932 0.004355 11.58 510 730 0.03 -99.00 0.0000 0.0000
0.328 4 -0.117476 0.011987 -10.397788 -0.236511 -1.014709 0.183105 31.40 31.40 3.7 3.2 30.7334 31.4481 0.4008 0.0072 0.038932 0.004472 11.58 490 710 0.03 -99.00 0.0000 0.0000
0.329 4 0.040757 -0.172617 -10.261132 -0.320435 -0.778198 0.106812 31.40 31.40 3.7 3.2 30.7334 31.4481 0.4016 0.0072 0.038932 0.004441 11.58 490 710 0.03 -99.00 0.0000 0.0000
0.330 4 0.321260 -0.287695 -10.273120 0.106812 -0.778198 -0.053406 31.40 31.40 3.7 3.2 30.7334 31.4481 0.4028 0.0073 0.038932 0.003990 11.58 490 720 0.03 -99.00 0.0000 0.0000
0.331 4 0.278105 -0.484287 -10.203593 0.328064 -0.808716 -0.152588 31.40 31.40 3.7 3.2 30.7334 31.4481 0.4036 0.0073 0.038932 0.003318 11.58 490 720 0.03 -99.00 0.0000 0.0000
0.332 4 0.009590 -0.525044 -10.289902 0.343323 -0.953674 -0.282288 31.40 31.40 3.8 3.2 30.7334 31.4481 0.4044 0.0073 0.038932 0.002958 11.68 510 730 0.03 -99.00 0.0000 0.0000
0.333 4 -0.107886 -0.426748 -10.388198 0.457764 -1.022339 -0.228882 31.40 31.40 3.8 3.6 30.7334 30.7334 0.4052 0.0074 0.038932 0.002976 11.68 490 710 0.03 -99.00 0.0000 0.0000
0.334 4 0.079116 -0.407568 -10.337852 0.534058 -0.900269 -0.137329 31.40 31.40 3.4 3.2 31.4481 31.4481 0.4064 0.0074 0.038932 0.002928 11.68 490 700 0.03 -99.00 0.0000 0.0000
0.335 4 0.330850 -0.347632 -10.340249 0.862122 -1.327515 0.045776 31.40 31.40 3.4 3.2 31.4481 31.4481 0.4072 0.0075 0.038932 0.002458 11.68 490 710 0.03 -99.00 0.0000 0.0000
0.336 4 0.218169 -0.246938 -10.277915 0.823975 -1.106262 0.267029 31.40 31.40 3.4 2.8 31.4481 32.1969 0.4080 0.0075 0.038932 0.001862 11.68 490 720 0.03 -99.00 0.0000 0.0000
0.337 4 -0.031167 -0.187002 -10.309082 0.648499 -1.060486 0.228882 31.40 31.40 3.4 2.8 31.4481 32.1969 0.4092 0.0075 0.038932 0.001626 11.74 510 730 0.03 -99.00 0.0000 0.0000
0.338 4 -0.107886 -0.206182 -10.241953 0.640869 -0.854492 -0.045776 31.40 31.40 3.0 3.2 32.1969 31.4481 0.4100 0.0076 0.038932 0.001711 11.74 490 710 0.03 -99.00 0.0000 0.0000
0.339 4 -0.009590 -0.210977 -10.213183 0.991821 -1.358032 -0.114441 31.40 31.40 3.0 2.8 32.1969 32.1969 0.4108 0.0076 0.038932 0.001772 11.74 490 700 0.03 -99.00 0.0000 0.0000
0.340 4 0.141450 -0.021577 -10.275517 1.144409 -1.350403 0.068665 31.40 31.40 3.0 3.2 32.1969 31.4481 0.4117 0.0076 0.038932 0.001586 11.74 490 720 0.03 -99.00 0.0000 0.0000
0.341 4 -0.088706 0.091104 -10.234760 1.289368 -1.243591 0.473022 31.40 31.40 2.5 2.7 32.9822 32.1969 0.4127 0.0077 0.036337 0.001482 11.74 490 710 0.03 -99.00 0.0000 0.0000
0.342 4 -0.122271 0.258926 -10.304287 1.113892 -1.434326 0.709534 31.40 31.40 2.5 2.7 32.9822 32.1969 0.4137 0.0077 0.038932 0.001633 11.69 510 730 0.03 -99.00 0.0000 0.0000
0.343 4 0.033564 0.347632 -10.229965 0.694275 -1.007080 0.778198 31.40 31.40 3.3 3.1 31.4481 31.4481 0.4145 0.0077 0.038932 0.001664 11.69 490 710 0.03 -99.00 0.0000 0.0000
0.344 4 0.059937 0.292490 -10.294697 0.671387 -1.182556 1.007080 31.40 31.40 3.3 3.1 31.4481 31.4481 0.4153 0.0078 0.038932 0.001522 11.69 490 710 0.03 -99.00 0.0000 0.0000
0.345 4 -0.021577 0.210977 -10.385800 0.564575 -1.243591 1.052856 31.40 31.40 3.7 3.9 30.7334 30.0504 0.4163 0.0078 0.036337 0.001434 11.69 490 710 0.03 -99.00 0.0000 0.0000
0.346 4 -0.184604 0.095898 -10.256337 0.724792 -1.098633 0.999451 31.40 31.40 3.3 4.6 31.4481 28.7717 0.4173 0.0078 0.038932 0.001584 11.69 490 720 0.03 -99.00 0.0000 0.0000
0.347 4 -0.002397 0.064731 -10.400186 0.724792 -1.243591 1.022339 31.40 31.40 3.3 4.3 31.4481 29.3972 0.4181 0.0079 0.038932 0.001713 11.52 510 730 0.03 -99.00 0.0000 0.0000
0.348 4 0.107886 -0.057539 -10.412172 0.762939 -1.457214 1.121521 31.40 31.40 3.3 3.6 31.4481 30.7334 0.4189 0.0079 0.038932 0.001556 11.52 490 710 0.03 -99.00 0.0000 0.0000
0.349 4 0.143848 -0.194194 -10.464916 0.953674 -1.586914 1.136780 31.40 31.40 3.7 3.6 30.7334 30.7334 0.4199 0.0079 0.036337 0.001260 11.52 490 720 0.03 -99.00 0.0000 0.0000
0.350 4 0.067129 -0.273311 -10.508071 1.060486 -1.304626 0.892639 31.40 31.40 3.3 3.2 31.4481 31.4481 0.4209 0.0080 0.038932 0.001011 11.52 490 710 0.03 -99.00 0.0000 0.0000
0.351 4 -0.050347 -0.203784 -10.484097 1.174927 -1.335144 0.617981 31.40 31.40 3.3 2.8 31.4481 32.1969 0.4217 0.0080 0.038932 0.000952 11.52 490 710 0.03 -99.00 0.0000 0.0000
0.352 4 -0.110283 0.052744 -10.539238 1.419067 -1.853943 0.778198 31.40 31.40 3.3 3.2 31.4481 31.4481 0.4225 0.0080 0.038932 0.001057 11.72 510 730 0.03 -99.00 0.0000 0.0000
0.353 4 -0.004795 0.201387 -10.440942 1.083374 -1.472473 0.999451 31.40 31.40 3.3 2.8 31.4481 32.1969 0.4233 0.0081 0.038932 0.001115 11.72 490 710 0.03 -99.00 0.0000 0.0000
0.354 4 -0.081514 0.023975 -10.412172 0.419617 -1.426697 1.068115 31.40 31.40 3.3 3.2 31.4481 31.4481 0.4245 0.0081 0.038932 0.001150 11.72 490 710 0.03 -99.00 0.0000 0.0000
0.355 4 -0.155835 -0.561006 -10.328261 0.320435 -1.266479 1.068115 31.40 31.40 3.3 3.2 31.4481 31.4481 0.4253 0.0082 0.038932 0.001331 11.72 490 710 0.03 -99.00 0.0000 0.0000
0.356 4 -0.103091 -1.299424 -10.059746 1.136780 -1.724243 0.610352 31.40 31.40 3.3 3.6 31.4481 30.7334 0.4261 0.0082 0.038932 0.001530 11.72 490 710 0.03 -99.00 0.0000 0.0000
0.357 4 -0.007192 -1.318604 -10.119682 1.861572 -1.708984 0.114441 31.40 31.40 3.3 3.2 31.4481 31.4481 0.4271 0.0082 0.041528 0.001578 11.69 510 740 0.03 -99.00 0.0000 0.0000
0.358 4 -0.206182 -0.795957 -9.915898 1.792908 -1.327515 0.122070 31.40 31.40 3.7 2.8 30.7334 32.1969 0.4281 0.0083 0.038932 0.001733 11.69 490 720 0.03 -99.00 0.0000 0.0000
0.359 4 -0.203784 -0.218169 -10.100503 1.579285 -1.327515 0.457764 31.40 31.40 3.3 2.8 31.4481 32.1969 0.4289 0.0083 0.038932 0.002082 11.69 490 720 0.03 -99.00 0.0000 0.0000
0.360 4 -0.095898 0.218169 -10.129272 1.037598 -1.091003 0.778198 31.40 31.40 3.3 2.8 31.4481 32.1969 0.4297 0.0083 0.038932 0.002313 11.69 490 710 0.03 -99.00 0.0000 0.0000
0.361 4 -0.076719 0.465107 -10.170029 0.587463 -1.411438 1.007080 31.40 31.40 3.3 4.3 31.4481 29.3972 0.4307 0.0084 0.041528 0.002414 11.69 490 720 0.03 -99.00 0.0000 0.0000
0.362 4 -0.170220 0.227759 -10.366621 0.404358 -1.319885 1.113892 31.40 31.40 2.9 2.8 32.1969 32.1969 0.4317 0.0084 0.038932 0.002580 11.63 510 740 0.03 -99.00 0.0000 0.0000
0.363 4 -0.222964 -0.184604 -10.304287 0.488281 -1.235962 1.007080 31.40 31.40 2.9 2.8 32.1969 32.1969 0.4326 0.0084 0.038932 0.002883 11.63 490 720 0.03 -99.00 0.0000 0.0000
0.364 4 -0.004795 -0.489082 -10.596777 0.907898 -1.129150 0.602722 31.40 31.40 2.9 2.8 32.1969 32.1969 0.4334 0.0085 0.038932 0.003025 11.63 490 710 0.03 -99.00 0.0000 0.0000
0.365 4 -0.062334 -0.551416 -10.455327 1.106262 -1.060486 0.228882 31.40 31.40 3.3 2.8 31.4481 32.1969 0.4344 0.0085 0.041528 0.003009 11.63 490 710 0.03 -99.00 0.0000 0.0000
0.366 4 -0.091104 -0.194194 -10.421762 1.213074 -1.213074 0.244141 31.40 31.40 3.7 3.2 30.7334 31.4481 0.4352 0.0085 0.041528 0.003076 11.63 490 710 0.03 -99.00 0.0000 0.0000
0.367 4 -0.095898 0.208579 -10.481699 1.060486 -1.228333 0.686646 31.40 31.40 2.9 2.8 32.1969 32.1969 0.4362 0.0086 0.038932 0.003171 11.68 510 730 0.03 -99.00 0.0000 0.0000
0.368 4 -0.141450 0.426748 -10.385800 0.625610 -1.197815 1.167297 31.40 31.40 3.3 3.9 31.4481 30.0504 0.4370 0.0086 0.038932 0.003312 11.68 490 710 0.03 -99.00 0.0000 0.0000
0.369 4 0.009590 0.395581 -10.383403 0.167847 -1.159668 1.197815 31.40 31.40 3.3 3.6 31.4481 30.7334 0.4380 0.0087 0.041528 0.003352 11.68 490 720 0.03 -99.00 0.0000 0.0000
0.370 4 0.146245 0.143848 -10.280313 0.053406 -0.953674 0.846863 31.40 31.40 3.3 3.9 31.4481 30.0504 0.4388 0.0087 0.041528 0.003118 11.68 490 720 0.03 -99.00 0.0000 0.0000
0.371 4 0.105488 -0.225361 -10.285107 0.274658 -1.075745 0.434875 31.40 31.40 3.3 3.6 31.4481 30.7334 0.4398 0.0087 0.038932 0.002796 11.68 490 710 0.03 -99.00 0.0000 0.0000
0.372 4 0.045552 -0.553813 -10.299492 0.679016 -1.052856 0.083923 31.40 31.40 3.3 3.2 31.4481 31.4481 0.4406 0.0088 0.038932 0.002577 11.66 510 730 0.03 -99.00 0.0000 0.0000
0.373 4 -0.035962 -0.697661 -10.294697 1.129150 -0.946045 -0.305176 31.40 31.40 3.3 3.2 31.4481 31.4481 0.4414 0.0088 0.038932 -0.000000 11.66 490 710 0.03 -99.00 0.0000 0.0000
0.374 4 0.148643 -0.477095 -10.217978 1.083374 -1.152039 -0.205994 31.40 31.40 3.7 2.8 30.7334 32.1969 0.4424 0.0088 0.041528 0.002322 11.66 490 720 0.03 -99.00 0.0000 0.0000
0.375 4 0.122271 -0.206182 -10.174824 0.663757 -1.220703 0.572205 31.40 31.40 3.7 3.2 30.7334 31.4481 0.4432 0.0089 0.041528 0.001993 11.66 490 710 0.03 -99.00 0.0000 0.0000
0.376 4 -0.023975 -0.112681 -10.292299 0.434875 -1.419067 1.312256 31.40 31.40 3.7 3.2 30.7334 31.4481 0.4442 0.0089 0.038932 0.001834 11.66 490 720 0.03 -99.00 0.0000 0.0000
0.377 4 0.107886 -0.196592 -10.268325 0.213623 -1.213074 1.426697 31.40 31.40 3.7 3.6 30.7334 30.7334 0.4450 0.0089 0.038932 0.001694 11.68 510 730 0.03 -99.00 0.0000 0.0000
0.378 4 0.184604 -0.450723 -10.229965 0.289917 -1.152039 0.740051 31.40 31.40 3.7 3.2 30.7334 31.4481 0.4460 0.0090 0.041528 0.001358 11.68 490 720 0.03 -99.00 0.0000 0.0000
0.379 4 0.258926 -0.678481 -10.146054 0.480652 -1.129150 -0.366211 31.40 31.40 3.7 3.6 30.7334 30.7334 0.4468 0.0090 0.041528 0.000880 11.68 490 720 0.03 -99.00 0.0000 0.0000
0.380 4 -0.052744 -0.664097 -10.045361 0.968933 -0.961304 -1.106262 31.40 31.40 3.7 3.2 30.7334 31.4481 0.4476 0.0090 0.041528 0.000644 11.68 490 710 0.03 -99.00 0.0000 0.0000
0.381 4 -0.081514 -0.491479 -10.143657 1.159668 -0.831604 -1.052856 31.40 31.40 3.3 3.2 31.4481 31.4481 0.4488 0.0091 0.041528 0.000747 11.68 490 710 0.03 -99.00 0.0000 0.0000
0.382 4 0.043154 -0.151040 -10.155644 0.907898 -0.892639 -0.595093 31.40 31.40 3.3 3.2 31.4481 31.4481 0.4496 0.0091 0.041528 0.000755 11.68 510 730 0.03 -99.00 0.0000 0.0000
0.383 4 0.091104 0.071924 -10.117285 0.610352 -0.991821 0.221252 31.40 31.40 3.3 2.8 31.4481 32.1969 0.4504 0.0092 0.041528 0.000592 11.68 490 710 0.03 -99.00 0.0000 0.0000
0.384 4 -0.023975 0.076719 -10.172426 0.518799 -0.984192 1.052856 31.40 31.40 2.9 2.8 32.1969 32.1969 0.4512 0.0092 0.041528 0.000498 11.68 490 710 0.03 -99.00 0.0000 0.0000
0.385 4 -0.191797 -0.026372 -10.294697 0.335693 -0.823975 1.327515 31.40 31.40 2.9 2.8 32.1969 32.1969 0.4525 0.0092 0.041528 0.000680 11.68 490 710 0.03 -99.00 0.0000 0.0000
0.386 4 -0.242144 -0.218169 -10.340249 0.320435 -0.862122 0.976562 31.40 31.40 3.3 2.8 31.4481 32.1969 0.4533 0.0093 0.041528 0.001068 11.68 490 720 0.03 -99.00 0.0000 0.0000
0.387 4 -0.112681 -0.234951 -10.297094 0.350952 -0.877380 0.450134 31.40 31.40 2.9 3.2 32.1969 31.4481 0.4541 0.0093 0.041528 0.001372 11.77 510 730 0.03 -99.00 0.0000 0.0000
0.388 4 -0.100693 -0.146245 -10.297094 0.625610 -0.686646 -0.022888 31.40 31.40 3.3 2.8 31.4481 32.1969 0.4549 0.0093 0.041528 0.001537 11.77 490 710 0.03 -99.00 0.0000 0.0000
0.389 4 -0.237349 0.103091 -10.318671 0.579834 -0.648499 -0.152588 31.40 31.40 2.9 3.9 32.1969 30.0504 0.4561 0.0094 0.041528 0.001819 11.77 490 720 0.03 -99.00 0.0000 0.0000
0.390 4 -0.314067 0.196592 -10.347441 0.343323 -0.610352 -0.129700 31.40 31.40 3.3 3.6 31.4481 30.7334 0.4569 0.0094 0.041528 0.002300 11.77 490 720 0.03 -99.00 0.0000 0.0000
0.391 4 -0.251733 0.158232 -10.352236 0.228882 -0.686646 0.358582 31.40 31.40 3.7 3.6 30.7334 30.7334 0.4577 0.0095 0.041528 0.002785 11.77 490 710 0.03 -99.00 0.0000 0.0000
0.392 4 -0.021577 0.009590 -10.376210 -0.030518 -0.900269 0.762939 31.40 31.40 3.3 3.2 31.4481 31.4481 0.4585 0.0095 0.041528 0.002977 11.66 510 730 0.03 -99.00 0.0000 0.0000
0.393 4 0.064731 -0.215771 -10.395391 0.083923 -0.877380 0.961304 31.40 31.40 3.3 4.0 31.4481 30.0504 0.4595 0.0095 0.044123 0.002862 11.66 490 720 0.03 -99.00 0.0000 0.0000
0.394 4 -0.019180 -0.357222 -10.445737 0.213623 -0.572205 0.785828 31.40 31.40 3.3 3.6 31.4481 30.7334 0.4605 0.0096 0.041528 0.002749 11.66 490 710 0.03 -99.00 0.0000 0.0000
0.395 4 0.035962 -0.438735 -10.354633 0.427246 -0.648499 0.312805 31.40 31.40 3.3 3.2 31.4481 31.4481 0.4613 0.0096 0.041528 0.002668 11.66 490 700 0.03 -99.00 0.0000 0.0000
0.396 4 0.098296 -0.450723 -10.225170 0.595093 -0.724792 -0.061035 31.40 31.40 3.3 3.2 31.4481 31.4481 0.4621 0.0096 0.041528 0.002474 11.66 490 710 0.03 -99.00 0.0000 0.0000
0.397 4 0.160630 -0.376401 -10.191607 0.595093 -0.877380 -0.160217 31.40 31.40 3.3 2.8 31.4481 32.1969 0.4631 0.0097 0.044123 0.002160 11.72 510 750 0.03 -99.00 0.0000 0.0000
0.398 4 0.170220 -0.318862 -10.253941 0.488281 -0.892639 -0.114441 31.40 31.40 3.3 3.2 31.4481 31.4481 0.4639 0.0097 0.044123 0.001781 11.72 490 720 0.03 -99.00 0.0000 0.0000
0.399 4 0.143848 -0.335645 -10.186811 0.312805 -0.778198 0.228882 31.40 31.40 3.3 3.2 31.4481 31.4481 0.4649 0.0098 0.041528 0.001427 11.72 490 720 0.03 -99.00 0.0000 0.0000
0.400 4 0.179810 -0.364414 -10.042964 0.343323 -0.587463 0.534058 31.40 31.40 3.3 2.8 31.4481 32.1969 0.4657 0.0098 0.041528 0.001070 11.72 490 720 0.03 -99.00 0.0000 0.0000
0.401 4 0.244541 -0.448325 -10.059746 0.679016 -0.770569 0.572205 31.40 31.40 3.3 2.8 31.4481 32.1969 0.4667 0.0098 0.044123 0.000619 11.72 490 720 0.03 -99.00 0.0000 0.0000
0.402 4 0.124668 -0.460312 -10.093310 0.709534 -0.724792 0.610352 31.40 31.40 3.7 3.2 30.7334 31.4481 0.4675 0.0099 0.044123 0.000231 11.68 510 730 0.03 -99.00 0.0000 0.0000
0.403 4 -0.040757 -0.340439 -9.999809 0.900269 -0.816345 0.549316 31.40 31.40 4.1 3.2 30.0504 31.4481 0.4685 0.0099 0.041528 0.000131 11.68 490 720 0.03 -99.00 0.0000 0.0000
0.404 4 0.040757 -0.067129 -10.016591 0.656128 -0.289917 0.427246 31.40 31.40 3.7 3.6 30.7334 30.7334 0.4693 0.0100 0.041528 0.000119 11.68 490 710 0.03 -99.00 0.0000 0.0000
0.405 4 0.110283 0.122271 -10.225170 0.350952 -0.228882 0.717163 31.40 31.40 3.3 3.2 31.4481 31.4481 0.4703 0.0100 0.044123 -0.000035 11.68 490 710 0.03 -99.00 0.0000 0.0000
0.406 4 0.112681 -0.031167 -10.146054 0.167847 -0.282288 0.907898 31.40 31.40 2.9 3.2 32.1969 31.4481 0.4711 0.0100 0.044123 -0.000255 11.68 490 710 0.03 -99.00 0.0000 0.0000
0.407 4 0.088706 -0.131860 -10.170029 0.236511 -0.511169 1.022339 31.40 31.40 2.9 3.2 32.1969 31.4481 0.4721 0.0101 0.041528 -0.000453 11.66 510 740 0.03 -99.00 0.0000 0.0000
0.408 4 -0.011987 -0.146245 -10.251543 0.404358 -0.480652 0.915527 31.40 31.40 3.3 3.2 31.4481 31.4481 0.4730 0.0101 0.041528 -0.000528 11.66 490 710 0.03 -99.00 0.0000 0.0000
0.409 4 -0.189399 -0.213374 -10.179619 0.335693 -0.183105 0.617981 31.40 31.40 3.3 2.8 31.4481 32.1969 0.4740 0.0102 0.044123 -0.000327 11.66 490 720 0.03 -99.00 0.0000 0.0000
0.410 4 0.115078 0.057539 -10.261132 0.419617 -0.450134 0.869751 31.40 31.40 3.7 4.3 30.7334 29.3972 0.4748 0.0102 0.044123 -0.000253 11.66 490 710 0.03 -99.00 0.0000 0.0000
0.411 4 -0.002397 0.244541 -10.112490 0.175476 -0.358582 1.502991 31.40 31.40 3.3 4.0 31.4481 30.0504 0.4756 0.0102 0.044123 -0.000364 11.66 490 710 0.03 -99.00 0.0000 0.0000
0.412 4 -0.153437 0.177412 -10.174824 -0.038147 -0.579834 2.166748 31.40 31.40 3.7 3.6 30.7334 30.7334 0.4766 0.0103 0.041528 -0.000213 11.61 510 740 0.03 -99.00 0.0000 0.0000
0.413 4 -0.047949 0.031167 -10.261132 -0.366211 -0.099182 2.067566 31.40 31.40 3.3 3.2 31.4481 31.4481 0.4776 0.0103 0.044123 -0.000019 11.61 490 710 0.03 -99.00 0.0000 0.0000
0.414 4 0.187002 -0.268516 -10.136464 -0.289917 -0.160217 1.609802 31.40 31.40 3.3 3.2 31.4481 31.4481 0.4784 0.0103 0.044123 -0.000157 11.61 490 710 0.03 -99.00 0.0000 0.0000
0.415 4 0.187002 -0.414761 -10.323466 0.167847 -0.228882 1.182556 31.40 31.40 3.3 3.2 31.4481 31.4481 0.4792 0.0104 0.044123 -0.000519 11.61 490 720 0.03 -99.00 0.0000 0.0000
0.416 4 -0.081514 -0.412363 -10.265927 0.373840 -0.144958 0.724792 31.40 31.40 3.3 3.2 31.4481 31.4481 0.4800 0.0104 0.044123 -0.000613 11.61 490 710 0.03 -99.00 0.0000 0.0000
0.417 4 -0.239746 -0.357222 -10.289902 0.457764 -0.335693 0.701904 31.40 31.40 3.3 3.2 31.4481 31.4481 0.4812 0.0105 0.044123 -0.000296 11.68 510 740 0.03 -99.00 0.0000 0.0000
0.418 4 -0.076719 -0.239746 -10.153247 0.183105 -0.373840 1.152039 31.40 31.40 3.3 3.6 31.4481 30.7334 0.4820 0.0105 0.044123 0.000009 11.68 490 700 0.03 -99.00 0.0000 0.0000
0.419 4 0.203784 -0.170220 -10.174824 -0.099182 -0.541687 1.678467 31.40 31.40 3.3 3.6 31.4481 30.7334 0.4828 0.0105 0.044123 -0.000122 11.68 490 720 0.03 -99.00 0.0000 0.0000
0.420 4 0.100693 -0.395581 -10.289902 -0.022888 -0.442505 1.983643 31.40 31.40 3.3 3.6 31.4481 30.7334 0.4836 0.0106 0.044123 -0.000423 11.68 490 710 0.03 -99.00 0.0000 0.0000
0.421 4 -0.074321 -0.596968 -10.045361 0.328064 -0.053406 1.953125 31.40 31.40 3.3 2.9 31.4481 32.1969 0.4848 0.0106 0.044123 -0.000443 11.68 490 710 0.03 -99.00 0.0000 0.0000
0.422 4 0.026372 -0.350029 -9.961450 0.740051 -0.411987 1.869202 31.40 31.40 3.3 2.9 31.4481 32.1969 0.4856 0.0107 0.044123 -0.000391 11.72 510 730 0.03 -99.00 0.0000 0.0000
0.423 4 0.081514 -0.129463 -10.179619 0.381470 -0.328064 1.525879 31.40 31.40 3.3 2.8 31.4481 32.1969 0.4864 0.0107 0.044123 -0.000495 11.72 490 710 0.03 -99.00 0.0000 0.0000
0.424 4 -0.110283 -0.249336 -9.939873 0.061035 -0.251770 1.289368 31.40 31.40 3.3 3.2 31.4481 31.4481 0.4874 0.0107 0.046719 -0.000460 11.72 490 710 0.03 -99.00 0.0000 0.0000
0.425 4 0.057539 -0.309272 -10.136464 0.068665 -0.129700 1.525879 31.40 31.40 3.3 3.2 31.4481 31.4481 0.4882 0.0108 0.046719 -0.000400 11.72 490 710 0.03 -99.00 0.0000 0.0000
0.426 4 0.074321 -0.227759 -9.956655 0.068665 0.099182 2.090454 31.40 31.40 3.3 2.8 31.4481 32.1969 0.4892 0.0108 0.044123 -0.000523 11.72 490 710 0.03 -99.00 0.0000 0.0000
0.427 4 -0.007192 -0.146245 -10.054951 0.244141 -0.328064 2.502441 31.40 31.40 3.3 2.8 31.4481 32.1969 0.4900 0.0109 0.044123 -0.000581 11.72 510 730 0.03 -99.00 0.0000 0.0000
0.428 4 -0.129463 -0.103091 -10.150849 0.297546 0.152588 2.830505 31.40 31.40 2.9 2.8 32.1969 32.1969 0.4910 0.0109 0.046719 -0.000438 11.72 490 710 0.03 -99.00 0.0000 0.0000
0.429 4 -0.067129 0.105488 -10.064541 0.213623 0.221252 3.158569 31.40 31.40 2.9 2.8 32.1969 32.1969 0.4918 0.0110 0.046719 -0.000234 11.72 490 710 0.03 -99.00 0.0000 0.0000
0.430 4 0.146245 0.282900 -10.287504 0.007629 0.167847 3.372192 31.40 31.40 3.7 3.2 30.7334 31.4481 0.4928 0.0110 0.044123 -0.000301 11.72 490 720 0.03 -99.00 0.0000 0.0000
0.431 4 0.040757 0.244541 -10.117285 -0.419617 0.099182 3.585815 31.40 31.40 3.7 3.2 30.7334 31.4481 0.4936 0.0110 0.044123 -0.000473 11.72 490 710 0.03 -99.00 0.0000 0.0000
0.432 4 -0.071924 0.203784 -10.304287 -0.427246 -0.038147 3.471375 31.40 31.40 3.3 3.9 31.4481 30.0504 0.4947 0.0111 0.046719 -0.000434 11.66 510 730 0.03 -99.00 0.0000 0.0000
0.433 4 -0.095898 0.021577 -10.325864 -0.465393 0.114441 3.234863 31.40 31.40 3.3 3.6 31.4481 30.7334 0.4955 0.0111 0.046719 -0.000263 11.66 490 710 0.03 -99.00 0.0000 0.0000
0.434 4 0.043154 -0.222964 -10.321069 -0.274658 0.068665 3.166199 31.40 31.40 3.3 3.6 31.4481 30.7334 0.4963 0.0112 0.046719 -0.000206 11.66 490 710 0.03 -99.00 0.0000 0.0000
0.435 4 0.309272 -0.218169 -10.369019 -0.091553 -0.045776 3.280640 31.40 31.40 3.3 3.2 31.4481 31.4481 0.4973 0.0112 0.044123 -0.000538 11.66 490 720 0.03 -99.00 0.0000 0.0000
0.436 4 0.167822 -0.254131 -10.289902 -0.061035 -0.144958 3.402710 31.40 31.40 3.3 3.2 31.4481 31.4481 0.4983 0.0112 0.046719 -0.000986 11.66 490 720 0.03 -99.00 0.0000 0.0000
0.437 4 0.069526 -0.213374 -10.301889 -0.167847 -0.221252 3.395081 31.40 31.40 3.3 3.6 31.4481 30.7334 0.4991 0.0113 0.046719 -0.001198 11.69 510 730 0.03 -99.00 0.0000 0.0000
0.438 4 0.000000 -0.203784 -10.239555 -0.122070 0.022888 3.585815 31.40 31.40 3.3 2.8 31.4481 32.1969 0.4999 0.0113 0.046719 -0.001243 11.69 490 690 0.03 -99.00 0.0000 0.0000
0.439 4 0.143848 -0.206182 -10.213183 -0.274658 -0.099182 3.746033 31.40 31.40 3.3 3.2 31.4481 31.4481 0.5007 0.0114 0.046719 -0.001358 11.69 490 720 0.03 -99.00 0.0000 0.0000
0.440 4 0.088706 -0.280503 -10.160439 -0.251770 -0.175476 3.898621 31.40 31.40 3.3 3.6 31.4481 30.7334 0.5019 0.0114 0.046719 -0.001560 11.69 490 710 0.03 -99.00 0.0000 0.0000
0.441 4 -0.110283 -0.381196 -10.040566 -0.091553 -0.335693 3.997803 31.40 31.40 3.3 3.6 31.4481 30.7334 0.5027 0.0115 0.046719 -0.001511 11.69 490 710 0.03 -99.00 0.0000 0.0000
0.442 4 0.175015 -0.352427 -10.256337 0.045776 0.045776 3.913879 31.40 31.40 3.3 2.8 31.4481 32.1969 0.5035 0.0115 0.046719 -0.001544 11.64 510 750 0.03 -99.00 0.0000 0.0000
0.443 4 0.254131 -0.460312 -10.066938 0.106812 0.335693 3.746033 31.40 31.40 3.3 3.2 31.4481 31.4481 0.5043 0.0115 0.046719 -0.001929 11.64 490 720 0.03 -99.00 0.0000 0.0000
0.444 4 0.139053 -0.421953 -10.045361 0.129700 0.053406 3.623962 31.40 31.40 4.1 2.8 30.0504 32.1969 0.5055 0.0116 0.046719 -0.002274 11.64 490 720 0.03 -99.00 0.0000 0.0000
0.445 4 -0.129463 -0.369209 -9.980630 0.068665 0.061035 3.433228 31.40 31.40 3.7 2.8 30.7334 32.1969 0.5063 0.0116 0.046719 -0.002237 11.64 490 710 0.03 -99.00 0.0000 0.0000
0.446 4 -0.052744 -0.335645 -10.078925 0.045776 0.137329 3.425598 31.40 31.40 3.3 2.8 31.4481 32.1969 0.5071 0.0117 0.046719 -0.002010 11.64 490 710 0.03 -99.00 0.0000 0.0000
0.447 4 0.198989 -0.124668 -10.167631 0.190735 0.267029 3.753662 31.40 31.40 3.3 2.8 31.4481 32.1969 0.5079 0.0117 0.046719 -0.002109 11.64 510 740 0.03 -99.00 0.0000 0.0000
0.448 4 0.136655 -0.021577 -10.062143 0.205994 0.251770 3.997803 31.40 31.40 3.3 3.2 31.4481 31.4481 0.5089 0.0117 0.049314 -0.002391 11.64 490 720 0.03 -99.00 0.0000 0.0000
0.449 4 -0.071924 0.004795 -10.158042 -0.076294 0.083923 4.096985 31.40 31.40 2.9 3.2 32.1969 31.4481 0.5099 0.0118 0.046719 -0.002405 11.64 490 710 0.03 -99.00 0.0000 0.0000
0.450 4 -0.268516 0.105488 -10.143657 -0.274658 0.198364 4.196167 31.40 31.40 2.9 3.2 32.1969 31.4481 0.5107 0.0118 0.046719 -0.002023 11.64 490 720 0.03 -99.00 0.0000 0.0000
0.451 4 -0.225361 0.117476 -10.158042 -0.221252 0.335693 4.005432 31.40 31.40 3.3 3.6 31.4481 30.7334 0.5115 0.0119 0.046719 -0.001497 11.64 490 720 0.03 -99.00 0.0000 0.0000
0.452 4 -0.103091 0.095898 -10.198798 -0.053406 0.282288 3.669739 31.40 31.40 3.3 2.8 31.4481 32.1969 0.5125 0.0119 0.049314 -0.001142 11.68 510 740 0.03 -99.00 0.0000 0.0000
0.453 4 -0.230156 -0.083911 -10.301889 0.007629 0.457764 3.181458 31.40 31.40 4.4 3.9 29.3972 30.0504 0.5135 0.0120 0.046719 -0.000792 11.68 490 720 0.03 -99.00 0.0000 0.0000
0.454 4 -0.112681 0.023975 -10.318671 -0.259399 0.205994 3.440857 31.40 31.40 3.3 3.6 31.4481 30.7334 0.5143 0.0120 0.046719 -0.000441 11.68 490 710 0.03 -99.00 0.0000 0.0000
0.455 4 -0.170220 0.069526 -10.311480 -0.335693 0.251770 4.272461 31.40 31.40 3.3 3.2 31.4481 31.4481 0.5151 0.0120 0.046719 -0.000157 11.68 490 720 0.03 -99.00 0.0000 0.0000
0.456 4 -0.280503 -0.124668 -10.445737 -0.457764 0.175476 4.699707 31.40 31.40 3.3 3.2 31.4481 31.4481 0.5162 0.0121 0.049314 0.000279 11.68 490 730 0.03 -99.00 0.0000 0.0000
0.457 4 0.057539 -0.234951 -10.383403 -0.373840 0.114441 4.699707 31.40 31.40 3.3 3.2 31.4481 31.4481 0.5172 0.0121 0.046719 0.000487 11.71 510 730 0.03 -99.00 0.0000 0.0000
0.458 4 0.311670 -0.371606 -10.292299 -0.175476 0.076294 3.883362 31.40 31.40 3.3 3.6 31.4481 30.7334 0.5180 0.0122 0.046719 0.000125 11.71 490 720 0.03 -99.00 0.0000 0.0000
